       90.9000       0.00000
       93.5000       0.00000
       96.1000       0.00000
       97.7000       0.00000
       99.6000       0.00000
       102.000       0.00000
       103.800       0.00000
       105.600       0.00000
       107.700       0.00000
       110.400       0.00000
       114.000       0.00000
       117.800       0.00000
       121.300       0.00000
       124.800       0.00000
       127.100       0.00000
       128.400       0.00000
       130.500       0.00000
       132.400       0.00000
       133.900       0.00000
       136.600       0.00000
       139.800       0.00000
       143.300       0.00000
       147.200       0.00000
       151.000       0.00000
       155.200       0.00000
       158.800       0.00000
       162.000       0.00000
       166.000       0.00000
       170.300       0.00000
       173.400       0.00000
       176.800       0.00000
       180.200       0.00000
       181.700       0.00000
       186.100       0.00000
       191.000       0.00000
       193.900       0.00000
       198.400       0.00000
       201.800       0.00000
       205.000       0.00000
       210.500       0.00000
       216.200       0.00000
       219.800       0.00000
       223.000       0.00000
       226.800       0.00000
       230.000       0.00000
       234.000       0.00000
       240.000       0.00000
       246.500       0.00000
       252.400       0.00000
       256.800       0.00000
       260.000       0.00000
       264.000       0.00000
       268.500       0.00000
       273.500       0.00000
       278.500       0.00000
       284.000       0.00000
       290.000       0.00000
       296.000       0.00000
       301.000       0.00000
       308.000       0.00000
       318.000       0.00000
       328.000       0.00000
       338.000       0.00000
       348.000       0.00000
       357.000       0.00000
       366.000       0.00000
       375.000       0.00000
       385.000       0.00000
       395.000       0.00000
       405.000       0.00000
       414.000       0.00000
       422.000       0.00000
       430.000       0.00000
       441.000       0.00000
       451.000       0.00000
       460.000       0.00000
       470.000       0.00000
       480.000       0.00000
       490.000       0.00000
       500.000       0.00000
       506.000       0.00000
       512.000       0.00000
       520.000       0.00000
       530.000       0.00000
       540.000       0.00000
       550.000       0.00000
       560.000       0.00000
       570.000       0.00000
       580.000       0.00000
       590.000       0.00000
       600.000       0.00000
       610.000       0.00000
       620.000       0.00000
       630.000       0.00000
       640.000       0.00000
       650.000       0.00000
       658.000       0.00000
       665.000       0.00000
       675.000       0.00000
       685.000       0.00000
       695.000       0.00000
       705.000       0.00000
       716.000       0.00000
       726.000       0.00000
       735.000       0.00000
       745.000       0.00000
       755.000       0.00000
       765.000       0.00000
       775.000       0.00000
       785.000       0.00000
       795.000       0.00000
       805.000       0.00000
       815.000       0.00000
       825.000       0.00000
       835.000       0.00000
       845.000       0.00000
       855.000       0.00000
       865.000       0.00000
       875.000       0.00000
       885.000       0.00000
       895.000       0.00000
       905.000       0.00000
       915.000       0.00000
       925.000   2.05461e-14
       935.000   2.73938e-14
       945.000   5.19519e-14
       955.000   7.43981e-14
       965.000   1.72696e-13
       975.000   2.79311e-13
       985.000   4.73910e-13
       995.000   9.89102e-13
       1005.00   1.32759e-12
       1015.00   2.14953e-12
       1025.00   3.61123e-12
       1035.00   7.15743e-12
       1045.00   1.14848e-11
       1055.00   1.71600e-11
       1065.00   2.94426e-11
       1075.00   4.56298e-11
       1085.00   8.74347e-11
       1095.00   1.36632e-10
       1105.00   2.03609e-10
       1115.00   3.24602e-10
       1125.00   5.64370e-10
       1135.00   1.07212e-09
       1145.00   1.76793e-09
       1155.00   2.77979e-09
       1165.00   4.04842e-09
       1175.00   7.23650e-09
       1185.00   9.81945e-09
       1195.00   1.34304e-08
       1205.00   1.60102e-08
       1215.00   1.05349e-08
       1225.00   3.08589e-08
       1235.00   6.50351e-08
       1245.00   9.61449e-08
       1255.00   1.44562e-07
       1265.00   1.97758e-07
       1275.00   2.73227e-07
       1285.00   3.26873e-07
       1295.00   4.32593e-07
       1305.00   6.31960e-07
       1315.00   8.29527e-07
       1325.00   1.05460e-06
       1335.00   1.28064e-06
       1345.00   1.78387e-06
       1355.00   2.43312e-06
       1365.00   2.92371e-06
       1375.00   3.36215e-06
       1385.00   4.20738e-06
       1395.00   4.96964e-06
       1405.00   6.97534e-06
       1415.00   9.00796e-06
       1425.00   9.92017e-06
       1435.00   1.38978e-05
       1442.00   1.89456e-05
       1447.00   1.68866e-05
       1455.00   2.00962e-05
       1465.00   2.91505e-05
       1475.00   3.47445e-05
       1485.00   3.87113e-05
       1495.00   5.62123e-05
       1505.00   7.41926e-05
       1512.00   5.26977e-05
       1517.00   7.51353e-05
       1525.00   0.000100878
       1535.00   0.000127309
       1545.00   0.000115641
       1555.00   0.000160615
       1565.00   0.000181503
       1575.00   0.000259089
       1585.00   0.000302527
       1595.00   0.000339113
       1605.00   0.000388646
       1615.00   0.000453193
       1625.00   0.000501118
       1635.00   0.000641994
       1645.00   0.000797294
       1655.00   0.000865826
       1665.00    0.00112295
       1672.00    0.00113107
       1677.00    0.00139690
       1685.00    0.00168845
       1695.00    0.00217015
       1705.00    0.00243104
       1715.00    0.00281136
       1725.00    0.00353141
       1735.00    0.00412207
       1745.00    0.00528161
       1755.00    0.00578717
       1765.00    0.00689458
       1775.00    0.00743674
       1785.00     0.0105695
       1795.00     0.0107222
       1805.00     0.0146586
       1815.00     0.0137816
       1825.00     0.0185344
       1835.00     0.0189270
       1845.00     0.0247064
       1855.00     0.0241846
       1865.00     0.0319821
       1875.00     0.0337025
       1885.00     0.0401644
       1895.00     0.0487186
       1905.00     0.0538662
       1915.00     0.0681402
       1925.00     0.0670823
       1935.00     0.0585115
       1945.00     0.0892187
       1955.00      0.112309
       1967.00      0.128031
       1976.00      0.144321
       1984.00      0.171221
       1995.00      0.172462
       2005.00      0.199188
       2015.00      0.226211
       2025.00      0.231268
       2035.00      0.277952
       2045.00      0.302355
       2055.00      0.344702
       2065.00      0.360676
       2074.00      0.365960
       2078.00      0.524498
       2085.00      0.660055
       2095.00      0.725449
       2105.00      0.716336
       2115.00      0.785830
       2125.00      0.895518
       2135.00       1.06170
       2145.00      0.956600
       2155.00       1.11672
       2165.00       1.14251
       2175.00       1.25571
       2185.00       1.25687
       2195.00       1.73492
       2205.00       1.64577
       2215.00       1.89608
       2225.00       1.83182
       2235.00       2.52168
       2245.00       2.82255
       2255.00       3.26957
       2265.00       2.46237
       2275.00       3.65555
       2285.00       3.79997
       2295.00       5.26877
       2305.00       3.15749
       2315.00       6.50411
       2325.00       5.94475
       2335.00       8.11886
       2345.00       6.08493
       2355.00       5.99037
       2365.00       7.22986
       2375.00       7.38283
       2385.00       10.4802
       2395.00       10.3180
       2405.00       15.6899
       2415.00       11.7058
       2425.00       13.6928
       2435.00       18.5702
       2445.00       23.2806
       2455.00       26.4610
       2465.00       20.2290
       2475.00       29.6864
       2485.00       17.2094
       2495.00       19.2437
       2505.00       29.7391
       2513.00       25.0007
       2518.00       27.6075
       2525.00       30.7524
       2535.00       51.8464
       2545.00       60.5430
       2555.00       67.1741
       2565.00       45.5686
       2575.00       61.6859
       2585.00       54.1595
       2595.00       60.4982
       2605.00       77.1057
       2615.00       73.4044
       2625.00       102.031
       2635.00       140.492
       2645.00       119.987
       2655.00       151.606
       2665.00       142.985
       2675.00       129.978
       2685.00       165.696
       2695.00       133.943
       2705.00       196.201
       2715.00       193.644
       2725.00       178.350
       2735.00       184.925
       2745.00       247.211
       2755.00       239.350
       2765.00       312.817
       2775.00       393.847
       2785.00       288.480
       2795.00       386.451
       2805.00       374.570
       2815.00       346.250
       2825.00       365.787
       2835.00       335.509
       2845.00       286.433
       2855.00       197.502
       2865.00       398.406
       2875.00       428.533
       2885.00       596.832
       2895.00       699.473
       2910.00       985.369
       2930.00       1055.74
       2950.00       933.027
       2970.00       914.140
       2990.00       1054.29
       3010.00       1125.81
       3030.00       1307.47
       3050.00       1555.07
       3070.00       1644.76
       3090.00       1549.83
       3110.00       2395.87
       3130.00       2505.55
       3150.00       3395.15
       3170.00       5067.11
       3190.00       4195.23
       3210.00       5455.30
       3230.00       5790.21
       3250.00       8766.54
       3270.00       11656.5
       3290.00       14921.5
       3310.00       12581.3
       3330.00       15908.5
       3350.00       14979.9
       3370.00       10409.7
       3390.00       13925.7
       3410.00       14896.1
       3430.00       15113.2
       3450.00       11738.2
       3470.00       11226.0
       3490.00       15202.1
       3510.00       20735.9
       3530.00       22068.0
       3550.00       32685.3
       3570.00       14084.7
       3590.00       11999.0
       3610.00       19071.4
       3630.00       25315.5
       3640.00       29511.0
       3650.00       32375.2
       3670.00       45247.7
       3690.00       32822.6
       3710.00       23133.8
       3730.00       11849.5
       3750.00       15220.6
       3770.00       36578.6
       3790.00       41528.2
       3810.00       38944.5
       3830.00       18226.7
       3850.00       29828.4
       3870.00       26668.4
       3890.00       27791.5
       3910.00       43722.4
       3930.00       21281.9
       3950.00       43580.2
       3970.00       33980.3
       3990.00       82586.8
       4010.00       103059.
       4030.00       74073.1
       4050.00       90654.2
       4070.00       81591.7
       4090.00       120576.
       4110.00       94041.5
       4130.00       104232.
       4150.00       97531.0
       4170.00       101527.
       4190.00       90858.1
       4210.00       52020.1
       4230.00       25248.8
       4250.00       52484.7
       4270.00       74873.3
       4290.00       79288.2
       4310.00       91079.2
       4330.00       133618.
       4350.00       150439.
       4370.00       159566.
       4390.00       132461.
       4410.00       135398.
       4430.00       130502.
       4450.00       145489.
       4470.00       167613.
       4490.00       177972.
       4510.00       200811.
       4530.00       164263.
       4550.00       185722.
       4570.00       209642.
       4590.00       180157.
       4610.00       194764.
       4630.00       186319.
       4650.00       178813.
       4670.00       192382.
       4690.00       188330.
       4710.00       182455.
       4730.00       173607.
       4750.00       166528.
       4770.00       122620.
       4790.00       137807.
       4810.00       154748.
       4830.00       166477.
       4850.00       188105.
       4870.00       201034.
       4890.00       214202.
       4910.00       220243.
       4930.00       215964.
       4950.00       177522.
       4970.00       144225.
       4990.00       146097.
       5010.00       131057.
       5030.00       145198.
       5050.00       141994.
       5070.00       138893.
       5090.00       139680.
       5110.00       142866.
       5130.00       138963.
       5150.00       129781.
       5170.00       115028.
       5190.00       135408.
       5210.00       155999.
       5230.00       245021.
       5250.00       268526.
       5270.00       222854.
       5290.00       297652.
       5310.00       311514.
       5330.00       276134.
       5350.00       298278.
       5370.00       293644.
       5390.00       302906.
       5410.00       302627.
       5430.00       298166.
       5450.00       232944.
       5470.00       254097.
       5490.00       268573.
       5510.00       258524.
       5530.00       301536.
       5550.00       316037.
       5570.00       329702.
       5590.00       313218.
       5610.00       273605.
       5630.00       309936.
       5650.00       345486.
       5670.00       345116.
       5690.00       368491.
       5710.00       373390.
       5730.00       408836.
       5750.00       408322.
       5770.00       378293.
       5790.00       396665.
       5810.00       379464.
       5830.00       396616.
       5850.00       388889.
       5870.00       367547.
       5890.00       329046.
       5910.00       362470.
       5930.00       365429.
       5950.00       369106.
       5970.00       381890.
       5990.00       396343.
       6010.00       405652.
       6030.00       426101.
       6050.00       438295.
       6070.00       448571.
       6090.00       450911.
       6110.00       446551.
       6130.00       433276.
       6150.00       442315.
       6170.00       330161.
       6190.00       361529.
       6210.00       336306.
       6230.00       317125.
       6250.00       328523.
       6270.00       350762.
       6290.00       378329.
       6310.00       398331.
       6330.00       398892.
       6350.00       404315.
       6370.00       411882.
       6390.00       410110.
       6410.00       398992.
       6430.00       402418.
       6450.00       389920.
       6470.00       390159.
       6490.00       388142.
       6510.00       413336.
       6530.00       421516.
       6550.00       415732.
       6561.25       414034.
       6590.00       422099.
       6610.00       420342.
       6630.00       416292.
       6650.00       425906.
       6670.00       387850.
       6690.00       336772.
       6710.00       300805.
       6730.00       291084.
       6750.00       287502.
       6770.00       283964.
       6790.00       278927.
       6810.00       294716.
       6830.00       309936.
       6850.00       316623.
       6870.00       327857.
       6890.00       349629.
       6910.00       373795.
       6930.00       379077.
       6950.00       406084.
       6970.00       430169.
       6990.00       445499.
       7010.00       475389.
       7030.00       485960.
       7050.00       503088.
       7070.00       476489.
       7090.00       350267.
       7110.00       274760.
       7130.00       263327.
       7150.00       253949.
       7170.00       265901.
       7190.00       269918.
       7210.00       273960.
       7230.00       306002.
       7250.00       334390.
       7270.00       365882.
       7290.00       389887.
       7310.00       431375.
       7330.00       451153.
       7350.00       477154.
       7370.00       503129.
       7390.00       523574.
       7410.00       544889.
       7430.00       556713.
       7450.00       559878.
       7470.00       581614.
       7490.00       586846.
       7510.00       595901.
       7530.00       606101.
       7550.00       606714.
       7570.00       608759.
       7590.00       611290.
       7610.00       586965.
       7630.00       514392.
       7650.00       462106.
       7670.00       427084.
       7690.00       405671.
       7710.00       400039.
       7730.00       397783.
       7750.00       404238.
       7770.00       392500.
       7790.00       420391.
       7810.00       418358.
       7830.00       410810.
       7850.00       395233.
       7870.00       427435.
       7890.00       419521.
       7910.00       421081.
       7930.00       438077.
       7950.00       452869.
       7970.00       461364.
       7990.00       485364.
       8010.00       510646.
       8030.00       508404.
       8050.00       526292.
       8070.00       545975.
       8090.00       554630.
       8110.00       574786.
       8130.00       592424.
       8150.00       603075.
       8170.00       610454.
       8190.00       575575.
       8210.00       623356.
       8230.00       629563.
       8250.00       621699.
       8270.00       625415.
       8290.00       623443.
       8310.00       609589.
       8330.00       586794.
       8350.00       598035.
       8370.00       594159.
       8390.00       568317.
       8410.00       574299.
       8430.00       490124.
       8450.00       409134.
       8470.00       427295.
       8490.00       431447.
       8510.00       422487.
       8530.00       444434.
       8550.00       456416.
       8570.00       471872.
       8590.00       489777.
       8610.00       511339.
       8630.00       529205.
       8650.00       542520.
       8670.00       525837.
       8690.00       553451.
       8710.00       578423.
       8730.00       590111.
       8750.00       591402.
       8770.00       600121.
       8790.00       611972.
       8810.00       609682.
       8830.00       610547.
       8850.00       621018.
       8870.00       617933.
       8890.00       624832.
       8910.00       629006.
       8930.00       628223.
       8950.00       628335.
       8970.00       632138.
       8990.00       638558.
       9010.00       626630.
       9030.00       637256.
       9050.00       642722.
       9070.00       645432.
       9090.00       634160.
       9110.00       636054.
       9130.00       643620.
       9150.00       641844.
       9170.00       644782.
       9190.00       643005.
       9210.00       607705.
       9230.00       583362.
       9250.00       585993.
       9270.00       576585.
       9290.00       556164.
       9310.00       565165.
       9330.00       569366.
       9350.00       558486.
       9370.00       557735.
       9390.00       573948.
       9410.00       572319.
       9430.00       570996.
       9450.00       574234.
       9470.00       586934.
       9490.00       588688.
       9510.00       591921.
       9530.00       595371.
       9550.00       591847.
       9570.00       598796.
       9590.00       608180.
       9610.00       602062.
       9630.00       613253.
       9650.00       595988.
       9670.00       601704.
       9690.00       615472.
       9710.00       610622.
       9730.00       606204.
       9750.00       612002.
       9770.00       617314.
       9790.00       604693.
       9810.00       624504.
       9830.00       619704.
       9850.00       626082.
       9870.00       626293.
       9890.00       626843.
       9910.00       625121.
       9930.00       624593.
       9950.00       625509.
       9970.00       624215.
       9990.00       626361.
       10025.0       621882.
       10075.0       620142.
       10125.0       618699.
       10175.0       612816.
       10225.0       605900.
       10275.0       603051.
       10325.0       594609.
       10375.0       593232.
       10425.0       595631.
       10475.0       592225.
       10525.0       593753.
       10575.0       591150.
       10625.0       592474.
       10675.0       587432.
       10725.0       586815.
       10775.0       586963.
       10825.0       581167.
       10875.0       584404.
       10925.0       583518.
       10975.0       582154.
       11025.0       578126.
       11075.0       576419.
       11125.0       574293.
       11175.0       570945.
       11225.0       570236.
       11275.0       563707.
       11325.0       563382.
       11375.0       552646.
       11425.0       545828.
       11475.0       557132.
       11525.0       556336.
       11575.0       551765.
       11625.0       543182.
       11675.0       542077.
       11725.0       546260.
       11775.0       533507.
       11825.0       538003.
       11875.0       530570.
       11925.0       537071.
       11975.0       525450.
       12025.0       532370.
       12075.0       528281.
       12125.0       527777.
       12175.0       525712.
       12225.0       523286.
       12275.0       520632.
       12325.0       517086.
       12375.0       515844.
       12425.0       510358.
       12475.0       510560.
       12525.0       504451.
       12575.0       505331.
       12625.0       502731.
       12675.0       498467.
       12725.0       498234.
       12775.0       496881.
       12825.0       486303.
       12875.0       489783.
       12925.0       485414.
       12975.0       487790.
       13025.0       484163.
       13075.0       483266.
       13125.0       473511.
       13175.0       474482.
       13225.0       476759.
       13275.0       472640.
       13325.0       469821.
       13375.0       470569.
       13425.0       468806.
       13475.0       466993.
       13525.0       464700.
       13575.0       462530.
       13625.0       457254.
       13675.0       458872.
       13725.0       457635.
       13775.0       455391.
       13825.0       453975.
       13875.0       449241.
       13925.0       450373.
       13975.0       448680.
       14025.0       445142.
       14075.0       445275.
       14125.0       442996.
       14175.0       441827.
       14225.0       439750.
       14275.0       431203.
       14325.0       436496.
       14375.0       434668.
       14425.0       431895.
       14475.0       432099.
       14525.0       430022.
       14570.0       428346.
       14620.0       427836.
       14675.0       426594.
       14725.0       424032.
       14775.0       420977.
       14825.0       422496.
       14875.0       418128.
       14925.0       420541.
       14975.0       418711.
       15025.0       410305.
       15075.0       412777.
       15125.0       414993.
       15175.0       410316.
       15225.0       413671.
       15275.0       412259.
       15325.0       410937.
       15375.0       411567.
       15425.0       410803.
       15475.0       410450.
       15525.0       408170.
       15575.0       407355.
       15625.0       406634.
       15675.0       406436.
       15725.0       403764.
       15775.0       399983.
       15825.0       402664.
       15875.0       402643.
       15925.0       403208.
       15975.0       401028.
       16050.0       402554.
       16150.0       396688.
       16250.0       395744.
       16350.0       394526.
       16450.0       389674.
       16550.0       384539.
       16650.0       377665.
       16750.0       368241.
       16850.0       365767.
       16950.0       359812.
       17050.0       353439.
       17150.0       346627.
       17250.0       341822.
       17350.0       336629.
       17450.0       330827.
       17550.0       325771.
       17650.0       320700.
       17750.0       315578.
       17850.0       311260.
       17950.0       305895.
       18050.0       300087.
       18150.0       295451.
       18250.0       290989.
       18350.0       286551.
       18450.0       279314.
       18550.0       278106.
       18650.0       273323.
       18750.0       269612.
       18850.0       265041.
       18950.0       258821.
       19050.0       256578.
       19150.0       252487.
       19250.0       248936.
       19350.0       241208.
       19450.0       236961.
       19550.0       234455.
       19650.0       234514.
       19750.0       225954.
       19850.0       222383.
       19950.0       220670.
       20050.0       221023.
       20150.0       217554.
       20250.0       213610.
       20350.0       211207.
       20450.0       208065.
       20550.0       204939.
       20650.0       201925.
       20750.0       198995.
       20850.0       195826.
       20950.0       192098.
       21050.0       190048.
       21150.0       187151.
       21250.0       184869.
       21350.0       182339.
       21450.0       179726.
       21550.0       176991.
       21650.0       174781.
       21750.0       171633.
       21850.0       169781.
       21950.0       166979.
       22050.0       160152.
       22150.0       162741.
       22250.0       158762.
       22350.0       157488.
       22450.0       155498.
       22550.0       153862.
       22650.0       150150.
       22750.0       149648.
       22850.0       147251.
       22950.0       134040.
       23050.0       137964.
       23150.0       137245.
       23250.0       125432.
       23350.0       128623.
       23450.0       130091.
       23550.0       119988.
       23650.0       124195.
       23750.0       124381.
       23850.0       115704.
       23950.0       118746.
       24050.0       118985.
       24150.0       112414.
       24250.0       114288.
       24350.0       114559.
       24450.0       110284.
       24550.0       109268.
       24650.0       110529.
       24750.0       107860.
       24850.0       105682.
       24950.0       105781.
       25050.0       106114.
       25150.0       102396.
       25250.0       102644.
       25350.0       102076.
       25450.0       100275.
       25550.0       99254.9
       25650.0       98448.2
       25750.0       97792.9
       25850.0       95870.8
       25950.0       95110.9
       26050.0       94459.8
       26150.0       93479.8
       26250.0       92293.3
       26350.0       91371.7
       26450.0       90359.0
       26550.0       89551.3
       26650.0       88058.3
       26750.0       87806.6
       26850.0       86688.7
       26950.0       85652.3
       27050.0       84608.3
       27150.0       83802.2
       27250.0       82792.5
       27350.0       81881.0
       27450.0       81010.5
       27550.0       80200.1
       27650.0       79172.7
       27750.0       78236.1
       27850.0       77393.6
       27950.0       76575.6
       28050.0       75647.5
       28150.0       74673.6
       28250.0       73886.2
       28350.0       73112.8
       28450.0       72255.3
       28550.0       71403.4
       28650.0       70602.9
       28750.0       69816.3
       28850.0       69007.3
       28950.0       68225.7
       29050.0       67355.0
       29150.0       66605.5
       29250.0       65226.2
       29350.0       65018.6
       29450.0       64421.5
       29550.0       63697.1
       29650.0       62985.4
       29750.0       62290.2
       29850.0       61526.9
       29950.0       60805.9
       30050.0       60201.6
       30150.0       59525.2
       30250.0       58786.5
       30350.0       58203.5
       30450.0       57586.1
       30550.0       56927.2
       30650.0       56247.5
       30750.0       55691.1
       30850.0       54907.1
       30950.0       54470.2
       31050.0       53854.2
       31150.0       53113.0
       31250.0       52704.2
       31350.0       52050.3
       31450.0       51540.8
       31550.0       51002.7
       31650.0       50380.0
       31750.0       49921.2
       31850.0       49385.4
       31950.0       48855.3
       32100.0       48074.3
       32300.0       47047.5
       32500.0       46070.8
       32700.0       45089.7
       32900.0       44163.8
       33100.0       43236.3
       33300.0       42331.2
       33500.0       41491.5
       33700.0       40625.7
       33900.0       39797.0
       34100.0       38835.8
       34300.0       38214.5
       34500.0       37456.2
       34700.0       36712.8
       34900.0       35980.9
       35100.0       35275.4
       35300.0       34577.5
       35500.0       33905.0
       35700.0       33233.5
       35900.0       32598.3
       36100.0       31969.2
       36300.0       31352.0
       36500.0       30754.9
       36700.0       30152.1
       36900.0       29557.7
       37100.0       28982.6
       37300.0       28458.7
       37500.0       27955.1
       37700.0       27439.3
       37900.0       26930.1
       38100.0       26432.7
       38300.0       25949.4
       38500.0       25472.0
       38700.0       24949.1
       38900.0       24545.3
       39100.0       24113.5
       39300.0       23678.9
       39500.0       23203.8
       39700.0       22827.2
       39900.0       22342.0
       40100.0       21998.1
       40300.0       21650.6
       40500.0       21200.3
       40700.0       20896.9
       40900.0       20533.4
       41100.0       20173.7
       41300.0       19832.7
       41500.0       19490.9
       41700.0       19157.3
       41900.0       18784.3
       42100.0       18489.1
       42300.0       18200.1
       42500.0       17888.9
       42700.0       17594.2
       42900.0       16725.8
       43100.0       15865.8
       43300.0       15736.2
       43500.0       14956.5
       43700.0       14422.8
       43900.0       14060.5
       44100.0       13493.7
       44300.0       13146.2
       44500.0       12896.8
       44700.0       12412.7
       44900.0       12362.7
       45100.0       11946.2
       45300.0       11711.7
       45500.0       11625.2
       45700.0       11529.3
       45900.0       11176.3
       46100.0       11215.5
       46300.0       11026.4
       46500.0       11019.4
       46700.0       10998.3
       46900.0       10749.5
       47100.0       10594.6
       47300.0       10665.8
       47500.0       10353.3
       47700.0       10247.4
       47900.0       10206.4
       48100.0       9884.57
       48300.0       9973.41
       48500.0       9813.01
       48700.0       9558.80
       48900.0       9407.82
       49100.0       9379.47
       49300.0       9174.56
       49500.0       9022.31
       49700.0       8990.72
       49900.0       8871.13
       50100.0       8730.81
       50300.0       8656.45
       50500.0       8450.05
       50700.0       8410.92
       50900.0       8342.19
       51100.0       8168.23
       51300.0       8183.26
       51500.0       7999.09
       51700.0       7988.62
       51900.0       7816.96
       52100.0       7775.94
       52300.0       7633.94
       52500.0       7593.11
       52700.0       7545.89
       52900.0       7363.34
       53100.0       7302.90
       53300.0       7236.53
       53500.0       7171.34
       53700.0       7106.65
       53900.0       7024.83
       54100.0       6948.02
       54300.0       6787.69
       54500.0       6788.44
       54700.0       6710.81
       54900.0       6617.13
       55100.0       6553.43
       55300.0       6554.89
       55500.0       6376.38
       55700.0       6382.03
       55900.0       6277.86
       56100.0       6210.79
       56300.0       6118.13
       56500.0       6088.70
       56700.0       6018.64
       56900.0       5917.87
       57100.0       5889.31
       57300.0       5810.64
       57500.0       5743.51
       57700.0       5673.55
       57900.0       5630.49
       58100.0       5543.80
       58300.0       5486.43
       58500.0       5430.93
       58700.0       5348.72
       58900.0       5289.22
       59100.0       5241.51
       59300.0       5177.29
       59500.0       5115.08
       59700.0       5068.19
       59900.0       5005.10
       60100.0       4951.20
       60300.0       4890.54
       60500.0       4823.57
       60700.0       4769.55
       60900.0       4719.68
       61100.0       4658.96
       61300.0       4610.87
       61500.0       4557.92
       61700.0       4504.37
       61900.0       4455.74
       62100.0       4404.33
       62300.0       4354.74
       62500.0       4298.75
       62700.0       4246.84
       62900.0       4203.12
       63100.0       4151.16
       63300.0       4110.87
       63500.0       4059.22
       63700.0       4018.55
       63900.0       3967.69
       64200.0       3900.81
       64600.0       3811.67
       65000.0       3726.20
       65400.0       3642.53
       65800.0       3561.05
       66200.0       3481.01
       66600.0       3403.40
       67000.0       3328.30
       67400.0       3254.42
       67800.0       3182.36
       68200.0       3111.69
       68600.0       3045.09
       69000.0       2979.11
       69400.0       2914.75
       69800.0       2852.29
       70200.0       2791.05
       70600.0       2731.78
       71000.0       2674.03
       71400.0       2617.77
       71800.0       2562.67
       72200.0       2509.42
       72600.0       2457.33
       73000.0       2406.58
       73400.0       2355.67
       73800.0       2308.62
       74200.0       2259.50
       74600.0       2215.37
       75000.0       2169.50
       75400.0       2125.14
       75800.0       2085.65
       76200.0       2044.29
       76600.0       2003.92
       77000.0       1964.41
       77400.0       1926.05
       77800.0       1888.56
       78200.0       1851.97
       78600.0       1816.28
       79000.0       1781.21
       79400.0       1747.36
       79800.0       1714.15
       80200.0       1680.69
       80600.0       1649.84
       81000.0       1618.78
       81400.0       1588.80
       81800.0       1559.28
       82200.0       1530.43
       82600.0       1502.23
       83000.0       1474.66
       83400.0       1446.95
       83800.0       1420.72
       84200.0       1395.14
       84600.0       1369.98
       85000.0       1345.44
       85400.0       1321.81
       85800.0       1298.41
       86200.0       1275.43
       86600.0       1252.98
       87000.0       1230.78
       87400.0       1209.48
       87800.0       1188.37
       88200.0       1167.78
       88600.0       1147.67
       89000.0       1127.91
       89400.0       1108.65
       89800.0       1089.17
       90200.0       1071.24
       90600.0       1053.17
       91000.0       1033.65
       91400.0       1017.46
       91800.0       1000.07
       92200.0       984.454
       92600.0       968.147
       93000.0       952.171
       93400.0       936.519
       93800.0       921.226
       94200.0       906.202
       94600.0       891.483
       95000.0       877.062
       95400.0       862.893
       95800.0       849.134
       96200.0       835.574
       96600.0       822.249
       97000.0       809.236
       97400.0       796.289
       97800.0       783.959
       98200.0       771.686
       98600.0       759.625
       99000.0       747.849
       99400.0       736.275
       99800.0       724.901
       100200.       713.759
       200000.       47.2646
       400000.       2.96040
       600000.      0.580971
       800000.      0.182973
   1.00000e+06     0.0746793
   1.20000e+06     0.0359045
   1.40000e+06     0.0193286
   1.60000e+06     0.0113025
