       90.9000     0.0120982
       93.5000     0.0305327
       96.1000     0.0719137
       97.7000      0.122575
       99.6000      0.221591
       102.000      0.453786
       103.800      0.760843
       105.600       1.25390
       107.700       2.19930
       110.400       4.39348
       114.000       10.5076
       117.800       24.7939
       121.300       52.6983
       124.800       106.319
       127.100       166.120
       128.400       222.233
       130.500       325.691
       132.400       454.597
       133.900       590.482
       136.600       923.395
       139.800       1545.16
       143.300       2609.52
       147.200       4372.73
       151.000       7609.29
       155.200       13078.2
       158.800       20859.7
       162.000       38485.5
       166.000       60944.6
       170.300       92214.4
       173.400       124017.
       176.800       174407.
       180.200       244192.
       181.700       259781.
       186.100       410591.
       191.000       598229.
       193.900       806143.
       198.400   1.13940e+06
       201.800   1.34833e+06
       205.000   1.80463e+06
       210.500   2.58217e+06
       216.200   3.65403e+06
       219.800   4.60814e+06
       223.000   5.34070e+06
       226.800   6.48908e+06
       230.000   2.66261e+08
       234.000   2.09040e+09
       240.000   3.75664e+09
       246.500   7.24107e+09
       252.400   2.67910e+10
       256.800   5.44499e+10
       260.000   4.56680e+10
       264.000   1.44674e+11
       268.500   1.65847e+11
       273.500   1.86194e+11
       278.500   1.26922e+11
       284.000   2.11673e+11
       290.000   2.43267e+11
       296.000   2.10122e+11
       301.000   1.70724e+11
       308.000   1.74474e+11
       318.000   1.59415e+11
       328.000   1.71021e+11
       338.000   1.45952e+11
       348.000   1.33015e+11
       357.000   2.03977e+11
       366.000   3.42319e+11
       375.000   3.42774e+11
       385.000   2.49406e+11
       395.000   3.89033e+11
       405.000   4.86368e+11
       414.000   4.79035e+11
       422.000   4.27705e+11
       430.000   4.08984e+11
       441.000   4.84935e+11
       451.000   4.84987e+11
       460.000   4.23341e+11
       470.000   4.27535e+11
       480.000   4.70799e+11
       490.000   4.15784e+11
       500.000   4.98836e+11
       506.000   4.17965e+11
       512.000   4.85399e+11
       520.000   4.60645e+11
       530.000   4.27828e+11
       540.000   3.27288e+11
       550.000   2.93638e+11
       560.000   3.70736e+11
       570.000   4.06530e+11
       580.000   4.04470e+11
       590.000   3.97380e+11
       600.000   3.50987e+11
       610.000   2.86947e+11
       620.000   3.52141e+11
       630.000   3.07269e+11
       640.000   3.54371e+11
       650.000   3.31425e+11
       658.000   3.03968e+11
       665.000   3.33833e+11
       675.000   3.29191e+11
       685.000   2.95973e+11
       695.000   3.13442e+11
       705.000   2.73362e+11
       716.000   2.94576e+11
       726.000   2.96423e+11
       735.000   2.88086e+11
       745.000   2.73535e+11
       755.000   2.61697e+11
       765.000   2.25726e+11
       775.000   2.49970e+11
       785.000   2.11589e+11
       795.000   2.27376e+11
       805.000   2.37936e+11
       815.000   2.32842e+11
       825.000   2.27928e+11
       835.000   2.01818e+11
       845.000   2.16734e+11
       855.000   2.05427e+11
       865.000   2.07779e+11
       875.000   2.04149e+11
       885.000   1.96786e+11
       895.000   1.91849e+11
       905.000   1.85802e+11
       915.000   1.55403e+11
       925.000   1.98231e+11
       935.000   2.44187e+11
       945.000   2.73867e+11
       955.000   3.04565e+11
       965.000   3.16535e+11
       975.000   2.47535e+11
       985.000   2.83100e+11
       995.000   2.54443e+11
       1005.00   2.56853e+11
       1015.00   2.58531e+11
       1025.00   2.29859e+11
       1035.00   2.55842e+11
       1045.00   2.60759e+11
       1055.00   2.53148e+11
       1065.00   2.37619e+11
       1075.00   2.42275e+11
       1085.00   2.21092e+11
       1095.00   2.29656e+11
       1105.00   2.22590e+11
       1115.00   2.17243e+11
       1125.00   2.09132e+11
       1135.00   2.09142e+11
       1145.00   2.06942e+11
       1155.00   1.96224e+11
       1165.00   1.84415e+11
       1175.00   1.72429e+11
       1185.00   1.78658e+11
       1195.00   1.68555e+11
       1205.00   1.66135e+11
       1215.00   1.40821e+11
       1225.00   1.55665e+11
       1235.00   1.45540e+11
       1245.00   1.40195e+11
       1255.00   1.46494e+11
       1265.00   1.44388e+11
       1275.00   1.41103e+11
       1285.00   1.39164e+11
       1295.00   1.37784e+11
       1305.00   1.32077e+11
       1315.00   1.30141e+11
       1325.00   1.27011e+11
       1335.00   1.24718e+11
       1345.00   1.22137e+11
       1355.00   1.16887e+11
       1365.00   1.11584e+11
       1375.00   1.06073e+11
       1385.00   1.07014e+11
       1395.00   8.68889e+10
       1405.00   6.86007e+10
       1415.00   1.03388e+11
       1425.00   9.88975e+10
       1435.00   1.00489e+11
       1442.00   9.56264e+10
       1447.00   9.50890e+10
       1455.00   9.30266e+10
       1465.00   9.19137e+10
       1475.00   9.05971e+10
       1485.00   9.04795e+10
       1495.00   8.80191e+10
       1505.00   8.63443e+10
       1512.00   8.57049e+10
       1517.00   8.33156e+10
       1525.00   8.34173e+10
       1535.00   7.85590e+10
       1545.00   6.54387e+10
       1555.00   6.71471e+10
       1565.00   7.33626e+10
       1575.00   7.35518e+10
       1585.00   7.11555e+10
       1595.00   7.08021e+10
       1605.00   6.80887e+10
       1615.00   6.64046e+10
       1625.00   6.58851e+10
       1635.00   6.49717e+10
       1645.00   6.16031e+10
       1655.00   6.33311e+10
       1665.00   6.23661e+10
       1672.00   5.99072e+10
       1677.00   6.19429e+10
       1685.00   6.10603e+10
       1695.00   6.02855e+10
       1705.00   5.83947e+10
       1715.00   5.61581e+10
       1725.00   5.51582e+10
       1735.00   5.58358e+10
       1745.00   5.46904e+10
       1755.00   5.35295e+10
       1765.00   5.25063e+10
       1775.00   5.15217e+10
       1785.00   5.10312e+10
       1795.00   4.96796e+10
       1805.00   4.87398e+10
       1815.00   4.78406e+10
       1825.00   4.70304e+10
       1835.00   4.62306e+10
       1845.00   4.54906e+10
       1855.00   4.46621e+10
       1865.00   4.40404e+10
       1875.00   4.30468e+10
       1885.00   4.21608e+10
       1895.00   4.18870e+10
       1905.00   4.11328e+10
       1915.00   4.04187e+10
       1925.00   3.89029e+10
       1935.00   3.90885e+10
       1945.00   3.84804e+10
       1955.00   3.75880e+10
       1967.00   3.69750e+10
       1976.00   3.62328e+10
       1984.00   3.59890e+10
       1995.00   3.52316e+10
       2005.00   3.47443e+10
       2015.00   3.41599e+10
       2025.00   3.36075e+10
       2035.00   3.29078e+10
       2045.00   3.21985e+10
       2055.00   2.45654e+10
       2065.00   2.62028e+10
       2074.00   3.06939e+10
       2078.00   3.08960e+10
       2085.00   3.06092e+10
       2095.00   3.02267e+10
       2105.00   2.94853e+10
       2115.00   2.94413e+10
       2125.00   2.88395e+10
       2135.00   2.85179e+10
       2145.00   2.79578e+10
       2155.00   2.77411e+10
       2165.00   2.65330e+10
       2175.00   2.68678e+10
       2185.00   2.60385e+10
       2195.00   2.61145e+10
       2205.00   2.56504e+10
       2215.00   2.47405e+10
       2225.00   2.48740e+10
       2235.00   2.45064e+10
       2245.00   2.41226e+10
       2255.00   2.33016e+10
       2265.00   2.33452e+10
       2275.00   2.30640e+10
       2285.00   2.25466e+10
       2295.00   2.21302e+10
       2305.00   2.14798e+10
       2315.00   2.15070e+10
       2325.00   2.13349e+10
       2335.00   2.10233e+10
       2345.00   2.06314e+10
       2355.00   2.02650e+10
       2365.00   1.99485e+10
       2375.00   1.95891e+10
       2385.00   1.86510e+10
       2395.00   1.89448e+10
       2405.00   1.85863e+10
       2415.00   1.83985e+10
       2425.00   1.82881e+10
       2435.00   1.79507e+10
       2445.00   1.77305e+10
       2455.00   1.73269e+10
       2465.00   1.71996e+10
       2475.00   1.70486e+10
       2485.00   1.66994e+10
       2495.00   1.57954e+10
       2505.00   1.62405e+10
       2513.00   1.50014e+10
       2518.00   1.57042e+10
       2525.00   1.56297e+10
       2535.00   1.56098e+10
       2545.00   1.54315e+10
       2555.00   1.52048e+10
       2565.00   1.50143e+10
       2575.00   1.47831e+10
       2585.00   1.45822e+10
       2595.00   1.41640e+10
       2605.00   1.41998e+10
       2615.00   1.38804e+10
       2625.00   1.38235e+10
       2635.00   1.36482e+10
       2645.00   1.34219e+10
       2655.00   1.32718e+10
       2665.00   1.30881e+10
       2675.00   1.28088e+10
       2685.00   1.27130e+10
       2695.00   1.25053e+10
       2705.00   1.24294e+10
       2715.00   1.22481e+10
       2725.00   1.20807e+10
       2735.00   1.15312e+10
       2745.00   1.17858e+10
       2755.00   1.16051e+10
       2765.00   1.14726e+10
       2775.00   1.13069e+10
       2785.00   1.11073e+10
       2795.00   1.09740e+10
       2805.00   1.08719e+10
       2815.00   1.07306e+10
       2825.00   1.05679e+10
       2835.00   1.04710e+10
       2845.00   1.03473e+10
       2855.00   1.02111e+10
       2865.00   1.00293e+10
       2875.00   9.88860e+09
       2885.00   9.81428e+09
       2895.00   9.68412e+09
       2910.00   9.51869e+09
       2930.00   9.30011e+09
       2950.00   9.07010e+09
       2970.00   8.82749e+09
       2990.00   8.59391e+09
       3010.00   8.39567e+09
       3030.00   8.15923e+09
       3050.00   7.99547e+09
       3070.00   7.76652e+09
       3090.00   7.64185e+09
       3110.00   7.46169e+09
       3130.00   7.28050e+09
       3150.00   7.13064e+09
       3170.00   6.96259e+09
       3190.00   6.81040e+09
       3210.00   6.53056e+09
       3230.00   6.51566e+09
       3250.00   6.37116e+09
       3270.00   6.17825e+09
       3290.00   6.07865e+09
       3310.00   5.94353e+09
       3330.00   5.81085e+09
       3350.00   5.65171e+09
       3370.00   5.55298e+09
       3390.00   5.42078e+09
       3410.00   5.30036e+09
       3430.00   5.21695e+09
       3450.00   5.08068e+09
       3470.00   4.98911e+09
       3490.00   4.88756e+09
       3510.00   4.79869e+09
       3530.00   4.68944e+09
       3550.00   4.59640e+09
       3570.00   4.49952e+09
       3590.00   4.41035e+09
       3610.00   4.31884e+09
       3630.00   4.22563e+09
       3640.00   4.10066e+09
       3650.00   4.16333e+09
       3670.00   4.07109e+09
       3690.00   3.98115e+09
       3710.00   3.85869e+09
       3730.00   3.76679e+09
       3750.00   3.68600e+09
       3770.00   3.60564e+09
       3790.00   3.57293e+09
       3810.00   3.57082e+09
       3830.00   3.39776e+09
       3850.00   3.48048e+09
       3870.00   3.46146e+09
       3890.00   3.16131e+09
       3910.00   3.34073e+09
       3930.00   3.26851e+09
       3950.00   3.21087e+09
       3970.00   2.91161e+09
       3990.00   3.09192e+09
       4010.00   3.05201e+09
       4030.00   2.97331e+09
       4050.00   2.94058e+09
       4070.00   2.88377e+09
       4090.00   2.76038e+09
       4110.00   2.59374e+09
       4130.00   2.72572e+09
       4150.00   2.68310e+09
       4170.00   2.63641e+09
       4190.00   2.58942e+09
       4210.00   2.52172e+09
       4230.00   2.50151e+09
       4250.00   2.45654e+09
       4270.00   2.41375e+09
       4290.00   2.37144e+09
       4310.00   2.32494e+09
       4330.00   2.21631e+09
       4350.00   2.11276e+09
       4370.00   2.20196e+09
       4390.00   2.16201e+09
       4410.00   2.12617e+09
       4430.00   2.09626e+09
       4450.00   2.05730e+09
       4470.00   2.02083e+09
       4490.00   1.99296e+09
       4510.00   1.95569e+09
       4530.00   1.92322e+09
       4550.00   1.86814e+09
       4570.00   1.86229e+09
       4590.00   1.83161e+09
       4610.00   1.80299e+09
       4630.00   1.76600e+09
       4650.00   1.72147e+09
       4670.00   1.71221e+09
       4690.00   1.62732e+09
       4710.00   1.66373e+09
       4730.00   1.63839e+09
       4750.00   1.61256e+09
       4770.00   1.58652e+09
       4790.00   1.55883e+09
       4810.00   1.53652e+09
       4830.00   1.51074e+09
       4850.00   1.45546e+09
       4870.00   1.36923e+09
       4890.00   1.43939e+09
       4910.00   1.42031e+09
       4930.00   1.39776e+09
       4950.00   1.37799e+09
       4970.00   1.35673e+09
       4990.00   1.33666e+09
       5010.00   1.31417e+09
       5030.00   1.29614e+09
       5050.00   1.27609e+09
       5070.00   1.25725e+09
       5090.00   1.23922e+09
       5110.00   1.22053e+09
       5130.00   1.20217e+09
       5150.00   1.18466e+09
       5170.00   1.16777e+09
       5190.00   1.15059e+09
       5210.00   1.13305e+09
       5230.00   1.11739e+09
       5250.00   1.10028e+09
       5270.00   1.08387e+09
       5290.00   1.06973e+09
       5310.00   1.05438e+09
       5330.00   1.03908e+09
       5350.00   1.02468e+09
       5370.00   1.00999e+09
       5390.00   9.95741e+08
       5410.00   9.63061e+08
       5430.00   9.68093e+08
       5450.00   9.54582e+08
       5470.00   9.41030e+08
       5490.00   9.28174e+08
       5510.00   9.14573e+08
       5530.00   9.02747e+08
       5550.00   8.90382e+08
       5570.00   8.77587e+08
       5590.00   8.63784e+08
       5610.00   8.54428e+08
       5630.00   8.42818e+08
       5650.00   8.31421e+08
       5670.00   8.20211e+08
       5690.00   7.96628e+08
       5710.00   7.94605e+08
       5730.00   7.88000e+08
       5750.00   7.77150e+08
       5770.00   7.67461e+08
       5790.00   7.57493e+08
       5810.00   7.40367e+08
       5830.00   7.36704e+08
       5850.00   7.28065e+08
       5870.00   7.15185e+08
       5890.00   7.08751e+08
       5910.00   7.00414e+08
       5930.00   6.91240e+08
       5950.00   6.82313e+08
       5970.00   6.73489e+08
       5990.00   6.66385e+08
       6010.00   6.56262e+08
       6030.00   6.47751e+08
       6050.00   6.41057e+08
       6070.00   6.31257e+08
       6090.00   6.25228e+08
       6110.00   6.16207e+08
       6130.00   6.08683e+08
       6150.00   6.02052e+08
       6170.00   5.92385e+08
       6190.00   5.87276e+08
       6210.00   5.80021e+08
       6230.00   5.70479e+08
       6250.00   5.65821e+08
       6270.00   5.58873e+08
       6290.00   5.52125e+08
       6310.00   5.42850e+08
       6330.00   5.38795e+08
       6350.00   5.32239e+08
       6370.00   5.25847e+08
       6390.00   5.19230e+08
       6410.00   5.10677e+08
       6430.00   5.07205e+08
       6450.00   5.00967e+08
       6470.00   4.94959e+08
       6490.00   4.89247e+08
       6510.00   4.83339e+08
       6530.00   4.74791e+08
       6550.00   4.66003e+08
       6561.25   4.33802e+08
       6590.00   4.60173e+08
       6610.00   4.55935e+08
       6630.00   4.50651e+08
       6650.00   4.45440e+08
       6670.00   4.39276e+08
       6690.00   4.31502e+08
       6710.00   4.29812e+08
       6730.00   4.25215e+08
       6750.00   4.20334e+08
       6770.00   4.15643e+08
       6790.00   4.10992e+08
       6810.00   4.06339e+08
       6830.00   4.01766e+08
       6850.00   3.97240e+08
       6870.00   3.92767e+08
       6890.00   3.85396e+08
       6910.00   3.84067e+08
       6930.00   3.79798e+08
       6950.00   3.75588e+08
       6970.00   3.71427e+08
       6990.00   3.67338e+08
       7010.00   3.63306e+08
       7030.00   3.58962e+08
       7050.00   3.55155e+08
       7070.00   3.50902e+08
       7090.00   3.47689e+08
       7110.00   3.43597e+08
       7130.00   3.39878e+08
       7150.00   3.36528e+08
       7170.00   3.30571e+08
       7190.00   3.28655e+08
       7210.00   3.25805e+08
       7230.00   3.22333e+08
       7250.00   3.18901e+08
       7270.00   3.15517e+08
       7290.00   3.12065e+08
       7310.00   3.08689e+08
       7330.00   3.05626e+08
       7350.00   3.02416e+08
       7370.00   2.99161e+08
       7390.00   2.95896e+08
       7410.00   2.92935e+08
       7430.00   2.89988e+08
       7450.00   2.86750e+08
       7470.00   2.84008e+08
       7490.00   2.80842e+08
       7510.00   2.78092e+08
       7530.00   2.75328e+08
       7550.00   2.72496e+08
       7570.00   2.69711e+08
       7590.00   2.64027e+08
       7610.00   2.64177e+08
       7630.00   2.61570e+08
       7650.00   2.58911e+08
       7670.00   2.56249e+08
       7690.00   2.53510e+08
       7710.00   2.50999e+08
       7730.00   2.48441e+08
       7750.00   2.46119e+08
       7770.00   2.43768e+08
       7790.00   2.41338e+08
       7810.00   2.38949e+08
       7830.00   2.36568e+08
       7850.00   2.34001e+08
       7870.00   2.31846e+08
       7890.00   2.29637e+08
       7910.00   2.27424e+08
       7930.00   2.25212e+08
       7950.00   2.22971e+08
       7970.00   2.20674e+08
       7990.00   2.18709e+08
       8010.00   2.16590e+08
       8030.00   2.14403e+08
       8050.00   2.12438e+08
       8070.00   2.10402e+08
       8090.00   2.08379e+08
       8110.00   2.06390e+08
       8130.00   2.04424e+08
       8150.00   2.02475e+08
       8170.00   2.00390e+08
       8190.00   1.97671e+08
       8210.00   1.87102e+08
       8230.00   1.84236e+08
       8250.00   1.83521e+08
       8270.00   1.81946e+08
       8290.00   1.80329e+08
       8310.00   1.78747e+08
       8330.00   1.77358e+08
       8350.00   1.75871e+08
       8370.00   1.75930e+08
       8390.00   1.74311e+08
       8410.00   1.74793e+08
       8430.00   1.74882e+08
       8450.00   1.73237e+08
       8470.00   1.72299e+08
       8490.00   1.72424e+08
       8510.00   1.70678e+08
       8530.00   1.69164e+08
       8550.00   1.67420e+08
       8570.00   1.66209e+08
       8590.00   1.64282e+08
       8610.00   1.63042e+08
       8630.00   1.62009e+08
       8650.00   1.60223e+08
       8670.00   1.57470e+08
       8690.00   1.57809e+08
       8710.00   1.56539e+08
       8730.00   1.54794e+08
       8750.00   1.51140e+08
       8770.00   1.51651e+08
       8790.00   1.51430e+08
       8810.00   1.49957e+08
       8830.00   1.48660e+08
       8850.00   1.45695e+08
       8870.00   1.42275e+08
       8890.00   1.44305e+08
       8910.00   1.43805e+08
       8930.00   1.42392e+08
       8950.00   1.41643e+08
       8970.00   1.40151e+08
       8990.00   1.38144e+08
       9010.00   1.32960e+08
       9030.00   1.33675e+08
       9050.00   1.34979e+08
       9070.00   1.34353e+08
       9090.00   1.33379e+08
       9110.00   1.31759e+08
       9130.00   1.31115e+08
       9150.00   1.30007e+08
       9170.00   1.28818e+08
       9190.00   1.27365e+08
       9210.00   1.25041e+08
       9230.00   1.18866e+08
       9250.00   1.22539e+08
       9270.00   1.23059e+08
       9290.00   1.22460e+08
       9310.00   1.21465e+08
       9330.00   1.20443e+08
       9350.00   1.17123e+08
       9370.00   1.17919e+08
       9390.00   1.17477e+08
       9410.00   1.16468e+08
       9430.00   1.15529e+08
       9450.00   1.14577e+08
       9470.00   1.13627e+08
       9490.00   1.12622e+08
       9510.00   1.11299e+08
       9530.00   1.08874e+08
       9550.00   1.02995e+08
       9570.00   1.07575e+08
       9590.00   1.07827e+08
       9610.00   1.07285e+08
       9630.00   1.06393e+08
       9650.00   1.05576e+08
       9670.00   1.04725e+08
       9690.00   1.03880e+08
       9710.00   1.02809e+08
       9730.00   1.02184e+08
       9750.00   1.01401e+08
       9770.00   1.00007e+08
       9790.00   9.97876e+07
       9810.00   9.89936e+07
       9830.00   9.81701e+07
       9850.00   9.74263e+07
       9870.00   9.66567e+07
       9890.00   9.58926e+07
       9910.00   9.51262e+07
       9930.00   9.43881e+07
       9950.00   9.36475e+07
       9970.00   9.29121e+07
       9990.00   9.21856e+07
       10025.0   8.93314e+07
       10075.0   8.68251e+07
       10125.0   8.59108e+07
       10175.0   8.57891e+07
       10225.0   8.41522e+07
       10275.0   8.25287e+07
       10325.0   8.09539e+07
       10375.0   7.94790e+07
       10425.0   7.77617e+07
       10475.0   7.65473e+07
       10525.0   7.51280e+07
       10575.0   7.37455e+07
       10625.0   7.23923e+07
       10675.0   7.10711e+07
       10725.0   6.97779e+07
       10775.0   6.85153e+07
       10825.0   6.71990e+07
       10875.0   6.60091e+07
       10925.0   6.24014e+07
       10975.0   6.31071e+07
       11025.0   6.26011e+07
       11075.0   6.15088e+07
       11125.0   6.04306e+07
       11175.0   5.94174e+07
       11225.0   5.83780e+07
       11275.0   5.73635e+07
       11325.0   5.63676e+07
       11375.0   5.54102e+07
       11425.0   5.44645e+07
       11475.0   5.35388e+07
       11525.0   5.26300e+07
       11575.0   5.17348e+07
       11625.0   5.03039e+07
       11675.0   4.97910e+07
       11725.0   4.91837e+07
       11775.0   4.83675e+07
       11825.0   4.75579e+07
       11875.0   4.67815e+07
       11925.0   4.60139e+07
       11975.0   4.52311e+07
       12025.0   4.45275e+07
       12075.0   4.38003e+07
       12125.0   4.30913e+07
       12175.0   4.24052e+07
       12225.0   4.17263e+07
       12275.0   4.10595e+07
       12325.0   4.04071e+07
       12375.0   3.97688e+07
       12425.0   3.91419e+07
       12475.0   3.85262e+07
       12525.0   3.79214e+07
       12575.0   3.73322e+07
       12625.0   3.67535e+07
       12675.0   3.61850e+07
       12725.0   3.56267e+07
       12775.0   3.49121e+07
       12825.0   3.30165e+07
       12875.0   3.39400e+07
       12925.0   3.35021e+07
       12975.0   3.29915e+07
       13025.0   3.24988e+07
       13075.0   3.20106e+07
       13125.0   3.15331e+07
       13175.0   3.10620e+07
       13225.0   3.06014e+07
       13275.0   3.01490e+07
       13325.0   2.97046e+07
       13375.0   2.92703e+07
       13425.0   2.88415e+07
       13475.0   2.84204e+07
       13525.0   2.80088e+07
       13575.0   2.76025e+07
       13625.0   2.72055e+07
       13675.0   2.68156e+07
       13725.0   2.64305e+07
       13775.0   2.60544e+07
       13825.0   2.56829e+07
       13875.0   2.53201e+07
       13925.0   2.49618e+07
       13975.0   2.46118e+07
       14025.0   2.42662e+07
       14075.0   2.39286e+07
       14125.0   2.35953e+07
       14175.0   2.32660e+07
       14225.0   2.29463e+07
       14275.0   2.26306e+07
       14325.0   2.23113e+07
       14375.0   2.20105e+07
       14425.0   2.17134e+07
       14475.0   2.14198e+07
       14525.0   2.11297e+07
       14570.0   2.08716e+07
       14620.0   2.06004e+07
       14675.0   2.02959e+07
       14725.0   2.00227e+07
       14775.0   1.96027e+07
       14825.0   1.94964e+07
       14875.0   1.92396e+07
       14925.0   1.89857e+07
       14975.0   1.87365e+07
       15025.0   1.84902e+07
       15075.0   1.82484e+07
       15125.0   1.80143e+07
       15175.0   1.77764e+07
       15225.0   1.75444e+07
       15275.0   1.73216e+07
       15325.0   1.70932e+07
       15375.0   1.68739e+07
       15425.0   1.66522e+07
       15475.0   1.64425e+07
       15525.0   1.62305e+07
       15575.0   1.60193e+07
       15625.0   1.58305e+07
       15675.0   1.56147e+07
       15725.0   1.54135e+07
       15775.0   1.52614e+07
       15825.0   1.50538e+07
       15875.0   1.48183e+07
       15925.0   1.46739e+07
       15975.0   1.45341e+07
       16050.0   1.42352e+07
       16150.0   1.38538e+07
       16250.0   1.35836e+07
       16350.0   1.32150e+07
       16450.0   1.28577e+07
       16550.0   1.26324e+07
       16650.0   1.23343e+07
       16750.0   1.19967e+07
       16850.0   1.16635e+07
       16950.0   1.14917e+07
       17050.0   1.12213e+07
       17150.0   1.09693e+07
       17250.0   1.07150e+07
       17350.0   1.03240e+07
       17450.0   1.02204e+07
       17550.0   1.00102e+07
       17650.0   9.78703e+06
       17750.0   9.56981e+06
       17850.0   9.35883e+06
       17950.0   9.15359e+06
       18050.0   8.95358e+06
       18150.0   8.60588e+06
       18250.0   8.53785e+06
       18350.0   8.38642e+06
       18450.0   8.20733e+06
       18550.0   8.03467e+06
       18650.0   7.76829e+06
       18750.0   7.49169e+06
       18850.0   7.53721e+06
       18950.0   7.38191e+06
       19050.0   7.22780e+06
       19150.0   7.08029e+06
       19250.0   6.93514e+06
       19350.0   6.78597e+06
       19450.0   6.49709e+06
       19550.0   6.51379e+06
       19650.0   6.39068e+06
       19750.0   6.26306e+06
       19850.0   6.13844e+06
       19950.0   6.01695e+06
       20050.0   5.89861e+06
       20150.0   5.78305e+06
       20250.0   5.67022e+06
       20350.0   5.56022e+06
       20450.0   5.45274e+06
       20550.0   5.34752e+06
       20650.0   5.24568e+06
       20750.0   5.14222e+06
       20850.0   5.04786e+06
       20950.0   4.95300e+06
       21050.0   4.86006e+06
       21150.0   4.76848e+06
       21250.0   4.68049e+06
       21350.0   4.59377e+06
       21450.0   4.50903e+06
       21550.0   4.42283e+06
       21650.0   4.22349e+06
       21750.0   4.25665e+06
       21850.0   4.18913e+06
       21950.0   4.11375e+06
       22050.0   4.03995e+06
       22150.0   3.96777e+06
       22250.0   3.89718e+06
       22350.0   3.82815e+06
       22450.0   3.76063e+06
       22550.0   3.69468e+06
       22650.0   3.63011e+06
       22750.0   3.56690e+06
       22850.0   3.50833e+06
       22950.0   3.44785e+06
       23050.0   3.38857e+06
       23150.0   3.33061e+06
       23250.0   3.27394e+06
       23350.0   3.21838e+06
       23450.0   3.16400e+06
       23550.0   3.11076e+06
       23650.0   3.05865e+06
       23750.0   3.00763e+06
       23850.0   2.95769e+06
       23950.0   2.90875e+06
       24050.0   2.86077e+06
       24150.0   2.81387e+06
       24250.0   2.76765e+06
       24350.0   2.72279e+06
       24450.0   2.67863e+06
       24550.0   2.63541e+06
       24650.0   2.59299e+06
       24750.0   2.55093e+06
       24850.0   2.51073e+06
       24950.0   2.47068e+06
       25050.0   2.43178e+06
       25150.0   2.39336e+06
       25250.0   2.35329e+06
       25350.0   2.31893e+06
       25450.0   2.28282e+06
       25550.0   2.24647e+06
       25650.0   2.20671e+06
       25750.0   2.17847e+06
       25850.0   2.14507e+06
       25950.0   2.11223e+06
       26050.0   2.07656e+06
       26150.0   2.03746e+06
       26250.0   1.95040e+06
       26350.0   1.98153e+06
       26450.0   1.95726e+06
       26550.0   1.92800e+06
       26650.0   1.89744e+06
       26750.0   1.86116e+06
       26850.0   1.84158e+06
       26950.0   1.81627e+06
       27050.0   1.78958e+06
       27150.0   1.76344e+06
       27250.0   1.73768e+06
       27350.0   1.71246e+06
       27450.0   1.68696e+06
       27550.0   1.65205e+06
       27650.0   1.63362e+06
       27750.0   1.61594e+06
       27850.0   1.59290e+06
       27950.0   1.57024e+06
       28050.0   1.54800e+06
       28150.0   1.52613e+06
       28250.0   1.50468e+06
       28350.0   1.48358e+06
       28450.0   1.46284e+06
       28550.0   1.44244e+06
       28650.0   1.41724e+06
       28750.0   1.38758e+06
       28850.0   1.38200e+06
       28950.0   1.36442e+06
       29050.0   1.34576e+06
       29150.0   1.32741e+06
       29250.0   1.30937e+06
       29350.0   1.29158e+06
       29450.0   1.27414e+06
       29550.0   1.25699e+06
       29650.0   1.24012e+06
       29750.0   1.22354e+06
       29850.0   1.20724e+06
       29950.0   1.19121e+06
       30050.0   1.17545e+06
       30150.0   1.15992e+06
       30250.0   1.14391e+06
       30350.0   1.11524e+06
       30450.0   1.10585e+06
       30550.0   1.10016e+06
       30650.0   1.08605e+06
       30750.0   1.07203e+06
       30850.0   1.05816e+06
       30950.0   1.04457e+06
       31050.0   1.03117e+06
       31150.0   1.01800e+06
       31250.0   1.00501e+06
       31350.0       992249.
       31450.0       979702.
       31550.0       967333.
       31650.0       955175.
       31750.0       943188.
       31850.0       931407.
       31950.0       919791.
       32100.0       902696.
       32300.0       880539.
       32500.0       859035.
       32700.0       838200.
       32900.0       806566.
       33100.0       796367.
       33300.0       779729.
       33500.0       761282.
       33700.0       743350.
       33900.0       725918.
       34100.0       709036.
       34300.0       692594.
       34500.0       676675.
       34700.0       661169.
       34900.0       646128.
       35100.0       631508.
       35300.0       617297.
       35500.0       603456.
       35700.0       590033.
       35900.0       576988.
       36100.0       564282.
       36300.0       551906.
       36500.0       539879.
       36700.0       528193.
       36900.0       516811.
       37100.0       505670.
       37300.0       490731.
       37500.0       478116.
       37700.0       474223.
       37900.0       464274.
       38100.0       454560.
       38300.0       445125.
       38500.0       435937.
       38700.0       426966.
       38900.0       418230.
       39100.0       409256.
       39300.0       401417.
       39500.0       393330.
       39700.0       385433.
       39900.0       377746.
       40100.0       369770.
       40300.0       362189.
       40500.0       348836.
       40700.0       348736.
       40900.0       342024.
       41100.0       335402.
       41300.0       328915.
       41500.0       322602.
       41700.0       315182.
       41900.0       310357.
       42100.0       304545.
       42300.0       298809.
       42500.0       293188.
       42700.0       287720.
       42900.0       282342.
       43100.0       277152.
       43300.0       272045.
       43500.0       267041.
       43700.0       260854.
       43900.0       256919.
       44100.0       252754.
       44300.0       248211.
       44500.0       243759.
       44700.0       239471.
       44900.0       235212.
       45100.0       231056.
       45300.0       226983.
       45500.0       223008.
       45700.0       219113.
       45900.0       215294.
       46100.0       211569.
       46300.0       207829.
       46500.0       199372.
       46700.0       198653.
       46900.0       197116.
       47100.0       194087.
       47300.0       190816.
       47500.0       187610.
       47700.0       184467.
       47900.0       181386.
       48100.0       178366.
       48300.0       175423.
       48500.0       172538.
       48700.0       169710.
       48900.0       166938.
       49100.0       164221.
       49300.0       161558.
       49500.0       158949.
       49700.0       156391.
       49900.0       153884.
       50100.0       151427.
       50300.0       149019.
       50500.0       146664.
       50700.0       144351.
       50900.0       142083.
       51100.0       139637.
       51300.0       135822.
       51500.0       135410.
       51700.0       133448.
       51900.0       131392.
       52100.0       129376.
       52300.0       127397.
       52500.0       125457.
       52700.0       123553.
       52900.0       121684.
       53100.0       119852.
       53300.0       118052.
       53500.0       116287.
       53700.0       114555.
       53900.0       112854.
       54100.0       111185.
       54300.0       109547.
       54500.0       107939.
       54700.0       106359.
       54900.0       104809.
       55100.0       103287.
       55300.0       101792.
       55500.0       100324.
       55700.0       98882.8
       55900.0       97466.4
       56100.0       96076.0
       56300.0       94710.0
       56500.0       93368.0
       56700.0       92049.6
       56900.0       90754.3
       57100.0       89481.9
       57300.0       88230.7
       57500.0       87002.7
       57700.0       85795.2
       57900.0       84607.9
       58100.0       83442.7
       58300.0       82295.9
       58500.0       81183.8
       58700.0       80076.1
       58900.0       78792.6
       59100.0       76352.2
       59300.0       76758.3
       59500.0       75829.2
       59700.0       74812.5
       59900.0       73811.9
       60100.0       72828.1
       60300.0       71860.9
       60500.0       70909.0
       60700.0       69973.2
       60900.0       69052.2
       61100.0       68146.7
       61300.0       67256.6
       61500.0       66379.7
       61700.0       65517.6
       61900.0       64670.1
       62100.0       63835.1
       62300.0       63013.4
       62500.0       62205.7
       62700.0       61410.9
       62900.0       60627.7
       63100.0       59857.9
       63300.0       59100.4
       63500.0       58354.1
       63700.0       57619.6
       63900.0       56896.9
       64200.0       55833.6
       64600.0       54453.6
       65000.0       53116.8
       65400.0       51819.9
       65800.0       50562.6
       66200.0       49343.1
       66600.0       48160.2
       67000.0       47012.8
       67400.0       45898.4
       67800.0       44817.5
       68200.0       43767.6
       68600.0       42748.8
       69000.0       41758.4
       69400.0       40797.4
       69800.0       39863.4
       70200.0       38955.5
       70600.0       38073.9
       71000.0       37216.4
       71400.0       36383.1
       71800.0       35573.2
       72200.0       34785.6
       72600.0       34019.5
       73000.0       33274.4
       73400.0       32549.8
       73800.0       31844.5
       74200.0       31151.1
       74600.0       29948.0
       75000.0       29325.4
       75400.0       29194.0
       75800.0       28591.0
       76200.0       27990.5
       76600.0       27406.2
       77000.0       26836.9
       77400.0       26282.3
       77800.0       25741.3
       78200.0       25214.4
       78600.0       24701.1
       79000.0       24201.1
       79400.0       23712.8
       79800.0       23237.3
       80200.0       22773.5
       80600.0       22321.3
       81000.0       21880.3
       81400.0       21449.8
       81800.0       21029.9
       82200.0       20620.6
       82600.0       20220.9
       83000.0       19830.7
       83400.0       19449.8
       83800.0       19078.4
       84200.0       18715.3
       84600.0       18360.8
       85000.0       18014.8
       85400.0       17677.0
       85800.0       17346.7
       86200.0       17024.4
       86600.0       16709.7
       87000.0       16401.6
       87400.0       16100.9
       87800.0       15807.0
       88200.0       15520.1
       88600.0       15239.2
       89000.0       14964.6
       89400.0       14696.6
       89800.0       14434.3
       90200.0       14177.8
       90600.0       13926.7
       91000.0       13681.2
       91400.0       13441.3
       91800.0       13206.9
       92200.0       12976.9
       92600.0       12752.5
       93000.0       12532.4
       93400.0       12317.3
       93800.0       12106.8
       94200.0       11900.6
       94600.0       11698.7
       95000.0       11501.4
       95400.0       11307.9
       95800.0       11118.5
       96200.0       10933.4
       96600.0       10751.8
       97000.0       10574.0
       97400.0       10399.6
       97800.0       10229.2
       98200.0       10062.0
       98600.0       9898.42
       99000.0       9737.87
       99400.0       9580.73
       99800.0       9426.54
       100200.       9275.64
       200000.       568.015
       400000.       34.3955
       600000.       6.66447
       800000.       2.07920
   1.00000e+06      0.842181
   1.20000e+06      0.402369
   1.40000e+06      0.215448
   1.60000e+06      0.125386
