       90.9000       0.00000
       93.5000       0.00000
       96.1000       0.00000
       97.7000       0.00000
       99.6000       0.00000
       102.000       0.00000
       103.800       0.00000
       105.600       0.00000
       107.700       0.00000
       110.400       0.00000
       114.000       0.00000
       117.800       0.00000
       121.300       0.00000
       124.800       0.00000
       127.100       0.00000
       128.400       0.00000
       130.500       0.00000
       132.400       0.00000
       133.900       0.00000
       136.600       0.00000
       139.800       0.00000
       143.300       0.00000
       147.200       0.00000
       151.000       0.00000
       155.200       0.00000
       158.800       0.00000
       162.000       0.00000
       166.000       0.00000
       170.300       0.00000
       173.400       0.00000
       176.800       0.00000
       180.200       0.00000
       181.700       0.00000
       186.100       0.00000
       191.000       0.00000
       193.900       0.00000
       198.400       0.00000
       201.800       0.00000
       205.000       0.00000
       210.500       0.00000
       216.200       0.00000
       219.800       0.00000
       223.000       0.00000
       226.800       0.00000
       230.000       0.00000
       234.000       0.00000
       240.000       0.00000
       246.500       0.00000
       252.400       0.00000
       256.800       0.00000
       260.000       0.00000
       264.000       0.00000
       268.500       0.00000
       273.500       0.00000
       278.500       0.00000
       284.000       0.00000
       290.000       0.00000
       296.000       0.00000
       301.000       0.00000
       308.000       0.00000
       318.000       0.00000
       328.000       0.00000
       338.000       0.00000
       348.000       0.00000
       357.000       0.00000
       366.000       0.00000
       375.000       0.00000
       385.000       0.00000
       395.000       0.00000
       405.000       0.00000
       414.000       0.00000
       422.000       0.00000
       430.000       0.00000
       441.000       0.00000
       451.000       0.00000
       460.000       0.00000
       470.000       0.00000
       480.000       0.00000
       490.000       0.00000
       500.000       0.00000
       506.000   2.66264e-08
       512.000   5.21744e-08
       520.000   9.69927e-08
       530.000   2.06752e-07
       540.000   4.20411e-07
       550.000   8.53254e-07
       560.000   1.67222e-06
       570.000   3.19369e-06
       580.000   5.88322e-06
       590.000   1.09199e-05
       600.000   1.95544e-05
       610.000   3.44798e-05
       620.000   5.95330e-05
       630.000   0.000101040
       640.000   0.000168149
       650.000   0.000277256
       658.000   0.000407138
       665.000   0.000565191
       675.000   0.000895802
       685.000    0.00140407
       695.000    0.00216847
       705.000    0.00329096
       716.000    0.00519296
       726.000    0.00772722
       735.000     0.0109436
       745.000     0.0159319
       755.000     0.0229901
       765.000     0.0328820
       775.000     0.0465631
       785.000     0.0654391
       795.000     0.0903640
       805.000      0.124915
       815.000      0.171712
       825.000      0.233314
       835.000      0.313520
       845.000      0.421116
       855.000      0.559665
       865.000      0.738834
       875.000      0.965906
       885.000       1.26262
       895.000       1.63574
       905.000       2.09656
       915.000       365.263
       925.000       2237.02
       935.000       3128.51
       945.000       4821.42
       955.000       8133.77
       965.000       10553.2
       975.000       9817.88
       985.000       14859.9
       995.000       15357.7
       1005.00       20355.6
       1015.00       24593.3
       1025.00       15824.0
       1035.00       26876.6
       1045.00       35902.4
       1055.00       43548.1
       1065.00       44258.7
       1075.00       52955.0
       1085.00       57004.4
       1095.00       61720.9
       1105.00   2.37166e+06
       1115.00   5.89811e+06
       1125.00   6.00179e+06
       1135.00   6.62409e+06
       1145.00   6.03073e+06
       1155.00   7.02953e+06
       1165.00   7.28049e+06
       1175.00   4.78995e+06
       1185.00   2.08185e+06
       1195.00       104815.
       1205.00       128914.
       1215.00       25892.4
       1225.00       137098.
       1235.00       888261.
       1245.00   7.76222e+06
       1255.00   1.44593e+07
       1265.00   9.89320e+06
       1275.00   3.80502e+07
       1285.00   5.25320e+07
       1295.00   4.44949e+07
       1305.00   2.37958e+07
       1315.00   5.30055e+07
       1325.00   6.44527e+07
       1335.00   4.19340e+07
       1345.00   7.89790e+07
       1355.00   7.95391e+07
       1365.00   6.44428e+07
       1375.00   7.81527e+07
       1385.00   8.13175e+07
       1395.00   8.61184e+07
       1405.00   8.70572e+07
       1415.00   7.82258e+07
       1425.00   9.03300e+07
       1435.00   7.98731e+07
       1442.00   9.02038e+07
       1447.00   1.03056e+08
       1455.00   9.69380e+07
       1465.00   8.72849e+07
       1475.00   8.23616e+07
       1485.00   9.61171e+07
       1495.00   1.02614e+08
       1505.00   1.04081e+08
       1512.00   8.69079e+07
       1517.00   9.98906e+07
       1525.00   8.40669e+07
       1535.00   7.07661e+07
       1545.00   9.75748e+07
       1555.00   8.23081e+07
       1565.00   7.53053e+07
       1575.00   7.91238e+07
       1585.00   9.20388e+07
       1595.00   1.00469e+08
       1605.00   9.04612e+07
       1615.00   9.06126e+07
       1625.00   8.07453e+07
       1635.00   8.54893e+07
       1645.00   8.96460e+07
       1655.00   7.76217e+07
       1665.00   8.81983e+07
       1672.00   4.52696e+07
       1677.00   8.50773e+07
       1685.00   9.99046e+07
       1695.00   9.47968e+07
       1705.00   8.43185e+07
       1715.00   8.06815e+07
       1725.00   8.04223e+07
       1735.00   8.95650e+07
       1745.00   8.77187e+07
       1755.00   1.03398e+08
       1765.00   8.48737e+07
       1775.00   9.48383e+07
       1785.00   9.05946e+07
       1795.00   1.09506e+08
       1805.00   1.03665e+08
       1815.00   1.02194e+08
       1825.00   9.78852e+07
       1835.00   9.30150e+07
       1845.00   8.41141e+07
       1855.00   8.60978e+07
       1865.00   8.81219e+07
       1875.00   9.83644e+07
       1885.00   9.31164e+07
       1895.00   9.18362e+07
       1905.00   9.00711e+07
       1915.00   9.22414e+07
       1925.00   9.47493e+07
       1935.00   9.47666e+07
       1945.00   9.81763e+07
       1955.00   9.54920e+07
       1967.00   1.04088e+08
       1976.00   1.05583e+08
       1984.00   9.98137e+07
       1995.00   9.49677e+07
       2005.00   9.67404e+07
       2015.00   8.91762e+07
       2025.00   9.49124e+07
       2035.00   9.23171e+07
       2045.00   9.86051e+07
       2055.00   9.14300e+07
       2065.00   8.98133e+07
       2074.00   9.96154e+07
       2078.00   9.86826e+07
       2085.00   9.84198e+07
       2095.00   9.38774e+07
       2105.00   9.06580e+07
       2115.00   9.05017e+07
       2125.00   9.26470e+07
       2135.00   7.68896e+07
       2145.00   8.58427e+07
       2155.00   9.09210e+07
       2165.00   8.46980e+07
       2175.00   8.26786e+07
       2185.00   8.14580e+07
       2195.00   8.93186e+07
       2205.00   8.35745e+07
       2215.00   7.48351e+07
       2225.00   7.05774e+07
       2235.00   8.15873e+07
       2245.00   7.25957e+07
       2255.00   6.85498e+07
       2265.00   7.20867e+07
       2275.00   7.60430e+07
       2285.00   7.96432e+07
       2295.00   7.51383e+07
       2305.00   7.15451e+07
       2315.00   6.58340e+07
       2325.00   4.21778e+07
       2335.00   5.71871e+07
       2345.00   5.21864e+07
       2355.00   6.52700e+07
       2365.00   5.19932e+07
       2375.00   5.79793e+07
       2385.00   4.72709e+07
       2395.00   5.58394e+07
       2405.00   5.18113e+07
       2415.00   5.55469e+07
       2425.00   6.37222e+07
       2435.00   6.03470e+07
       2445.00   6.63403e+07
       2455.00   6.34070e+07
       2465.00   6.28997e+07
       2475.00   6.02271e+07
       2485.00   6.49844e+07
       2495.00   6.20559e+07
       2505.00   7.12033e+07
       2513.00   6.01500e+07
       2518.00   6.37616e+07
       2525.00   5.73939e+07
       2535.00   5.77492e+07
       2545.00   5.71451e+07
       2555.00   6.26901e+07
       2565.00   6.01408e+07
       2575.00   6.67653e+07
       2585.00   6.44288e+07
       2595.00   6.10856e+07
       2605.00   5.75142e+07
       2615.00   5.66675e+07
       2625.00   6.30871e+07
       2635.00   6.40741e+07
       2645.00   7.52650e+07
       2655.00   7.37211e+07
       2665.00   6.53131e+07
       2675.00   6.98378e+07
       2685.00   6.72283e+07
       2695.00   6.53298e+07
       2705.00   6.81634e+07
       2715.00   6.36349e+07
       2725.00   6.49647e+07
       2735.00   7.07204e+07
       2745.00   5.48170e+07
       2755.00   5.64697e+07
       2765.00   5.96690e+07
       2775.00   6.62356e+07
       2785.00   6.49739e+07
       2795.00   4.35442e+07
       2805.00   5.12712e+07
       2815.00   6.77991e+07
       2825.00   7.04874e+07
       2835.00   6.58287e+07
       2845.00   6.34585e+07
       2855.00   6.18130e+07
       2865.00   6.70964e+07
       2875.00   6.41692e+07
       2885.00   6.53999e+07
       2895.00   6.20540e+07
       2910.00   7.05405e+07
       2930.00   6.73252e+07
       2950.00   6.69565e+07
       2970.00   6.82103e+07
       2990.00   6.89527e+07
       3010.00   7.08961e+07
       3030.00   6.93272e+07
       3050.00   6.83562e+07
       3070.00   6.74125e+07
       3090.00   6.88114e+07
       3110.00   6.63050e+07
       3130.00   6.57718e+07
       3150.00   6.68946e+07
       3170.00   6.60194e+07
       3190.00   6.34060e+07
       3210.00   6.49144e+07
       3230.00   6.35642e+07
       3250.00   6.38507e+07
       3270.00   6.37273e+07
       3290.00   6.39886e+07
       3310.00   6.41495e+07
       3330.00   6.26168e+07
       3350.00   6.17942e+07
       3370.00   6.15704e+07
       3390.00   6.07936e+07
       3410.00   6.19552e+07
       3430.00   6.15294e+07
       3450.00   6.10365e+07
       3470.00   5.98875e+07
       3490.00   5.93670e+07
       3510.00   6.00654e+07
       3530.00   6.02665e+07
       3550.00   6.00437e+07
       3570.00   5.89945e+07
       3590.00   5.85611e+07
       3610.00   5.82147e+07
       3630.00   5.77694e+07
       3640.00   5.75064e+07
       3650.00   5.87499e+07
       3670.00   5.43521e+07
       3690.00   6.85226e+07
       3710.00   1.00628e+08
       3730.00   1.05387e+08
       3750.00   1.28449e+08
       3770.00   1.27710e+08
       3790.00   1.39904e+08
       3810.00   1.50935e+08
       3830.00   1.26942e+08
       3850.00   1.51691e+08
       3870.00   1.53732e+08
       3890.00   1.22399e+08
       3910.00   1.49417e+08
       3930.00   1.45305e+08
       3950.00   1.48193e+08
       3970.00   1.14043e+08
       3990.00   1.44877e+08
       4010.00   1.42641e+08
       4030.00   1.40116e+08
       4050.00   1.39592e+08
       4070.00   1.36727e+08
       4090.00   1.31821e+08
       4110.00   1.09907e+08
       4130.00   1.30409e+08
       4150.00   1.31425e+08
       4170.00   1.28590e+08
       4190.00   1.27726e+08
       4210.00   1.26331e+08
       4230.00   1.24511e+08
       4250.00   1.22083e+08
       4270.00   1.20303e+08
       4290.00   1.19780e+08
       4310.00   1.16576e+08
       4330.00   1.09262e+08
       4350.00   9.60038e+07
       4370.00   1.14038e+08
       4390.00   1.11095e+08
       4410.00   1.10936e+08
       4430.00   1.09806e+08
       4450.00   1.08660e+08
       4470.00   1.07067e+08
       4490.00   1.04811e+08
       4510.00   1.04317e+08
       4530.00   1.02772e+08
       4550.00   9.99216e+07
       4570.00   1.00993e+08
       4590.00   9.83504e+07
       4610.00   9.95179e+07
       4630.00   9.61487e+07
       4650.00   9.70012e+07
       4670.00   9.53309e+07
       4690.00   9.44819e+07
       4710.00   9.21376e+07
       4730.00   9.23804e+07
       4750.00   9.12735e+07
       4770.00   9.05561e+07
       4790.00   8.94764e+07
       4810.00   8.80076e+07
       4830.00   8.66214e+07
       4850.00   8.11166e+07
       4870.00   6.88481e+07
       4890.00   8.37746e+07
       4910.00   8.30919e+07
       4930.00   8.12938e+07
       4950.00   8.11210e+07
       4970.00   8.04740e+07
       4990.00   7.91721e+07
       5010.00   7.69953e+07
       5030.00   7.67996e+07
       5050.00   7.54318e+07
       5070.00   7.53434e+07
       5090.00   7.45330e+07
       5110.00   7.34053e+07
       5130.00   7.28570e+07
       5150.00   7.14641e+07
       5170.00   7.03287e+07
       5190.00   6.99066e+07
       5210.00   6.92266e+07
       5230.00   6.78635e+07
       5250.00   6.79201e+07
       5270.00   6.63530e+07
       5290.00   6.66976e+07
       5310.00   6.50899e+07
       5330.00   6.51208e+07
       5350.00   6.47506e+07
       5370.00   6.38904e+07
       5390.00   6.31759e+07
       5410.00   6.22720e+07
       5430.00   6.16583e+07
       5450.00   6.13042e+07
       5470.00   6.05445e+07
       5490.00   5.99667e+07
       5510.00   5.92356e+07
       5530.00   5.87093e+07
       5550.00   5.82001e+07
       5570.00   5.75461e+07
       5590.00   5.70085e+07
       5610.00   5.65621e+07
       5630.00   5.59291e+07
       5650.00   5.51055e+07
       5670.00   5.46541e+07
       5690.00   5.41996e+07
       5710.00   5.36473e+07
       5730.00   5.30910e+07
       5750.00   5.25229e+07
       5770.00   5.19988e+07
       5790.00   5.13289e+07
       5810.00   5.08712e+07
       5830.00   5.03421e+07
       5850.00   4.98917e+07
       5870.00   4.91565e+07
       5890.00   4.86462e+07
       5910.00   4.83564e+07
       5930.00   4.79161e+07
       5950.00   4.71614e+07
       5970.00   4.68491e+07
       5990.00   4.62218e+07
       6010.00   4.59846e+07
       6030.00   4.55505e+07
       6050.00   4.50306e+07
       6070.00   4.45963e+07
       6090.00   4.41536e+07
       6110.00   4.37176e+07
       6130.00   4.32784e+07
       6150.00   4.23211e+07
       6170.00   4.24391e+07
       6190.00   4.20522e+07
       6210.00   4.16518e+07
       6230.00   4.11771e+07
       6250.00   4.03315e+07
       6270.00   4.04541e+07
       6290.00   4.00449e+07
       6310.00   3.95218e+07
       6330.00   3.92574e+07
       6350.00   3.84116e+07
       6370.00   3.81476e+07
       6390.00   3.80697e+07
       6410.00   3.76675e+07
       6430.00   3.73743e+07
       6450.00   3.67236e+07
       6470.00   3.67309e+07
       6490.00   3.62106e+07
       6510.00   3.58631e+07
       6530.00   3.54370e+07
       6550.00   3.36061e+07
       6561.25   2.79426e+07
       6590.00   3.43037e+07
       6610.00   3.42792e+07
       6630.00   3.39990e+07
       6650.00   3.37309e+07
       6670.00   3.33731e+07
       6690.00   3.30686e+07
       6710.00   3.28074e+07
       6730.00   3.24546e+07
       6750.00   3.22014e+07
       6770.00   3.19153e+07
       6790.00   3.16074e+07
       6810.00   3.13245e+07
       6830.00   3.10073e+07
       6850.00   3.07350e+07
       6870.00   3.04677e+07
       6890.00   3.01974e+07
       6910.00   2.99164e+07
       6930.00   2.96263e+07
       6950.00   2.93811e+07
       6970.00   2.91220e+07
       6990.00   2.88878e+07
       7010.00   2.85683e+07
       7030.00   2.83694e+07
       7050.00   2.80601e+07
       7070.00   2.78315e+07
       7090.00   2.76282e+07
       7110.00   2.73090e+07
       7130.00   2.71019e+07
       7150.00   2.68783e+07
       7170.00   2.66531e+07
       7190.00   2.64139e+07
       7210.00   2.62009e+07
       7230.00   2.59012e+07
       7250.00   2.57184e+07
       7270.00   2.55158e+07
       7290.00   2.52746e+07
       7310.00   2.50173e+07
       7330.00   2.48522e+07
       7350.00   2.46635e+07
       7370.00   2.44577e+07
       7390.00   2.42406e+07
       7410.00   2.39816e+07
       7430.00   2.37524e+07
       7450.00   2.35687e+07
       7470.00   2.33265e+07
       7490.00   2.31806e+07
       7510.00   2.29538e+07
       7530.00   2.28314e+07
       7550.00   2.26451e+07
       7570.00   2.24540e+07
       7590.00   2.22626e+07
       7610.00   2.20936e+07
       7630.00   2.18990e+07
       7650.00   2.16791e+07
       7670.00   2.15233e+07
       7690.00   2.13478e+07
       7710.00   2.11110e+07
       7730.00   2.10007e+07
       7750.00   2.08266e+07
       7770.00   2.02646e+07
       7790.00   2.04866e+07
       7810.00   2.03336e+07
       7830.00   2.01543e+07
       7850.00   1.99386e+07
       7870.00   1.97249e+07
       7890.00   1.95482e+07
       7910.00   1.94970e+07
       7930.00   1.93592e+07
       7950.00   1.91135e+07
       7970.00   1.90486e+07
       7990.00   1.86848e+07
       8010.00   1.87431e+07
       8030.00   1.85915e+07
       8050.00   1.84445e+07
       8070.00   1.82925e+07
       8090.00   1.81492e+07
       8110.00   1.79951e+07
       8130.00   1.78685e+07
       8150.00   1.77276e+07
       8170.00   1.75906e+07
       8190.00   1.73947e+07
       8210.00   1.72883e+07
       8230.00   1.71304e+07
       8250.00   1.71034e+07
       8270.00   1.69436e+07
       8290.00   1.64886e+07
       8310.00   1.61164e+07
       8330.00   1.57649e+07
       8350.00   1.58608e+07
       8370.00   1.54130e+07
       8390.00   1.57543e+07
       8410.00   1.58063e+07
       8430.00   1.65462e+07
       8450.00   1.63297e+07
       8470.00   1.53384e+07
       8490.00   1.75393e+07
       8510.00   1.52013e+07
       8530.00   1.77060e+07
       8550.00   1.47105e+07
       8570.00   1.76688e+07
       8590.00   1.62112e+07
       8610.00   1.55734e+07
       8630.00   1.73481e+07
       8650.00   1.69322e+07
       8670.00   1.40606e+07
       8690.00   1.67582e+07
       8710.00   1.68760e+07
       8730.00   1.66005e+07
       8750.00   1.37520e+07
       8770.00   1.61795e+07
       8790.00   1.64239e+07
       8810.00   1.63067e+07
       8830.00   1.60575e+07
       8850.00   1.54872e+07
       8870.00   1.32943e+07
       8890.00   1.57114e+07
       8910.00   1.56400e+07
       8930.00   1.55171e+07
       8950.00   1.54883e+07
       8970.00   1.53612e+07
       8990.00   1.51340e+07
       9010.00   1.29568e+07
       9030.00   1.41422e+07
       9050.00   1.48388e+07
       9070.00   1.45953e+07
       9090.00   1.44677e+07
       9110.00   1.44919e+07
       9130.00   1.44113e+07
       9150.00   1.43587e+07
       9170.00   1.42079e+07
       9190.00   1.40052e+07
       9210.00   1.37534e+07
       9230.00   1.13860e+07
       9250.00   1.34133e+07
       9270.00   1.33589e+07
       9290.00   1.35852e+07
       9310.00   1.35221e+07
       9330.00   1.34093e+07
       9350.00   1.33373e+07
       9370.00   1.32401e+07
       9390.00   1.30804e+07
       9410.00   1.28674e+07
       9430.00   1.29387e+07
       9450.00   1.28633e+07
       9470.00   1.27561e+07
       9490.00   1.26714e+07
       9510.00   1.25428e+07
       9530.00   1.22364e+07
       9550.00   1.02582e+07
       9570.00   1.21491e+07
       9590.00   1.22107e+07
       9610.00   1.21163e+07
       9630.00   1.19003e+07
       9650.00   1.19724e+07
       9670.00   1.18286e+07
       9690.00   1.17971e+07
       9710.00   1.17290e+07
       9730.00   1.16414e+07
       9750.00   1.15556e+07
       9770.00   1.14811e+07
       9790.00   1.13958e+07
       9810.00   1.13067e+07
       9830.00   1.12139e+07
       9850.00   1.11378e+07
       9870.00   1.10656e+07
       9890.00   1.09535e+07
       9910.00   1.09216e+07
       9930.00   1.08371e+07
       9950.00   1.07666e+07
       9970.00   1.07000e+07
       9990.00   1.06236e+07
       10025.0   1.01867e+07
       10075.0   9.69498e+06
       10125.0   1.00621e+07
       10175.0   9.95330e+06
       10225.0   9.80502e+06
       10275.0   9.63882e+06
       10325.0   9.47113e+06
       10375.0   9.31636e+06
       10425.0   9.16585e+06
       10475.0   8.99890e+06
       10525.0   8.83913e+06
       10575.0   8.71195e+06
       10625.0   8.57709e+06
       10675.0   8.36866e+06
       10725.0   8.27411e+06
       10775.0   8.15888e+06
       10825.0   8.02099e+06
       10875.0   7.89453e+06
       10925.0   7.15833e+06
       10975.0   7.55615e+06
       11025.0   7.53736e+06
       11075.0   7.42031e+06
       11125.0   7.30384e+06
       11175.0   7.18855e+06
       11225.0   7.07771e+06
       11275.0   6.90365e+06
       11325.0   6.80846e+06
       11375.0   6.75282e+06
       11425.0   6.64766e+06
       11475.0   6.55066e+06
       11525.0   6.45140e+06
       11575.0   6.35276e+06
       11625.0   6.24053e+06
       11675.0   6.14048e+06
       11725.0   6.06904e+06
       11775.0   5.94234e+06
       11825.0   5.88277e+06
       11875.0   5.78818e+06
       11925.0   5.71882e+06
       11975.0   5.62597e+06
       12025.0   5.55037e+06
       12075.0   5.46729e+06
       12125.0   5.38744e+06
       12175.0   5.31151e+06
       12225.0   5.23387e+06
       12275.0   5.15557e+06
       12325.0   5.08332e+06
       12375.0   5.01108e+06
       12425.0   4.94252e+06
       12475.0   4.85820e+06
       12525.0   4.80292e+06
       12575.0   4.72525e+06
       12625.0   4.66544e+06
       12675.0   4.60362e+06
       12725.0   4.54006e+06
       12775.0   4.45888e+06
       12825.0   4.06779e+06
       12875.0   4.34466e+06
       12925.0   4.29442e+06
       12975.0   4.23543e+06
       13025.0   4.17811e+06
       13075.0   4.12109e+06
       13125.0   4.06526e+06
       13175.0   4.00060e+06
       13225.0   3.95663e+06
       13275.0   3.90336e+06
       13325.0   3.85121e+06
       13375.0   3.79972e+06
       13425.0   3.74764e+06
       13475.0   3.69706e+06
       13525.0   3.64650e+06
       13575.0   3.60027e+06
       13625.0   3.55320e+06
       13675.0   3.50349e+06
       13725.0   3.45801e+06
       13775.0   3.41786e+06
       13825.0   3.37367e+06
       13875.0   3.33061e+06
       13925.0   3.28653e+06
       13975.0   3.24512e+06
       14025.0   3.20421e+06
       14075.0   3.16342e+06
       14125.0   3.12256e+06
       14175.0   3.08369e+06
       14225.0   3.04474e+06
       14275.0   3.00644e+06
       14325.0   2.96860e+06
       14375.0   2.93139e+06
       14425.0   2.88504e+06
       14475.0   2.85867e+06
       14525.0   2.81777e+06
       14570.0   2.79223e+06
       14620.0   2.76382e+06
       14675.0   2.72880e+06
       14725.0   2.69518e+06
       14775.0   2.65609e+06
       14825.0   2.61523e+06
       14875.0   2.56840e+06
       14925.0   2.52399e+06
       14975.0   2.49238e+06
       15025.0   2.44227e+06
       15075.0   2.42428e+06
       15125.0   2.39922e+06
       15175.0   2.38801e+06
       15225.0   2.41624e+06
       15275.0   2.30680e+06
       15325.0   2.30733e+06
       15375.0   2.34526e+06
       15425.0   2.23238e+06
       15475.0   2.30671e+06
       15525.0   2.29390e+06
       15575.0   2.13632e+06
       15625.0   2.26911e+06
       15675.0   2.18903e+06
       15725.0   2.08403e+06
       15775.0   2.19361e+06
       15825.0   2.16699e+06
       15875.0   1.97517e+06
       15925.0   2.10153e+06
       15975.0   2.09858e+06
       16050.0   2.04977e+06
       16150.0   1.93419e+06
       16250.0   1.97066e+06
       16350.0   1.91267e+06
       16450.0   1.80943e+06
       16550.0   1.84210e+06
       16650.0   1.80156e+06
       16750.0   1.74828e+06
       16850.0   1.65528e+06
       16950.0   1.68537e+06
       17050.0   1.64946e+06
       17150.0   1.61453e+06
       17250.0   1.57902e+06
       17350.0   1.47602e+06
       17450.0   1.50926e+06
       17550.0   1.48098e+06
       17650.0   1.45034e+06
       17750.0   1.42029e+06
       17850.0   1.39130e+06
       17950.0   1.36368e+06
       18050.0   1.33196e+06
       18150.0   1.25340e+06
       18250.0   1.27442e+06
       18350.0   1.25598e+06
       18450.0   1.23112e+06
       18550.0   1.20540e+06
       18650.0   1.18178e+06
       18750.0   1.10695e+06
       18850.0   1.13478e+06
       18950.0   1.11403e+06
       19050.0   1.09281e+06
       19150.0   1.07167e+06
       19250.0   1.05091e+06
       19350.0   1.03021e+06
       19450.0       967463.
       19550.0       991400.
       19650.0       973461.
       19750.0       955013.
       19850.0       937260.
       19950.0       919803.
       20050.0       902807.
       20150.0       886149.
       20250.0       869876.
       20350.0       853934.
       20450.0       838432.
       20550.0       823227.
       20650.0       808329.
       20750.0       793863.
       20850.0       779715.
       20950.0       765817.
       21050.0       752241.
       21150.0       738617.
       21250.0       725717.
       21350.0       712976.
       21450.0       700775.
       21550.0       688511.
       21650.0       648087.
       21750.0       664145.
       21850.0       653873.
       21950.0       642776.
       22050.0       631876.
       22150.0       621062.
       22250.0       610797.
       22350.0       600570.
       22450.0       590574.
       22550.0       580725.
       22650.0       571166.
       22750.0       561759.
       22850.0       555186.
       22950.0       552941.
       23050.0       541070.
       23150.0       529734.
       23250.0       519103.
       23350.0       508468.
       23450.0       499064.
       23550.0       489666.
       23650.0       481540.
       23750.0       474681.
       23850.0       467073.
       23950.0       459739.
       24050.0       451404.
       24150.0       443184.
       24250.0       444097.
       24350.0       430863.
       24450.0       423886.
       24550.0       424040.
       24650.0       413663.
       24750.0       407578.
       24850.0       409038.
       24950.0       387235.
       25050.0       397472.
       25150.0       391083.
       25250.0       369402.
       25350.0       378804.
       25450.0       374205.
       25550.0       367628.
       25650.0       347257.
       25750.0       357349.
       25850.0       352594.
       25950.0       347509.
       26050.0       340550.
       26150.0       322651.
       26250.0       316419.
       26350.0       326849.
       26450.0       323117.
       26550.0       318485.
       26650.0       313421.
       26750.0       295393.
       26850.0       304599.
       26950.0       300839.
       27050.0       296621.
       27150.0       292487.
       27250.0       288407.
       27350.0       284403.
       27450.0       280364.
       27550.0       265547.
       27650.0       270114.
       27750.0       269062.
       27850.0       265389.
       27950.0       261781.
       28050.0       258228.
       28150.0       254733.
       28250.0       251294.
       28350.0       247936.
       28450.0       244595.
       28550.0       241359.
       28650.0       237075.
       28750.0       224882.
       28850.0       231731.
       28950.0       228658.
       29050.0       225846.
       29150.0       222827.
       29250.0       219980.
       29350.0       217119.
       29450.0       214323.
       29550.0       211563.
       29650.0       208840.
       29750.0       206166.
       29850.0       203535.
       29950.0       200943.
       30050.0       198390.
       30150.0       195874.
       30250.0       193371.
       30350.0       184680.
       30450.0       185874.
       30550.0       186177.
       30650.0       183909.
       30750.0       181620.
       30850.0       179264.
       30950.0       177156.
       31050.0       174977.
       31150.0       172823.
       31250.0       170704.
       31350.0       168639.
       31450.0       166571.
       31550.0       164578.
       31650.0       162581.
       31750.0       160616.
       31850.0       158703.
       31950.0       156796.
       32100.0       154003.
       32300.0       150376.
       32500.0       146847.
       32700.0       143422.
       32900.0       136640.
       33100.0       137442.
       33300.0       134441.
       33500.0       131108.
       33700.0       127871.
       33900.0       124813.
       34100.0       121756.
       34300.0       118973.
       34500.0       116309.
       34700.0       113777.
       34900.0       111209.
       35100.0       108905.
       35300.0       106599.
       35500.0       104029.
       35700.0       101646.
       35900.0       100651.
       36100.0       97197.0
       36300.0       96526.3
       36500.0       93014.0
       36700.0       92632.3
       36900.0       88969.3
       37100.0       88770.8
       37300.0       86161.5
       37500.0       82440.0
       37700.0       83462.8
       37900.0       81802.7
       38100.0       79041.2
       38300.0       77832.6
       38500.0       76975.3
       38700.0       75437.1
       38900.0       73864.3
       39100.0       70801.6
       39300.0       71082.9
       39500.0       69674.3
       39700.0       68347.8
       39900.0       67018.3
       40100.0       65170.7
       40300.0       63412.0
       40500.0       61820.3
       40700.0       62048.9
       40900.0       60887.3
       41100.0       59749.7
       41300.0       58633.5
       41500.0       57533.8
       41700.0       55074.6
       41900.0       55417.0
       42100.0       54422.0
       42300.0       53432.7
       42500.0       52463.8
       42700.0       51514.8
       42900.0       50589.4
       43100.0       49680.9
       43300.0       48797.0
       43500.0       47929.2
       43700.0       46010.0
       43900.0       46105.8
       44100.0       45442.6
       44300.0       44651.2
       44500.0       43875.9
       44700.0       43297.5
       44900.0       42550.1
       45100.0       41821.7
       45300.0       41100.7
       45500.0       40407.2
       45700.0       39722.4
       45900.0       39051.5
       46100.0       38396.1
       46300.0       37752.3
       46500.0       36307.9
       46700.0       35493.2
       46900.0       35859.1
       47100.0       35315.8
       47300.0       34736.5
       47500.0       34165.8
       47700.0       33613.3
       47900.0       33070.5
       48100.0       32537.2
       48300.0       32014.7
       48500.0       31503.0
       48700.0       31000.1
       48900.0       30509.2
       49100.0       30026.7
       49300.0       29554.2
       49500.0       29091.4
       49700.0       28636.6
       49900.0       28191.1
       50100.0       27753.4
       50300.0       27324.6
       50500.0       26904.8
       50700.0       26493.6
       50900.0       26088.1
       51100.0       25669.3
       51300.0       24657.8
       51500.0       24911.3
       51700.0       24545.6
       51900.0       24179.1
       52100.0       23817.6
       52300.0       23463.6
       52500.0       23115.7
       52700.0       22773.7
       52900.0       22440.3
       53100.0       22111.3
       53300.0       21789.1
       53500.0       21471.2
       53700.0       21160.1
       53900.0       20854.2
       54100.0       20554.8
       54300.0       20260.6
       54500.0       19971.4
       54700.0       19687.1
       54900.0       19407.7
       55100.0       19133.0
       55300.0       18863.1
       55500.0       18598.9
       55700.0       18338.1
       55900.0       18083.0
       56100.0       17832.2
       56300.0       17585.6
       56500.0       17343.3
       56700.0       17104.0
       56900.0       16870.0
       57100.0       16639.9
       57300.0       16413.8
       57500.0       16190.4
       57700.0       15972.0
       57900.0       15757.4
       58100.0       15545.3
       58300.0       15337.9
       58500.0       15167.2
       58700.0       14965.6
       58900.0       14746.9
       59100.0       14196.4
       59300.0       14374.0
       59500.0       14191.3
       59700.0       14006.5
       59900.0       13822.9
       60100.0       13643.4
       60300.0       13467.1
       60500.0       13292.7
       60700.0       13122.5
       60900.0       12954.1
       61100.0       12787.7
       61300.0       12625.2
       61500.0       12464.6
       61700.0       12306.7
       61900.0       12151.6
       62100.0       11998.2
       62300.0       11847.5
       62500.0       11699.5
       62700.0       11554.1
       62900.0       11410.2
       63100.0       11269.0
       63300.0       11129.2
       63500.0       10992.0
       63700.0       10857.1
       63900.0       10724.7
       64200.0       10528.7
       64600.0       10275.1
       65000.0       10028.6
       65400.0       9789.16
       65800.0       9557.39
       66200.0       9332.21
       66600.0       9114.28
       67000.0       8901.71
       67400.0       8696.03
       67800.0       8495.38
       68200.0       8301.25
       68600.0       8111.86
       69000.0       7928.67
       69400.0       7750.48
       69800.0       7577.23
       70200.0       7408.64
       70600.0       7244.73
       71000.0       7085.46
       71400.0       6929.88
       71800.0       6779.37
       72200.0       6632.70
       72600.0       6489.77
       73000.0       6351.11
       73400.0       6215.79
       73800.0       6084.13
       74200.0       5956.03
       74600.0       5811.16
       75000.0       5633.01
       75400.0       5591.49
       75800.0       5476.38
       76200.0       5364.08
       76600.0       5254.59
       77000.0       5147.97
       77400.0       5043.90
       77800.0       4942.56
       78200.0       4843.77
       78600.0       4747.33
       79000.0       4653.32
       79400.0       4561.62
       79800.0       4472.17
       80200.0       4384.91
       80600.0       4299.74
       81000.0       4216.67
       81400.0       4135.53
       81800.0       4056.34
       82200.0       3979.10
       82600.0       3903.60
       83000.0       3829.92
       83400.0       3757.96
       83800.0       3687.62
       84200.0       3619.03
       84600.0       3551.99
       85000.0       3486.52
       85400.0       3422.47
       85800.0       3359.93
       86200.0       3298.81
       86600.0       3239.07
       87000.0       3180.68
       87400.0       3123.57
       87800.0       3067.76
       88200.0       3013.22
       88600.0       2959.82
       89000.0       2907.64
       89400.0       2856.60
       89800.0       2806.64
       90200.0       2757.81
       90600.0       2710.02
       91000.0       2663.23
       91400.0       2617.46
       91800.0       2572.71
       92200.0       2528.85
       92600.0       2485.96
       93000.0       2443.93
       93400.0       2402.84
       93800.0       2362.56
       94200.0       2323.18
       94600.0       2284.55
       95000.0       2246.77
       95400.0       2209.72
       95800.0       2173.45
       96200.0       2137.95
       96600.0       2103.12
       97000.0       2068.99
       97400.0       2035.60
       97800.0       2002.87
       98200.0       1970.76
       98600.0       1939.34
       99000.0       1908.48
       99400.0       1878.28
       99800.0       1848.66
       100200.       1819.63
       200000.       116.278
       400000.       7.21557
       600000.       1.41117
       800000.      0.442505
   1.00000e+06      0.179847
   1.20000e+06     0.0861509
   1.40000e+06     0.0462321
   1.60000e+06     0.0269612
