       90.9000       0.00000
       93.5000       0.00000
       96.1000       0.00000
       97.7000       0.00000
       99.6000       0.00000
       102.000       0.00000
       103.800       0.00000
       105.600       0.00000
       107.700       0.00000
       110.400       0.00000
       114.000       0.00000
       117.800       0.00000
       121.300       0.00000
       124.800       0.00000
       127.100       0.00000
       128.400       0.00000
       130.500       0.00000
       132.400       0.00000
       133.900       0.00000
       136.600       0.00000
       139.800       0.00000
       143.300       0.00000
       147.200       0.00000
       151.000       0.00000
       155.200       0.00000
       158.800       0.00000
       162.000       0.00000
       166.000       0.00000
       170.300       0.00000
       173.400       0.00000
       176.800       0.00000
       180.200       0.00000
       181.700       0.00000
       186.100       0.00000
       191.000       0.00000
       193.900       0.00000
       198.400       0.00000
       201.800       0.00000
       205.000       0.00000
       210.500       0.00000
       216.200       0.00000
       219.800       0.00000
       223.000       0.00000
       226.800       0.00000
       230.000       0.00000
       234.000       0.00000
       240.000       0.00000
       246.500       0.00000
       252.400       0.00000
       256.800       0.00000
       260.000       0.00000
       264.000       0.00000
       268.500       0.00000
       273.500       0.00000
       278.500       0.00000
       284.000       0.00000
       290.000       0.00000
       296.000       0.00000
       301.000       0.00000
       308.000       0.00000
       318.000       0.00000
       328.000       0.00000
       338.000       0.00000
       348.000       0.00000
       357.000       0.00000
       366.000       0.00000
       375.000       0.00000
       385.000       0.00000
       395.000       0.00000
       405.000       0.00000
       414.000       0.00000
       422.000       0.00000
       430.000       0.00000
       441.000       0.00000
       451.000       0.00000
       460.000       0.00000
       470.000       0.00000
       480.000       0.00000
       490.000       0.00000
       500.000       0.00000
       506.000       0.00000
       512.000       0.00000
       520.000       0.00000
       530.000       0.00000
       540.000       0.00000
       550.000       0.00000
       560.000       0.00000
       570.000       0.00000
       580.000       0.00000
       590.000       0.00000
       600.000       0.00000
       610.000       0.00000
       620.000       0.00000
       630.000       0.00000
       640.000       0.00000
       650.000       0.00000
       658.000       0.00000
       665.000       0.00000
       675.000       0.00000
       685.000       0.00000
       695.000       0.00000
       705.000       0.00000
       716.000       0.00000
       726.000       0.00000
       735.000       0.00000
       745.000       0.00000
       755.000       0.00000
       765.000       0.00000
       775.000       0.00000
       785.000       0.00000
       795.000       0.00000
       805.000       0.00000
       815.000       0.00000
       825.000       0.00000
       835.000       0.00000
       845.000       0.00000
       855.000       0.00000
       865.000       0.00000
       875.000       0.00000
       885.000       0.00000
       895.000       0.00000
       905.000       0.00000
       915.000       0.00000
       925.000   4.33258e-06
       935.000   6.20282e-06
       945.000   9.21677e-06
       955.000   1.37809e-05
       965.000   2.01104e-05
       975.000   2.78542e-05
       985.000   3.94699e-05
       995.000   5.48148e-05
       1005.00   8.02528e-05
       1015.00   0.000110555
       1025.00   0.000138565
       1035.00   0.000209989
       1045.00   0.000288513
       1055.00   0.000381968
       1065.00   0.000514099
       1075.00   0.000692907
       1085.00   0.000926445
       1095.00    0.00119700
       1105.00    0.00394618
       1115.00    0.00633993
       1125.00    0.00918113
       1135.00     0.0133924
       1145.00     0.0178577
       1155.00     0.0212998
       1165.00     0.0287955
       1175.00     0.0370912
       1185.00     0.0421769
       1195.00     0.0386327
       1205.00     0.0440705
       1215.00     0.0180926
       1225.00     0.0614643
       1235.00      0.109312
       1245.00      0.144791
       1255.00      0.172989
       1265.00      0.189349
       1275.00      0.233043
       1285.00      0.264018
       1295.00      0.322384
       1305.00      0.344229
       1315.00      0.428205
       1325.00      0.453332
       1335.00      0.516005
       1345.00      0.608092
       1355.00      0.713316
       1365.00      0.778846
       1375.00      0.864639
       1385.00      0.975044
       1395.00       1.11161
       1405.00       1.34180
       1415.00       1.54414
       1425.00       1.79543
       1435.00       2.13006
       1442.00       2.66183
       1447.00       2.50349
       1455.00       2.90793
       1465.00       3.65861
       1475.00       4.20916
       1485.00       4.61085
       1495.00       5.82889
       1505.00       7.04570
       1512.00       5.84719
       1517.00       7.14372
       1525.00       15.2173
       1535.00       24.5843
       1545.00       20.7397
       1555.00       33.6109
       1565.00       31.9046
       1575.00       58.3633
       1585.00       70.9725
       1595.00       82.8843
       1605.00       89.4141
       1615.00       98.4846
       1625.00       110.929
       1635.00       129.469
       1645.00       182.753
       1655.00       121.437
       1665.00       212.376
       1672.00       153.275
       1677.00       544.655
       1685.00       613.455
       1695.00       761.702
       1705.00       826.273
       1715.00       779.059
       1725.00       996.524
       1735.00       1186.14
       1745.00       1634.84
       1755.00       2204.22
       1765.00       2052.70
       1775.00       2247.62
       1785.00       2963.14
       1795.00       3576.57
       1805.00       3824.17
       1815.00       3581.55
       1825.00       4517.99
       1835.00       4728.79
       1845.00       3633.47
       1855.00       5241.34
       1865.00       6185.65
       1875.00       6686.18
       1885.00       7176.93
       1895.00       9361.65
       1905.00       9148.39
       1915.00       10235.9
       1925.00       10347.4
       1935.00       7525.10
       1945.00       13418.0
       1955.00       14070.6
       1967.00       18299.6
       1976.00       17381.7
       1984.00       20543.7
       1995.00       21487.7
       2005.00       20930.0
       2015.00       23148.2
       2025.00       18911.7
       2035.00       26135.0
       2045.00       30280.6
       2055.00       31369.3
       2065.00       31462.9
       2074.00       34181.4
       2078.00       111673.
       2085.00       155780.
       2095.00       141232.
       2105.00       140922.
       2115.00       172438.
       2125.00       150655.
       2135.00       150247.
       2145.00       206918.
       2155.00       190782.
       2165.00       160716.
       2175.00       155888.
       2185.00       242157.
       2195.00       220837.
       2205.00       224495.
       2215.00       158679.
       2225.00       216498.
       2235.00       319079.
       2245.00       303177.
       2255.00       211613.
       2265.00       175587.
       2275.00       188750.
       2285.00       326336.
       2295.00       238862.
       2305.00       327080.
       2315.00       260347.
       2325.00       221858.
       2335.00       191785.
       2345.00       116376.
       2355.00       260205.
       2365.00       140105.
       2375.00       189226.
       2385.00       107120.
       2395.00       139500.
       2405.00       144869.
       2415.00       167061.
       2425.00       331789.
       2435.00       339045.
       2445.00       429312.
       2455.00       475477.
       2465.00       365253.
       2475.00       307405.
       2485.00       125717.
       2495.00       197630.
       2505.00       350991.
       2513.00       130405.
       2518.00       92032.8
       2525.00       107578.
       2535.00       241208.
       2545.00       252223.
       2555.00       626324.
       2565.00       423122.
       2575.00       602541.
       2585.00       514804.
       2595.00       452153.
       2605.00       372787.
       2615.00       328755.
       2625.00       479547.
       2635.00   1.00200e+06
       2645.00   1.37746e+06
       2655.00   2.08727e+06
       2665.00   1.19010e+06
       2675.00   1.40328e+06
       2685.00   1.70550e+06
       2695.00   1.13097e+06
       2705.00   1.45033e+06
       2715.00       977854.
       2725.00       651676.
       2735.00       943309.
       2745.00       491108.
       2755.00       737079.
       2765.00   1.02214e+06
       2775.00   1.04855e+06
       2785.00       563185.
       2795.00       235538.
       2805.00       294417.
       2815.00       906761.
       2825.00   1.42462e+06
       2835.00   1.29225e+06
       2845.00       732514.
       2855.00       354017.
       2865.00   1.17716e+06
       2875.00   1.98055e+06
       2885.00   1.68472e+06
       2895.00   2.26537e+06
       2910.00   3.07738e+06
       2930.00   2.63416e+06
       2950.00   2.41891e+06
       2970.00   2.51047e+06
       2990.00   2.57489e+06
       3010.00   2.55600e+06
       3030.00   2.77399e+06
       3050.00   2.90588e+06
       3070.00   3.15026e+06
       3090.00   2.95435e+06
       3110.00   3.44908e+06
       3130.00   3.22030e+06
       3150.00   3.06373e+06
       3170.00   3.34974e+06
       3190.00   2.93688e+06
       3210.00   3.29219e+06
       3230.00   2.71102e+06
       3250.00   3.84702e+06
       3270.00   4.51989e+06
       3290.00   4.31753e+06
       3310.00   4.09909e+06
       3330.00   4.21613e+06
       3350.00   4.10484e+06
       3370.00   3.05248e+06
       3390.00   3.54009e+06
       3410.00   3.57159e+06
       3430.00   3.71290e+06
       3450.00   3.95579e+06
       3470.00   4.14404e+06
       3490.00   4.59187e+06
       3510.00   4.80511e+06
       3530.00   4.37502e+06
       3550.00   5.06961e+06
       3570.00   3.61481e+06
       3590.00   3.54015e+06
       3610.00   4.34977e+06
       3630.00   4.37773e+06
       3640.00   4.50668e+06
       3650.00   5.14429e+06
       3670.00   5.33144e+06
       3690.00   4.89586e+06
       3710.00   5.23817e+06
       3730.00   3.74702e+06
       3750.00   4.25287e+06
       3770.00   5.22226e+06
       3790.00   5.37632e+06
       3810.00   5.18377e+06
       3830.00   2.89156e+06
       3850.00   4.20916e+06
       3870.00   4.04780e+06
       3890.00   4.88512e+06
       3910.00   5.74776e+06
       3930.00   2.95508e+06
       3950.00   5.00802e+06
       3970.00   3.52424e+06
       3990.00   6.96024e+06
       4010.00   7.38462e+06
       4030.00   7.47017e+06
       4050.00   7.16368e+06
       4070.00   6.88694e+06
       4090.00   7.94016e+06
       4110.00   7.74064e+06
       4130.00   7.77098e+06
       4150.00   7.78901e+06
       4170.00   7.89516e+06
       4190.00   7.47040e+06
       4210.00   7.56432e+06
       4230.00   7.21757e+06
       4250.00   7.27953e+06
       4270.00   6.80507e+06
       4290.00   6.27505e+06
       4310.00   5.19279e+06
       4330.00   7.60196e+06
       4350.00   7.30267e+06
       4370.00   8.03986e+06
       4390.00   7.29335e+06
       4410.00   7.85419e+06
       4430.00   8.39408e+06
       4450.00   8.27504e+06
       4470.00   8.73832e+06
       4490.00   8.79407e+06
       4510.00   9.68418e+06
       4530.00   8.76117e+06
       4550.00   9.06009e+06
       4570.00   9.59914e+06
       4590.00   9.04396e+06
       4610.00   9.23297e+06
       4630.00   9.09081e+06
       4650.00   9.18039e+06
       4670.00   9.43117e+06
       4690.00   9.23872e+06
       4710.00   8.96242e+06
       4730.00   9.34345e+06
       4750.00   9.48584e+06
       4770.00   9.51111e+06
       4790.00   9.45943e+06
       4810.00   9.33322e+06
       4830.00   9.50349e+06
       4850.00   8.89354e+06
       4870.00   7.92508e+06
       4890.00   8.95739e+06
       4910.00   8.96161e+06
       4930.00   8.79000e+06
       4950.00   9.15023e+06
       4970.00   9.22178e+06
       4990.00   8.59532e+06
       5010.00   8.26913e+06
       5030.00   8.71035e+06
       5050.00   8.74106e+06
       5070.00   9.09799e+06
       5090.00   8.73392e+06
       5110.00   8.87114e+06
       5130.00   8.66210e+06
       5150.00   8.34837e+06
       5170.00   7.57354e+06
       5190.00   7.68829e+06
       5210.00   8.40437e+06
       5230.00   8.51224e+06
       5250.00   8.79044e+06
       5270.00   7.80824e+06
       5290.00   8.71011e+06
       5310.00   9.00550e+06
       5330.00   8.15857e+06
       5350.00   8.73920e+06
       5370.00   8.66652e+06
       5390.00   8.57664e+06
       5410.00   8.29620e+06
       5430.00   8.52268e+06
       5450.00   8.70757e+06
       5470.00   8.55739e+06
       5490.00   8.60715e+06
       5510.00   8.53038e+06
       5530.00   8.56846e+06
       5550.00   8.64245e+06
       5570.00   8.40782e+06
       5590.00   8.25976e+06
       5610.00   8.49125e+06
       5630.00   8.49319e+06
       5650.00   8.50822e+06
       5670.00   8.30827e+06
       5690.00   8.41962e+06
       5710.00   8.25398e+06
       5730.00   8.71705e+06
       5750.00   8.43762e+06
       5770.00   8.49759e+06
       5790.00   8.29841e+06
       5810.00   8.44014e+06
       5830.00   8.54471e+06
       5850.00   8.35285e+06
       5870.00   8.36207e+06
       5890.00   7.84462e+06
       5910.00   8.25368e+06
       5930.00   8.23442e+06
       5950.00   8.24088e+06
       5970.00   8.25023e+06
       5990.00   8.15932e+06
       6010.00   8.02333e+06
       6030.00   8.05640e+06
       6050.00   8.18715e+06
       6070.00   8.11335e+06
       6090.00   7.92698e+06
       6110.00   7.86397e+06
       6130.00   7.57463e+06
       6150.00   7.69029e+06
       6170.00   7.45803e+06
       6190.00   7.79790e+06
       6210.00   7.79747e+06
       6230.00   7.59413e+06
       6250.00   7.38599e+06
       6270.00   7.67128e+06
       6290.00   7.67742e+06
       6310.00   7.46959e+06
       6330.00   7.50022e+06
       6350.00   7.51004e+06
       6370.00   7.46444e+06
       6390.00   7.49621e+06
       6410.00   7.30372e+06
       6430.00   7.37499e+06
       6450.00   7.29871e+06
       6470.00   7.24691e+06
       6490.00   7.15026e+06
       6510.00   7.27476e+06
       6530.00   7.24210e+06
       6550.00   6.91062e+06
       6561.25   6.06925e+06
       6590.00   7.03310e+06
       6610.00   7.17099e+06
       6630.00   7.11484e+06
       6650.00   7.09512e+06
       6670.00   7.00529e+06
       6690.00   7.09647e+06
       6710.00   6.93926e+06
       6730.00   7.00978e+06
       6750.00   6.93151e+06
       6770.00   6.92728e+06
       6790.00   6.87680e+06
       6810.00   6.83306e+06
       6830.00   6.85124e+06
       6850.00   6.69576e+06
       6870.00   6.75757e+06
       6890.00   6.75887e+06
       6910.00   6.69510e+06
       6930.00   6.67236e+06
       6950.00   6.63565e+06
       6970.00   6.61895e+06
       6990.00   6.59184e+06
       7010.00   6.40762e+06
       7030.00   6.48457e+06
       7050.00   6.49482e+06
       7070.00   6.42791e+06
       7090.00   6.38802e+06
       7110.00   6.39715e+06
       7130.00   6.29773e+06
       7150.00   6.25392e+06
       7170.00   6.24334e+06
       7190.00   6.07901e+06
       7210.00   6.17556e+06
       7230.00   6.17243e+06
       7250.00   6.18379e+06
       7270.00   6.15373e+06
       7290.00   5.98596e+06
       7310.00   6.06070e+06
       7330.00   6.04043e+06
       7350.00   6.04052e+06
       7370.00   6.03365e+06
       7390.00   5.88018e+06
       7410.00   5.74330e+06
       7430.00   5.85955e+06
       7450.00   5.85874e+06
       7470.00   5.88534e+06
       7490.00   5.82447e+06
       7510.00   5.80838e+06
       7530.00   5.80707e+06
       7550.00   5.80701e+06
       7570.00   5.74777e+06
       7590.00   5.71693e+06
       7610.00   5.68380e+06
       7630.00   5.68432e+06
       7650.00   5.66720e+06
       7670.00   5.50838e+06
       7690.00   5.61196e+06
       7710.00   5.52838e+06
       7730.00   5.53253e+06
       7750.00   5.45521e+06
       7770.00   5.51022e+06
       7790.00   5.50357e+06
       7810.00   5.46473e+06
       7830.00   5.40078e+06
       7850.00   5.37158e+06
       7870.00   5.41274e+06
       7890.00   5.37935e+06
       7910.00   5.30136e+06
       7930.00   5.20953e+06
       7950.00   5.19832e+06
       7970.00   5.26798e+06
       7990.00   5.26118e+06
       8010.00   5.17816e+06
       8030.00   5.16577e+06
       8050.00   5.11979e+06
       8070.00   5.14367e+06
       8090.00   5.04672e+06
       8110.00   5.08521e+06
       8130.00   5.08690e+06
       8150.00   5.04926e+06
       8170.00   5.02852e+06
       8190.00   4.87750e+06
       8210.00   4.88831e+06
       8230.00   4.86697e+06
       8250.00   4.89217e+06
       8270.00   4.92488e+06
       8290.00   4.89271e+06
       8310.00   4.79968e+06
       8330.00   4.75701e+06
       8350.00   4.77742e+06
       8370.00   4.78339e+06
       8390.00   4.68905e+06
       8410.00   4.74641e+06
       8430.00   4.65415e+06
       8450.00   4.67346e+06
       8470.00   4.62621e+06
       8490.00   4.63663e+06
       8510.00   4.44377e+06
       8530.00   4.61499e+06
       8550.00   4.34946e+06
       8570.00   4.61218e+06
       8590.00   4.50005e+06
       8610.00   4.48217e+06
       8630.00   4.52809e+06
       8650.00   4.51352e+06
       8670.00   4.18324e+06
       8690.00   4.36276e+06
       8710.00   4.40943e+06
       8730.00   4.39682e+06
       8750.00   4.29181e+06
       8770.00   4.38002e+06
       8790.00   4.33968e+06
       8810.00   4.23753e+06
       8830.00   4.29151e+06
       8850.00   4.27748e+06
       8870.00   4.14808e+06
       8890.00   4.27201e+06
       8910.00   4.27516e+06
       8930.00   4.18753e+06
       8950.00   4.18628e+06
       8970.00   4.18463e+06
       8990.00   4.18137e+06
       9010.00   3.97186e+06
       9030.00   4.10370e+06
       9050.00   4.16286e+06
       9070.00   4.07812e+06
       9090.00   3.96860e+06
       9110.00   4.01052e+06
       9130.00   4.06297e+06
       9150.00   4.04235e+06
       9170.00   4.02371e+06
       9190.00   4.03757e+06
       9210.00   3.93429e+06
       9230.00   3.82639e+06
       9250.00   3.88110e+06
       9270.00   3.91404e+06
       9290.00   3.92100e+06
       9310.00   3.92147e+06
       9330.00   3.88762e+06
       9350.00   3.87010e+06
       9370.00   3.84382e+06
       9390.00   3.84425e+06
       9410.00   3.69276e+06
       9430.00   3.79832e+06
       9450.00   3.73763e+06
       9470.00   3.78054e+06
       9490.00   3.78077e+06
       9510.00   3.74314e+06
       9530.00   3.71417e+06
       9550.00   3.55947e+06
       9570.00   3.66344e+06
       9590.00   3.69312e+06
       9610.00   3.64774e+06
       9630.00   3.60693e+06
       9650.00   3.58904e+06
       9670.00   3.57550e+06
       9690.00   3.60055e+06
       9710.00   3.57607e+06
       9730.00   3.56659e+06
       9750.00   3.52336e+06
       9770.00   3.51878e+06
       9790.00   3.49620e+06
       9810.00   3.50565e+06
       9830.00   3.48863e+06
       9850.00   3.48061e+06
       9870.00   3.44447e+06
       9890.00   3.42844e+06
       9910.00   3.41764e+06
       9930.00   3.42731e+06
       9950.00   3.41480e+06
       9970.00   3.40085e+06
       9990.00   3.38023e+06
       10025.0   3.33744e+06
       10075.0   3.26520e+06
       10125.0   3.27889e+06
       10175.0   3.22375e+06
       10225.0   3.20588e+06
       10275.0   3.18853e+06
       10325.0   3.12822e+06
       10375.0   3.09621e+06
       10425.0   3.08374e+06
       10475.0   3.03062e+06
       10525.0   3.01770e+06
       10575.0   2.97684e+06
       10625.0   2.93811e+06
       10675.0   2.86698e+06
       10725.0   2.86900e+06
       10775.0   2.82861e+06
       10825.0   2.77650e+06
       10875.0   2.75835e+06
       10925.0   2.70517e+06
       10975.0   2.69737e+06
       11025.0   2.71176e+06
       11075.0   2.69725e+06
       11125.0   2.66071e+06
       11175.0   2.62724e+06
       11225.0   2.61530e+06
       11275.0   2.55574e+06
       11325.0   2.54400e+06
       11375.0   2.52096e+06
       11425.0   2.47842e+06
       11475.0   2.49461e+06
       11525.0   2.46966e+06
       11575.0   2.43142e+06
       11625.0   2.38794e+06
       11675.0   2.37292e+06
       11725.0   2.37988e+06
       11775.0   2.32077e+06
       11825.0   2.29903e+06
       11875.0   2.27100e+06
       11925.0   2.29463e+06
       11975.0   2.20951e+06
       12025.0   2.22658e+06
       12075.0   2.19557e+06
       12125.0   2.19129e+06
       12175.0   2.19025e+06
       12225.0   2.16801e+06
       12275.0   2.13776e+06
       12325.0   2.12452e+06
       12375.0   2.10460e+06
       12425.0   2.08165e+06
       12475.0   2.07093e+06
       12525.0   2.04580e+06
       12575.0   2.02730e+06
       12625.0   2.00896e+06
       12675.0   1.98407e+06
       12725.0   1.97858e+06
       12775.0   1.96024e+06
       12825.0   1.84370e+06
       12875.0   1.91631e+06
       12925.0   1.89960e+06
       12975.0   1.89504e+06
       13025.0   1.86610e+06
       13075.0   1.86210e+06
       13125.0   1.82653e+06
       13175.0   1.80996e+06
       13225.0   1.81244e+06
       13275.0   1.78034e+06
       13325.0   1.77515e+06
       13375.0   1.75645e+06
       13425.0   1.75380e+06
       13475.0   1.73604e+06
       13525.0   1.72158e+06
       13575.0   1.69015e+06
       13625.0   1.68377e+06
       13675.0   1.67034e+06
       13725.0   1.65637e+06
       13775.0   1.64365e+06
       13825.0   1.63413e+06
       13875.0   1.62241e+06
       13925.0   1.60956e+06
       13975.0   1.59686e+06
       14025.0   1.57177e+06
       14075.0   1.57089e+06
       14125.0   1.54508e+06
       14175.0   1.54897e+06
       14225.0   1.51369e+06
       14275.0   1.49107e+06
       14325.0   1.50392e+06
       14375.0   1.50110e+06
       14425.0   1.44433e+06
       14475.0   1.47189e+06
       14525.0   1.43553e+06
       14570.0   1.44053e+06
       14620.0   1.43160e+06
       14675.0   1.42134e+06
       14725.0   1.39436e+06
       14775.0   1.38555e+06
       14825.0   1.37975e+06
       14875.0   1.34600e+06
       14925.0   1.37152e+06
       14975.0   1.34673e+06
       15025.0   1.30304e+06
       15075.0   1.30096e+06
       15125.0   1.31948e+06
       15175.0   1.31309e+06
       15225.0   1.28974e+06
       15275.0   1.29051e+06
       15325.0   1.27532e+06
       15375.0   1.26748e+06
       15425.0   1.25990e+06
       15475.0   1.24858e+06
       15525.0   1.22784e+06
       15575.0   1.21425e+06
       15625.0   1.22223e+06
       15675.0   1.18900e+06
       15725.0   1.19159e+06
       15775.0   1.14932e+06
       15825.0   1.16249e+06
       15875.0   1.11964e+06
       15925.0   1.13935e+06
       15975.0   1.14376e+06
       16050.0   1.12516e+06
       16150.0   1.09850e+06
       16250.0   1.09540e+06
       16350.0   1.06592e+06
       16450.0   1.03754e+06
       16550.0   1.03753e+06
       16650.0   1.01867e+06
       16750.0       984222.
       16850.0       952420.
       16950.0       962956.
       17050.0       932552.
       17150.0       917776.
       17250.0       892239.
       17350.0       850071.
       17450.0       855981.
       17550.0       846132.
       17650.0       829630.
       17750.0       812835.
       17850.0       800029.
       17950.0       784627.
       18050.0       766325.
       18150.0       730549.
       18250.0       730494.
       18350.0       722766.
       18450.0       703797.
       18550.0       695671.
       18650.0       675472.
       18750.0       634006.
       18850.0       653930.
       18950.0       631163.
       19050.0       634333.
       19150.0       620956.
       19250.0       610150.
       19350.0       593526.
       19450.0       562622.
       19550.0       575668.
       19650.0       565248.
       19750.0       553512.
       19850.0       546027.
       19950.0       536894.
       20050.0       530146.
       20150.0       522828.
       20250.0       509041.
       20350.0       497492.
       20450.0       495368.
       20550.0       485777.
       20650.0       474404.
       20750.0       467865.
       20850.0       460303.
       20950.0       449516.
       21050.0       445391.
       21150.0       437172.
       21250.0       429605.
       21350.0       423375.
       21450.0       416718.
       21550.0       409291.
       21650.0       386397.
       21750.0       392839.
       21850.0       387507.
       21950.0       383594.
       22050.0       373931.
       22150.0       370655.
       22250.0       364051.
       22350.0       358228.
       22450.0       352488.
       22550.0       346472.
       22650.0       340555.
       22750.0       336309.
       22850.0       329410.
       22950.0       322333.
       23050.0       319670.
       23150.0       314095.
       23250.0       305468.
       23350.0       302443.
       23450.0       300040.
       23550.0       289958.
       23650.0       289390.
       23750.0       284861.
       23850.0       275914.
       23950.0       275473.
       24050.0       271643.
       24150.0       264560.
       24250.0       262280.
       24350.0       258364.
       24450.0       253722.
       24550.0       248534.
       24650.0       247947.
       24750.0       242768.
       24850.0       237023.
       24950.0       235981.
       25050.0       233992.
       25150.0       228704.
       25250.0       226713.
       25350.0       223298.
       25450.0       219529.
       25550.0       216088.
       25650.0       212649.
       25750.0       211466.
       25850.0       205622.
       25950.0       204801.
       26050.0       202277.
       26150.0       198496.
       26250.0       189294.
       26350.0       192993.
       26450.0       190061.
       26550.0       187846.
       26650.0       183888.
       26750.0       182789.
       26850.0       181299.
       26950.0       178696.
       27050.0       176409.
       27150.0       173865.
       27250.0       171511.
       27350.0       169367.
       27450.0       167306.
       27550.0       163706.
       27650.0       161790.
       27750.0       160151.
       27850.0       158212.
       27950.0       156450.
       28050.0       154268.
       28150.0       152333.
       28250.0       150208.
       28350.0       148490.
       28450.0       146051.
       28550.0       144392.
       28650.0       142142.
       28750.0       139159.
       28850.0       138684.
       28950.0       137117.
       29050.0       135340.
       29150.0       133588.
       29250.0       131500.
       29350.0       130217.
       29450.0       128243.
       29550.0       126877.
       29650.0       125371.
       29750.0       123763.
       29850.0       122191.
       29950.0       120453.
       30050.0       118989.
       30150.0       117670.
       30250.0       116033.
       30350.0       113213.
       30450.0       112730.
       30550.0       111792.
       30650.0       110289.
       30750.0       109239.
       30850.0       107617.
       30950.0       106372.
       31050.0       105309.
       31150.0       103256.
       31250.0       102635.
       31350.0       101529.
       31450.0       100294.
       31550.0       98724.0
       31650.0       97785.2
       31750.0       96643.3
       31850.0       95543.5
       31950.0       94544.1
       32100.0       92693.6
       32300.0       90642.9
       32500.0       88467.9
       32700.0       86388.4
       32900.0       83562.8
       33100.0       82329.1
       33300.0       80436.0
       33500.0       78830.6
       33700.0       76962.2
       33900.0       75122.5
       34100.0       73369.1
       34300.0       72026.1
       34500.0       70547.7
       34700.0       68948.4
       34900.0       67467.6
       35100.0       66046.6
       35300.0       64511.2
       35500.0       63224.4
       35700.0       61787.8
       35900.0       60481.6
       36100.0       59336.3
       36300.0       58095.3
       36500.0       56716.7
       36700.0       55498.9
       36900.0       54093.7
       37100.0       52967.4
       37300.0       51948.7
       37500.0       50407.5
       37700.0       50017.3
       37900.0       48976.7
       38100.0       48090.2
       38300.0       47227.1
       38500.0       46333.6
       38700.0       45310.1
       38900.0       44437.1
       39100.0       43638.6
       39300.0       42810.2
       39500.0       41846.6
       39700.0       41115.3
       39900.0       40124.4
       40100.0       39453.4
       40300.0       38823.8
       40500.0       37655.8
       40700.0       37336.7
       40900.0       36659.4
       41100.0       36018.0
       41300.0       35387.3
       41500.0       34664.2
       41700.0       34018.4
       41900.0       33389.7
       42100.0       32663.0
       42300.0       32287.5
       42500.0       31615.1
       42700.0       31111.0
       42900.0       30049.8
       43100.0       29191.6
       43300.0       28888.4
       43500.0       27795.1
       43700.0       27233.5
       43900.0       26929.3
       44100.0       25875.9
       44300.0       25665.8
       44500.0       25294.8
       44700.0       24380.8
       44900.0       24308.0
       45100.0       23848.4
       45300.0       23105.9
       45500.0       22963.2
       45700.0       22703.1
       45900.0       21981.8
       46100.0       21851.8
       46300.0       21482.4
       46500.0       21081.9
       46700.0       20841.3
       46900.0       20571.4
       47100.0       20245.9
       47300.0       20068.4
       47500.0       19679.3
       47700.0       19355.7
       47900.0       19109.0
       48100.0       18714.3
       48300.0       18588.7
       48500.0       18259.6
       48700.0       17946.3
       48900.0       17695.8
       49100.0       17423.8
       49300.0       17157.2
       49500.0       16880.4
       49700.0       16641.1
       49900.0       16393.0
       50100.0       16194.8
       50300.0       15957.6
       50500.0       15636.5
       50700.0       15445.9
       50900.0       15266.6
       51100.0       14972.8
       51300.0       14753.2
       51500.0       14556.4
       51700.0       14428.5
       51900.0       14152.5
       52100.0       13946.9
       52300.0       13731.9
       52500.0       13580.9
       52700.0       13422.9
       52900.0       13150.8
       53100.0       13003.7
       53300.0       12814.4
       53500.0       12655.2
       53700.0       12476.3
       53900.0       12310.6
       54100.0       12140.5
       54300.0       11917.6
       54500.0       11808.8
       54700.0       11633.8
       54900.0       11469.1
       55100.0       11334.6
       55300.0       11220.2
       55500.0       11002.7
       55700.0       10918.4
       55900.0       10724.1
       56100.0       10592.9
       56300.0       10441.7
       56500.0       10342.9
       56700.0       10207.7
       56900.0       10034.5
       57100.0       9940.85
       57300.0       9804.91
       57500.0       9676.66
       57700.0       9545.31
       57900.0       9433.29
       58100.0       9298.82
       58300.0       9185.91
       58500.0       9076.98
       58700.0       8938.37
       58900.0       8815.00
       59100.0       8701.62
       59300.0       8616.24
       59500.0       8489.03
       59700.0       8404.66
       59900.0       8297.60
       60100.0       8191.15
       60300.0       8091.42
       60500.0       7984.70
       60700.0       7881.45
       60900.0       7781.62
       61100.0       7672.84
       61300.0       7593.68
       61500.0       7503.63
       61700.0       7412.71
       61900.0       7324.97
       62100.0       7235.95
       62300.0       7128.42
       62500.0       7046.61
       62700.0       6962.82
       62900.0       6883.85
       63100.0       6790.14
       63300.0       6723.51
       63500.0       6636.85
       63700.0       6559.86
       63900.0       6477.44
       64200.0       6363.48
       64600.0       6208.00
       65000.0       6060.41
       65400.0       5922.38
       65800.0       5786.38
       66200.0       5648.58
       66600.0       5520.29
       67000.0       5391.72
       67400.0       5265.38
       67800.0       5148.20
       68200.0       5030.56
       68600.0       4917.95
       69000.0       4807.29
       69400.0       4698.69
       69800.0       4596.51
       70200.0       4490.84
       70600.0       4395.43
       71000.0       4299.78
       71400.0       4206.66
       71800.0       4115.49
       72200.0       4026.65
       72600.0       3939.37
       73000.0       3857.44
       73400.0       3773.70
       73800.0       3695.89
       74200.0       3616.12
       74600.0       3530.20
       75000.0       3462.30
       75400.0       3395.12
       75800.0       3327.97
       76200.0       3259.65
       76600.0       3193.91
       77000.0       3128.03
       77400.0       3066.22
       77800.0       3005.02
       78200.0       2945.04
       78600.0       2886.72
       79000.0       2829.73
       79400.0       2773.99
       79800.0       2720.10
       80200.0       2666.09
       80600.0       2614.12
       81000.0       2565.05
       81400.0       2514.26
       81800.0       2467.21
       82200.0       2421.07
       82600.0       2374.93
       83000.0       2330.54
       83400.0       2285.71
       83800.0       2243.66
       84200.0       2202.79
       84600.0       2162.01
       85000.0       2122.36
       85400.0       2083.36
       85800.0       2045.66
       86200.0       2008.27
       86600.0       1972.37
       87000.0       1937.01
       87400.0       1902.26
       87800.0       1868.39
       88200.0       1834.49
       88600.0       1802.32
       89000.0       1770.27
       89400.0       1739.94
       89800.0       1708.78
       90200.0       1679.86
       90600.0       1651.43
       91000.0       1621.88
       91400.0       1594.51
       91800.0       1567.81
       92200.0       1541.47
       92600.0       1515.31
       93000.0       1489.89
       93400.0       1464.72
       93800.0       1440.39
       94200.0       1416.47
       94600.0       1392.94
       95000.0       1369.96
       95400.0       1347.32
       95800.0       1325.55
       96200.0       1303.72
       96600.0       1282.81
       97000.0       1262.16
       97400.0       1240.86
       97800.0       1221.47
       98200.0       1202.24
       98600.0       1183.25
       99000.0       1164.63
       99400.0       1145.97
       99800.0       1128.07
       100200.       1110.41
       200000.       71.7653
       400000.       4.50052
       600000.      0.884312
       800000.      0.278098
   1.00000e+06      0.113253
   1.20000e+06     0.0543277
   1.40000e+06     0.0291851
   1.60000e+06     0.0170323
