       90.9000       0.00000
       93.5000       0.00000
       96.1000       0.00000
       97.7000       0.00000
       99.6000       0.00000
       102.000       0.00000
       103.800       0.00000
       105.600       0.00000
       107.700       0.00000
       110.400       0.00000
       114.000       0.00000
       117.800       0.00000
       121.300       0.00000
       124.800       0.00000
       127.100       0.00000
       128.400       0.00000
       130.500       0.00000
       132.400       0.00000
       133.900       0.00000
       136.600       0.00000
       139.800       0.00000
       143.300       0.00000
       147.200       0.00000
       151.000       0.00000
       155.200       0.00000
       158.800       0.00000
       162.000       0.00000
       166.000       0.00000
       170.300       0.00000
       173.400       0.00000
       176.800       0.00000
       180.200       0.00000
       181.700       0.00000
       186.100       0.00000
       191.000       0.00000
       193.900       0.00000
       198.400       0.00000
       201.800       0.00000
       205.000       0.00000
       210.500       0.00000
       216.200       0.00000
       219.800       0.00000
       223.000       0.00000
       226.800       0.00000
       230.000       0.00000
       234.000       0.00000
       240.000       0.00000
       246.500       0.00000
       252.400       0.00000
       256.800       0.00000
       260.000       0.00000
       264.000       0.00000
       268.500       0.00000
       273.500       0.00000
       278.500       0.00000
       284.000       0.00000
       290.000       0.00000
       296.000       0.00000
       301.000       0.00000
       308.000       0.00000
       318.000       0.00000
       328.000       0.00000
       338.000       0.00000
       348.000       0.00000
       357.000       0.00000
       366.000       0.00000
       375.000       0.00000
       385.000       0.00000
       395.000       0.00000
       405.000       0.00000
       414.000       0.00000
       422.000       0.00000
       430.000       0.00000
       441.000       0.00000
       451.000       0.00000
       460.000       0.00000
       470.000       0.00000
       480.000       0.00000
       490.000       0.00000
       500.000       0.00000
       506.000       0.00000
       512.000       0.00000
       520.000       0.00000
       530.000       0.00000
       540.000       0.00000
       550.000       0.00000
       560.000       0.00000
       570.000       0.00000
       580.000       0.00000
       590.000       0.00000
       600.000       0.00000
       610.000       0.00000
       620.000       0.00000
       630.000       0.00000
       640.000       0.00000
       650.000       0.00000
       658.000       0.00000
       665.000       0.00000
       675.000       0.00000
       685.000       0.00000
       695.000       0.00000
       705.000       0.00000
       716.000       0.00000
       726.000       0.00000
       735.000       0.00000
       745.000       0.00000
       755.000       0.00000
       765.000       0.00000
       775.000       0.00000
       785.000       0.00000
       795.000       0.00000
       805.000       0.00000
       815.000       0.00000
       825.000       0.00000
       835.000       0.00000
       845.000       0.00000
       855.000       0.00000
       865.000       0.00000
       875.000       0.00000
       885.000       0.00000
       895.000       0.00000
       905.000       0.00000
       915.000       0.00000
       925.000   0.000814200
       935.000    0.00113555
       945.000    0.00157298
       955.000    0.00225276
       965.000    0.00308468
       975.000    0.00417103
       985.000    0.00563023
       995.000    0.00752148
       1005.00     0.0102487
       1015.00     0.0135582
       1025.00     0.0167728
       1035.00     0.0233506
       1045.00     0.0304044
       1055.00     0.0393273
       1065.00     0.0505097
       1075.00     0.0648082
       1085.00     0.0826601
       1095.00      0.104559
       1105.00      0.439664
       1115.00      0.848596
       1125.00       1.24834
       1135.00       1.74760
       1145.00       2.26772
       1155.00       2.53049
       1165.00       3.39112
       1175.00       4.19673
       1185.00       4.31990
       1195.00       2.97184
       1205.00       3.10304
       1215.00       1.25211
       1225.00       4.06448
       1235.00       9.00982
       1245.00       17.5099
       1255.00       24.3256
       1265.00       25.0820
       1275.00       33.9669
       1285.00       43.1276
       1295.00       51.5801
       1305.00       51.7903
       1315.00       68.7939
       1325.00       76.5510
       1335.00       85.5971
       1345.00       100.593
       1355.00       111.079
       1365.00       122.618
       1375.00       130.810
       1385.00       140.813
       1395.00       158.312
       1405.00       183.630
       1415.00       201.120
       1425.00       223.130
       1435.00       249.376
       1442.00       309.032
       1447.00       291.102
       1455.00       336.277
       1465.00       386.696
       1475.00       426.232
       1485.00       465.663
       1495.00       580.580
       1505.00       673.633
       1512.00       584.110
       1517.00       673.872
       1525.00       1181.69
       1535.00       1609.59
       1545.00       1541.63
       1555.00       2039.75
       1565.00       1941.01
       1575.00       2986.20
       1585.00       3495.24
       1595.00       4039.30
       1605.00       4211.41
       1615.00       4568.62
       1625.00       4728.42
       1635.00       5722.35
       1645.00       7341.44
       1655.00       4913.41
       1665.00       8186.83
       1672.00       5927.52
       1677.00       27404.9
       1685.00       27357.6
       1695.00       27010.8
       1705.00       33353.4
       1715.00       59484.5
       1725.00       69012.6
       1735.00       97666.0
       1745.00       102459.
       1755.00       161479.
       1765.00       114841.
       1775.00       152085.
       1785.00       185029.
       1795.00       289362.
       1805.00       224001.
       1815.00       200292.
       1825.00       231459.
       1835.00       222946.
       1845.00       135341.
       1855.00       263348.
       1865.00       371063.
       1875.00       349467.
       1885.00       365595.
       1895.00       475069.
       1905.00       439533.
       1915.00       490706.
       1925.00       374481.
       1935.00       158592.
       1945.00       552335.
       1955.00       587871.
       1967.00       748819.
       1976.00       617471.
       1984.00       783876.
       1995.00       842167.
       2005.00       736860.
       2015.00       795813.
       2025.00       589337.
       2035.00       908789.
       2045.00   1.05019e+06
       2055.00       982990.
       2065.00       913859.
       2074.00   1.08917e+06
       2078.00   2.08184e+06
       2085.00   2.52467e+06
       2095.00   2.29591e+06
       2105.00   2.06975e+06
       2115.00   2.34836e+06
       2125.00   2.02347e+06
       2135.00   1.83290e+06
       2145.00   2.44394e+06
       2155.00   2.45449e+06
       2165.00   2.05420e+06
       2175.00   2.12422e+06
       2185.00   2.67155e+06
       2195.00   2.68808e+06
       2205.00   2.54272e+06
       2215.00   1.89332e+06
       2225.00   2.16596e+06
       2235.00   2.93429e+06
       2245.00   2.74810e+06
       2255.00   2.01559e+06
       2265.00   1.92778e+06
       2275.00   2.14962e+06
       2285.00   2.87554e+06
       2295.00   2.34678e+06
       2305.00   2.90165e+06
       2315.00   2.44917e+06
       2325.00   1.82900e+06
       2335.00   1.54320e+06
       2345.00       920618.
       2355.00   2.14143e+06
       2365.00   1.05329e+06
       2375.00   1.53614e+06
       2385.00       736741.
       2395.00   1.02339e+06
       2405.00   1.01848e+06
       2415.00   1.29997e+06
       2425.00   2.45983e+06
       2435.00   2.42245e+06
       2445.00   2.92913e+06
       2455.00   3.11240e+06
       2465.00   2.75401e+06
       2475.00   2.39066e+06
       2485.00   1.55665e+06
       2495.00   1.80945e+06
       2505.00   3.00597e+06
       2513.00   1.04533e+06
       2518.00       719851.
       2525.00       893251.
       2535.00   1.56637e+06
       2545.00   1.71445e+06
       2555.00   2.93338e+06
       2565.00   2.21100e+06
       2575.00   2.80237e+06
       2585.00   2.51615e+06
       2595.00   2.21926e+06
       2605.00   1.90535e+06
       2615.00   1.64796e+06
       2625.00   2.43612e+06
       2635.00   3.88373e+06
       2645.00   5.34168e+06
       2655.00   6.62496e+06
       2665.00   4.47920e+06
       2675.00   5.22296e+06
       2685.00   5.71898e+06
       2695.00   4.46302e+06
       2705.00   5.25681e+06
       2715.00   4.00157e+06
       2725.00   3.71204e+06
       2735.00   4.39890e+06
       2745.00   2.22633e+06
       2755.00   3.03349e+06
       2765.00   3.90601e+06
       2775.00   4.25084e+06
       2785.00   2.41230e+06
       2795.00       920797.
       2805.00   1.16773e+06
       2815.00   3.79563e+06
       2825.00   5.78175e+06
       2835.00   5.72884e+06
       2845.00   4.80523e+06
       2855.00   2.79485e+06
       2865.00   6.27454e+06
       2875.00   7.12247e+06
       2885.00   6.29647e+06
       2895.00   6.84235e+06
       2910.00   8.62181e+06
       2930.00   7.68302e+06
       2950.00   7.49045e+06
       2970.00   8.09375e+06
       2990.00   8.17968e+06
       3010.00   8.71169e+06
       3030.00   8.63030e+06
       3050.00   8.99212e+06
       3070.00   9.10478e+06
       3090.00   9.17985e+06
       3110.00   9.33170e+06
       3130.00   9.23858e+06
       3150.00   8.90219e+06
       3170.00   9.26483e+06
       3190.00   8.36492e+06
       3210.00   9.31141e+06
       3230.00   8.04347e+06
       3250.00   9.66927e+06
       3270.00   1.07337e+07
       3290.00   1.04038e+07
       3310.00   1.05959e+07
       3330.00   1.05590e+07
       3350.00   1.04682e+07
       3370.00   9.22545e+06
       3390.00   9.96990e+06
       3410.00   9.93979e+06
       3430.00   9.99681e+06
       3450.00   1.03965e+07
       3470.00   1.04901e+07
       3490.00   1.09174e+07
       3510.00   1.12040e+07
       3530.00   1.06819e+07
       3550.00   1.18957e+07
       3570.00   1.01873e+07
       3590.00   9.80608e+06
       3610.00   1.04965e+07
       3630.00   1.05149e+07
       3640.00   1.06403e+07
       3650.00   1.17675e+07
       3670.00   1.15635e+07
       3690.00   1.08727e+07
       3710.00   1.15134e+07
       3730.00   1.04060e+07
       3750.00   1.14424e+07
       3770.00   1.25793e+07
       3790.00   1.34658e+07
       3810.00   1.44001e+07
       3830.00   1.04832e+07
       3850.00   1.43403e+07
       3870.00   1.46183e+07
       3890.00   1.28912e+07
       3910.00   1.48412e+07
       3930.00   8.44252e+06
       3950.00   1.29239e+07
       3970.00   9.10221e+06
       3990.00   1.59953e+07
       4010.00   1.69008e+07
       4030.00   1.71465e+07
       4050.00   1.67183e+07
       4070.00   1.64466e+07
       4090.00   1.68073e+07
       4110.00   1.53187e+07
       4130.00   1.72413e+07
       4150.00   1.76860e+07
       4170.00   1.75935e+07
       4190.00   1.72457e+07
       4210.00   1.71915e+07
       4230.00   1.65648e+07
       4250.00   1.68932e+07
       4270.00   1.63107e+07
       4290.00   1.55983e+07
       4310.00   1.38990e+07
       4330.00   1.60075e+07
       4350.00   1.48544e+07
       4370.00   1.74808e+07
       4390.00   1.66388e+07
       4410.00   1.70154e+07
       4430.00   1.71863e+07
       4450.00   1.70643e+07
       4470.00   1.74866e+07
       4490.00   1.73940e+07
       4510.00   1.85030e+07
       4530.00   1.72308e+07
       4550.00   1.74776e+07
       4570.00   1.82982e+07
       4590.00   1.74079e+07
       4610.00   1.77088e+07
       4630.00   1.73785e+07
       4650.00   1.75416e+07
       4670.00   1.78218e+07
       4690.00   1.74200e+07
       4710.00   1.68008e+07
       4730.00   1.75274e+07
       4750.00   1.76122e+07
       4770.00   1.75327e+07
       4790.00   1.74079e+07
       4810.00   1.72358e+07
       4830.00   1.72581e+07
       4850.00   1.57697e+07
       4870.00   1.36646e+07
       4890.00   1.63881e+07
       4910.00   1.64627e+07
       4930.00   1.62085e+07
       4950.00   1.66252e+07
       4970.00   1.67723e+07
       4990.00   1.58347e+07
       5010.00   1.53528e+07
       5030.00   1.60172e+07
       5050.00   1.59437e+07
       5070.00   1.63634e+07
       5090.00   1.59501e+07
       5110.00   1.60938e+07
       5130.00   1.57424e+07
       5150.00   1.53348e+07
       5170.00   1.46710e+07
       5190.00   1.46057e+07
       5210.00   1.51794e+07
       5230.00   1.52797e+07
       5250.00   1.55613e+07
       5270.00   1.43148e+07
       5290.00   1.53282e+07
       5310.00   1.55189e+07
       5330.00   1.45685e+07
       5350.00   1.51929e+07
       5370.00   1.50695e+07
       5390.00   1.49449e+07
       5410.00   1.45528e+07
       5430.00   1.48444e+07
       5450.00   1.49817e+07
       5470.00   1.47502e+07
       5490.00   1.48029e+07
       5510.00   1.47118e+07
       5530.00   1.46487e+07
       5550.00   1.47011e+07
       5570.00   1.43674e+07
       5590.00   1.42298e+07
       5610.00   1.43668e+07
       5630.00   1.44051e+07
       5650.00   1.43423e+07
       5670.00   1.40608e+07
       5690.00   1.41657e+07
       5710.00   1.39719e+07
       5730.00   1.44104e+07
       5750.00   1.40699e+07
       5770.00   1.41015e+07
       5790.00   1.39099e+07
       5810.00   1.39661e+07
       5830.00   1.40056e+07
       5850.00   1.37713e+07
       5870.00   1.37378e+07
       5890.00   1.32646e+07
       5910.00   1.35751e+07
       5930.00   1.35019e+07
       5950.00   1.34826e+07
       5970.00   1.34209e+07
       5990.00   1.33010e+07
       6010.00   1.31250e+07
       6030.00   1.30889e+07
       6050.00   1.32052e+07
       6070.00   1.31163e+07
       6090.00   1.29115e+07
       6110.00   1.27877e+07
       6130.00   1.24297e+07
       6150.00   1.24496e+07
       6170.00   1.22671e+07
       6190.00   1.25891e+07
       6210.00   1.25423e+07
       6230.00   1.23212e+07
       6250.00   1.19724e+07
       6270.00   1.23437e+07
       6290.00   1.23034e+07
       6310.00   1.20164e+07
       6330.00   1.20281e+07
       6350.00   1.19917e+07
       6370.00   1.19165e+07
       6390.00   1.19287e+07
       6410.00   1.16545e+07
       6430.00   1.16969e+07
       6450.00   1.15892e+07
       6470.00   1.15276e+07
       6490.00   1.13645e+07
       6510.00   1.14352e+07
       6530.00   1.12946e+07
       6550.00   1.04820e+07
       6561.25   8.75301e+06
       6590.00   1.08869e+07
       6610.00   1.11755e+07
       6630.00   1.11433e+07
       6650.00   1.11011e+07
       6670.00   1.09830e+07
       6690.00   1.10504e+07
       6710.00   1.09001e+07
       6730.00   1.09103e+07
       6750.00   1.07994e+07
       6770.00   1.07801e+07
       6790.00   1.07020e+07
       6810.00   1.06270e+07
       6830.00   1.05988e+07
       6850.00   1.04374e+07
       6870.00   1.04693e+07
       6890.00   1.04364e+07
       6910.00   1.03508e+07
       6930.00   1.03076e+07
       6950.00   1.02531e+07
       6970.00   1.01943e+07
       6990.00   1.01546e+07
       7010.00   9.92730e+06
       7030.00   9.98371e+06
       7050.00   9.96883e+06
       7070.00   9.89442e+06
       7090.00   9.82744e+06
       7110.00   9.73496e+06
       7130.00   9.66487e+06
       7150.00   9.61087e+06
       7170.00   9.54634e+06
       7190.00   9.39565e+06
       7210.00   9.44940e+06
       7230.00   9.40368e+06
       7250.00   9.39631e+06
       7270.00   9.35466e+06
       7290.00   9.16588e+06
       7310.00   9.20886e+06
       7330.00   9.16638e+06
       7350.00   9.15841e+06
       7370.00   9.12125e+06
       7390.00   8.94088e+06
       7410.00   8.76026e+06
       7430.00   8.85647e+06
       7450.00   8.84360e+06
       7470.00   8.83749e+06
       7490.00   8.75611e+06
       7510.00   8.72690e+06
       7530.00   8.70519e+06
       7550.00   8.69482e+06
       7570.00   8.61015e+06
       7590.00   8.56026e+06
       7610.00   8.50361e+06
       7630.00   8.48627e+06
       7650.00   8.43294e+06
       7670.00   8.25902e+06
       7690.00   8.33079e+06
       7710.00   8.23439e+06
       7730.00   8.24227e+06
       7750.00   8.13142e+06
       7770.00   8.08587e+06
       7790.00   8.14621e+06
       7810.00   8.08046e+06
       7830.00   7.98946e+06
       7850.00   7.93290e+06
       7870.00   7.96258e+06
       7890.00   7.92045e+06
       7910.00   7.84252e+06
       7930.00   7.71494e+06
       7950.00   7.70717e+06
       7970.00   7.75513e+06
       7990.00   7.71812e+06
       8010.00   7.62091e+06
       8030.00   7.59351e+06
       8050.00   7.53083e+06
       8070.00   7.54388e+06
       8090.00   7.43985e+06
       8110.00   7.46678e+06
       8130.00   7.44662e+06
       8150.00   7.39367e+06
       8170.00   7.35130e+06
       8190.00   7.16268e+06
       8210.00   7.17142e+06
       8230.00   7.12548e+06
       8250.00   7.12529e+06
       8270.00   7.16248e+06
       8290.00   7.11535e+06
       8310.00   7.01186e+06
       8330.00   6.91959e+06
       8350.00   6.95619e+06
       8370.00   6.94718e+06
       8390.00   6.84399e+06
       8410.00   6.86634e+06
       8430.00   6.76859e+06
       8450.00   6.71496e+06
       8470.00   6.67016e+06
       8490.00   6.66281e+06
       8510.00   6.39328e+06
       8530.00   6.63826e+06
       8550.00   6.20579e+06
       8570.00   6.63030e+06
       8590.00   6.44068e+06
       8610.00   6.39097e+06
       8630.00   6.51819e+06
       8650.00   6.44730e+06
       8670.00   5.89586e+06
       8690.00   6.28332e+06
       8710.00   6.36027e+06
       8730.00   6.29854e+06
       8750.00   5.97848e+06
       8770.00   6.23436e+06
       8790.00   6.24356e+06
       8810.00   6.15118e+06
       8830.00   6.14509e+06
       8850.00   6.03317e+06
       8870.00   5.72540e+06
       8890.00   6.07815e+06
       8910.00   6.07984e+06
       8930.00   5.99500e+06
       8950.00   6.00539e+06
       8970.00   5.98099e+06
       8990.00   5.93855e+06
       9010.00   5.46996e+06
       9030.00   5.72897e+06
       9050.00   5.88629e+06
       9070.00   5.75732e+06
       9090.00   5.62305e+06
       9110.00   5.71141e+06
       9130.00   5.77184e+06
       9150.00   5.74708e+06
       9170.00   5.70860e+06
       9190.00   5.68824e+06
       9210.00   5.52322e+06
       9230.00   5.08009e+06
       9250.00   5.41655e+06
       9270.00   5.49184e+06
       9290.00   5.54200e+06
       9310.00   5.52995e+06
       9330.00   5.48592e+06
       9350.00   5.46032e+06
       9370.00   5.43961e+06
       9390.00   5.41048e+06
       9410.00   5.19606e+06
       9430.00   5.32782e+06
       9450.00   5.27788e+06
       9470.00   5.30686e+06
       9490.00   5.29120e+06
       9510.00   5.22815e+06
       9530.00   5.13239e+06
       9550.00   4.67554e+06
       9570.00   5.08505e+06
       9590.00   5.13965e+06
       9610.00   5.08360e+06
       9630.00   5.02310e+06
       9650.00   5.03467e+06
       9670.00   4.98566e+06
       9690.00   5.00322e+06
       9710.00   4.99981e+06
       9730.00   4.97808e+06
       9750.00   4.91052e+06
       9770.00   4.91096e+06
       9790.00   4.88817e+06
       9810.00   4.87178e+06
       9830.00   4.84886e+06
       9850.00   4.81909e+06
       9870.00   4.77908e+06
       9890.00   4.74783e+06
       9910.00   4.72754e+06
       9930.00   4.73220e+06
       9950.00   4.71358e+06
       9970.00   4.69279e+06
       9990.00   4.66194e+06
       10025.0   4.53161e+06
       10075.0   4.38468e+06
       10125.0   4.49288e+06
       10175.0   4.43355e+06
       10225.0   4.40255e+06
       10275.0   4.36623e+06
       10325.0   4.28729e+06
       10375.0   4.24292e+06
       10425.0   4.20336e+06
       10475.0   4.11732e+06
       10525.0   4.09495e+06
       10575.0   4.04386e+06
       10625.0   3.98587e+06
       10675.0   3.87026e+06
       10725.0   3.87356e+06
       10775.0   3.82667e+06
       10825.0   3.76375e+06
       10875.0   3.72253e+06
       10925.0   3.50294e+06
       10975.0   3.59339e+06
       11025.0   3.63711e+06
       11075.0   3.61202e+06
       11125.0   3.55893e+06
       11175.0   3.51267e+06
       11225.0   3.48922e+06
       11275.0   3.39967e+06
       11325.0   3.37177e+06
       11375.0   3.35326e+06
       11425.0   3.29078e+06
       11475.0   3.30222e+06
       11525.0   3.26541e+06
       11575.0   3.21729e+06
       11625.0   3.14926e+06
       11675.0   3.11239e+06
       11725.0   3.12673e+06
       11775.0   3.03421e+06
       11825.0   3.01803e+06
       11875.0   2.97183e+06
       11925.0   2.99836e+06
       11975.0   2.90349e+06
       12025.0   2.90936e+06
       12075.0   2.86723e+06
       12125.0   2.85106e+06
       12175.0   2.83964e+06
       12225.0   2.80738e+06
       12275.0   2.76705e+06
       12325.0   2.74366e+06
       12375.0   2.71587e+06
       12425.0   2.68747e+06
       12475.0   2.66379e+06
       12525.0   2.62960e+06
       12575.0   2.59443e+06
       12625.0   2.57156e+06
       12675.0   2.54404e+06
       12725.0   2.52456e+06
       12775.0   2.47690e+06
       12825.0   2.25110e+06
       12875.0   2.42607e+06
       12925.0   2.41636e+06
       12975.0   2.40270e+06
       13025.0   2.37030e+06
       13075.0   2.35661e+06
       13125.0   2.31769e+06
       13175.0   2.28950e+06
       13225.0   2.28515e+06
       13275.0   2.25108e+06
       13325.0   2.23506e+06
       13375.0   2.20933e+06
       13425.0   2.19583e+06
       13475.0   2.17272e+06
       13525.0   2.14844e+06
       13575.0   2.11445e+06
       13625.0   2.10444e+06
       13675.0   2.08062e+06
       13725.0   2.04869e+06
       13775.0   2.03781e+06
       13825.0   2.02132e+06
       13875.0   2.00933e+06
       13925.0   1.98385e+06
       13975.0   1.96640e+06
       14025.0   1.94053e+06
       14075.0   1.93057e+06
       14125.0   1.89993e+06
       14175.0   1.89518e+06
       14225.0   1.85831e+06
       14275.0   1.83431e+06
       14325.0   1.83624e+06
       14375.0   1.82658e+06
       14425.0   1.75769e+06
       14475.0   1.78707e+06
       14525.0   1.74220e+06
       14570.0   1.74787e+06
       14620.0   1.72967e+06
       14675.0   1.71682e+06
       14725.0   1.68708e+06
       14775.0   1.66940e+06
       14825.0   1.66158e+06
       14875.0   1.62666e+06
       14925.0   1.64315e+06
       14975.0   1.61522e+06
       15025.0   1.57998e+06
       15075.0   1.56570e+06
       15125.0   1.57379e+06
       15175.0   1.56174e+06
       15225.0   1.53476e+06
       15275.0   1.52875e+06
       15325.0   1.50905e+06
       15375.0   1.49624e+06
       15425.0   1.47827e+06
       15475.0   1.46751e+06
       15525.0   1.44769e+06
       15575.0   1.42737e+06
       15625.0   1.43401e+06
       15675.0   1.39755e+06
       15725.0   1.38807e+06
       15775.0   1.36366e+06
       15825.0   1.36560e+06
       15875.0   1.30955e+06
       15925.0   1.33579e+06
       15975.0   1.34183e+06
       16050.0   1.31043e+06
       16150.0   1.26878e+06
       16250.0   1.27713e+06
       16350.0   1.23228e+06
       16450.0   1.18779e+06
       16550.0   1.20429e+06
       16650.0   1.18183e+06
       16750.0   1.13328e+06
       16850.0   1.08468e+06
       16950.0   1.11299e+06
       17050.0   1.08317e+06
       17150.0   1.06572e+06
       17250.0   1.03258e+06
       17350.0       959477.
       17450.0       985219.
       17550.0       978317.
       17650.0       959160.
       17750.0       941556.
       17850.0       924663.
       17950.0       908379.
       18050.0       884593.
       18150.0       822518.
       18250.0       838775.
       18350.0       836158.
       18450.0       817214.
       18550.0       804025.
       18650.0       781866.
       18750.0       715136.
       18850.0       752406.
       18950.0       732914.
       19050.0       732808.
       19150.0       717675.
       19250.0       704159.
       19350.0       684785.
       19450.0       632341.
       19550.0       661906.
       19650.0       652844.
       19750.0       639924.
       19850.0       630834.
       19950.0       619614.
       20050.0       610103.
       20150.0       600768.
       20250.0       586875.
       20350.0       574053.
       20450.0       569173.
       20550.0       558482.
       20650.0       546001.
       20750.0       537933.
       20850.0       529033.
       20950.0       517858.
       21050.0       510960.
       21150.0       501347.
       21250.0       492702.
       21350.0       485196.
       21450.0       477702.
       21550.0       467536.
       21650.0       430876.
       21750.0       448887.
       21850.0       444338.
       21950.0       439587.
       22050.0       429604.
       22150.0       423929.
       22250.0       417654.
       22350.0       410870.
       22450.0       404064.
       22550.0       396236.
       22650.0       390490.
       22750.0       384655.
       22850.0       377782.
       22950.0       373238.
       23050.0       368262.
       23150.0       361608.
       23250.0       356281.
       23350.0       349898.
       23450.0       345311.
       23550.0       338968.
       23650.0       334174.
       23750.0       328140.
       23850.0       322400.
       23950.0       318380.
       24050.0       313029.
       24150.0       308039.
       24250.0       303466.
       24350.0       298240.
       24450.0       294293.
       24550.0       288519.
       24650.0       285656.
       24750.0       280782.
       24850.0       275482.
       24950.0       272183.
       25050.0       270098.
       25150.0       265298.
       25250.0       260766.
       25350.0       257347.
       25450.0       253753.
       25550.0       249323.
       25650.0       244365.
       25750.0       243130.
       25850.0       238321.
       25950.0       236309.
       26050.0       232200.
       26150.0       226637.
       26250.0       212153.
       26350.0       221565.
       26450.0       219279.
       26550.0       216679.
       26650.0       212059.
       26750.0       208155.
       26850.0       207930.
       26950.0       205819.
       27050.0       202982.
       27150.0       200099.
       27250.0       197360.
       27350.0       194831.
       27450.0       191929.
       27550.0       185873.
       27650.0       185009.
       27750.0       184167.
       27850.0       181939.
       27950.0       179752.
       28050.0       177290.
       28150.0       175015.
       28250.0       172626.
       28350.0       170511.
       28450.0       167806.
       28550.0       165801.
       28650.0       162433.
       28750.0       157048.
       28850.0       158894.
       28950.0       157403.
       29050.0       155419.
       29150.0       153264.
       29250.0       151245.
       29350.0       149547.
       29450.0       147438.
       29550.0       145743.
       29650.0       143943.
       29750.0       142092.
       29850.0       140325.
       29950.0       138382.
       30050.0       136678.
       30150.0       135048.
       30250.0       133086.
       30350.0       127818.
       30450.0       128056.
       30550.0       128261.
       30650.0       126711.
       30750.0       125406.
       30850.0       123593.
       30950.0       122178.
       31050.0       120803.
       31150.0       118646.
       31250.0       117768.
       31350.0       116451.
       31450.0       115015.
       31550.0       113405.
       31650.0       112306.
       31750.0       110889.
       31850.0       109663.
       31950.0       108450.
       32100.0       106368.
       32300.0       104004.
       32500.0       101522.
       32700.0       99114.2
       32900.0       94341.8
       33100.0       94164.6
       33300.0       92357.4
       33500.0       90458.9
       33700.0       88260.6
       33900.0       86232.2
       34100.0       84235.5
       34300.0       82622.0
       34500.0       80919.9
       34700.0       79091.8
       34900.0       77389.9
       35100.0       75730.8
       35300.0       74025.5
       35500.0       72491.3
       35700.0       70853.7
       35900.0       69367.8
       36100.0       67982.7
       36300.0       66569.5
       36500.0       64996.4
       36700.0       63663.4
       36900.0       62012.3
       37100.0       60809.1
       37300.0       59078.3
       37500.0       57198.7
       37700.0       57327.7
       37900.0       56184.0
       38100.0       55042.9
       38300.0       54048.3
       38500.0       53073.9
       38700.0       51920.6
       38900.0       50890.1
       39100.0       49816.4
       39300.0       49022.8
       39500.0       47991.6
       39700.0       47122.1
       39900.0       46021.4
       40100.0       45116.0
       40300.0       44302.8
       40500.0       42538.8
       40700.0       42733.5
       40900.0       41967.5
       41100.0       41241.2
       41300.0       40500.4
       41500.0       39666.9
       41700.0       38737.0
       41900.0       38211.4
       42100.0       37432.6
       42300.0       36936.3
       42500.0       36207.8
       42700.0       35600.8
       42900.0       34911.4
       43100.0       34229.2
       43300.0       33594.3
       43500.0       32913.8
       43700.0       32023.3
       43900.0       31683.3
       44100.0       31069.3
       44300.0       30587.8
       44500.0       30068.0
       44700.0       29501.7
       44900.0       29035.8
       45100.0       28523.2
       45300.0       28013.0
       45500.0       27574.4
       45700.0       27115.3
       45900.0       26622.1
       46100.0       26233.8
       46300.0       25779.2
       46500.0       24756.4
       46700.0       24633.0
       46900.0       24550.1
       47100.0       24180.7
       47300.0       23815.0
       47500.0       23419.5
       47700.0       23044.7
       47900.0       22690.1
       48100.0       22304.8
       48300.0       21970.2
       48500.0       21602.0
       48700.0       21266.1
       48900.0       20931.8
       49100.0       20605.4
       49300.0       20275.8
       49500.0       19953.9
       49700.0       19641.1
       49900.0       19355.4
       50100.0       19055.6
       50300.0       18765.9
       50500.0       18453.5
       50700.0       18185.1
       50900.0       17914.5
       51100.0       17602.9
       51300.0       17113.8
       51500.0       17099.0
       51700.0       16871.1
       51900.0       16609.9
       52100.0       16350.7
       52300.0       16111.6
       52500.0       15889.3
       52700.0       15661.8
       52900.0       15419.7
       53100.0       15204.9
       53300.0       14978.3
       53500.0       14766.5
       53700.0       14544.4
       53900.0       14345.8
       54100.0       14146.0
       54300.0       13924.4
       54500.0       13745.1
       54700.0       13528.9
       54900.0       13353.0
       55100.0       13175.6
       55300.0       12990.5
       55500.0       12806.6
       55700.0       12635.8
       55900.0       12433.5
       56100.0       12283.9
       56300.0       12110.0
       56500.0       11956.0
       56700.0       11793.3
       56900.0       11624.1
       57100.0       11474.2
       57300.0       11319.5
       57500.0       11165.1
       57700.0       11012.8
       57900.0       10863.1
       58100.0       10720.0
       58300.0       10580.9
       58500.0       10442.6
       58700.0       10294.9
       58900.0       10131.6
       59100.0       9865.42
       59300.0       9896.47
       59500.0       9751.10
       59700.0       9644.44
       59900.0       9519.66
       60100.0       9390.39
       60300.0       9277.02
       60500.0       9158.56
       60700.0       9037.46
       60900.0       8917.36
       61100.0       8793.38
       61300.0       8696.49
       61500.0       8589.62
       61700.0       8480.29
       61900.0       8374.16
       62100.0       8269.41
       62300.0       8150.30
       62500.0       8058.39
       62700.0       7958.29
       62900.0       7865.10
       63100.0       7758.08
       63300.0       7673.50
       63500.0       7577.49
       63700.0       7483.75
       63900.0       7391.86
       64200.0       7260.42
       64600.0       7082.50
       65000.0       6910.62
       65400.0       6751.92
       65800.0       6592.81
       66200.0       6436.10
       66600.0       6288.27
       67000.0       6140.31
       67400.0       5997.24
       67800.0       5861.61
       68200.0       5727.69
       68600.0       5597.61
       69000.0       5471.18
       69400.0       5347.12
       69800.0       5229.72
       70200.0       5110.44
       70600.0       5000.24
       71000.0       4891.29
       71400.0       4784.54
       71800.0       4680.30
       72200.0       4578.00
       72600.0       4480.02
       73000.0       4386.02
       73400.0       4291.22
       73800.0       4202.01
       74200.0       4111.67
       74600.0       3987.95
       75000.0       3909.83
       75400.0       3859.90
       75800.0       3782.56
       76200.0       3704.93
       76600.0       3629.80
       77000.0       3555.21
       77400.0       3484.53
       77800.0       3414.69
       78200.0       3346.52
       78600.0       3280.10
       79000.0       3215.22
       79400.0       3151.83
       79800.0       3090.38
       80200.0       3029.23
       80600.0       2970.30
       81000.0       2913.93
       81400.0       2856.60
       81800.0       2802.55
       82200.0       2750.08
       82600.0       2697.61
       83000.0       2647.07
       83400.0       2596.17
       83800.0       2548.22
       84200.0       2501.53
       84600.0       2455.35
       85000.0       2410.24
       85400.0       2365.97
       85800.0       2322.93
       86200.0       2280.48
       86600.0       2239.57
       87000.0       2199.41
       87400.0       2159.84
       87800.0       2121.35
       88200.0       2082.97
       88600.0       2046.40
       89000.0       2010.12
       89400.0       1975.39
       89800.0       1940.17
       90200.0       1907.03
       90600.0       1874.62
       91000.0       1841.43
       91400.0       1810.06
       91800.0       1779.66
       92200.0       1749.58
       92600.0       1719.87
       93000.0       1691.00
       93400.0       1662.42
       93800.0       1634.74
       94200.0       1607.52
       94600.0       1580.86
       95000.0       1554.72
       95400.0       1528.92
       95800.0       1504.27
       96200.0       1479.45
       96600.0       1455.72
       97000.0       1432.17
       97400.0       1408.32
       97800.0       1386.15
       98200.0       1364.13
       98600.0       1342.55
       99000.0       1321.38
       99400.0       1300.28
       99800.0       1279.86
       100200.       1259.79
       200000.       81.1882
       400000.       5.08021
       600000.      0.997362
       800000.      0.313552
   1.00000e+06      0.127685
   1.20000e+06     0.0612606
   1.40000e+06     0.0329159
   1.60000e+06     0.0192147
