       90.9000   9.77160e-21
       93.5000   6.97978e-20
       96.1000   4.52678e-19
       97.7000   1.36744e-18
       99.6000   4.87311e-18
       102.000   2.28468e-17
       103.800   6.97136e-17
       105.600   2.05345e-16
       107.700   6.94136e-16
       110.400   3.10981e-15
       114.000   2.07683e-14
       117.800   1.37174e-13
       121.300   7.04189e-13
       124.800   3.30482e-12
       127.100   8.72050e-12
       128.400   1.48624e-11
       130.500   3.43853e-11
       132.400   7.18162e-11
       133.900   1.26535e-10
       136.600   3.40257e-10
       139.800   1.04597e-09
       143.300   3.37032e-09
       147.200   1.16157e-08
       151.000   3.64421e-08
       155.200   1.20661e-07
       158.800   3.20029e-07
       162.000   7.34713e-07
       166.000   1.98386e-06
       170.300   5.46843e-06
       173.400   1.10257e-05
       176.800   2.31004e-05
       180.200   4.70553e-05
       181.700   6.39137e-05
       186.100   0.000152353
       191.000   0.000382555
       193.900   0.000645379
       198.400    0.00140997
       201.800    0.00248657
       205.000    0.00416981
       210.500    0.00979273
       216.200     0.0226542
       219.800     0.0376785
       223.000     0.0584084
       226.800     0.0984923
       230.000       26.1582
       234.000       57.0469
       240.000       102.136
       246.500       194.310
       252.400       342.877
       256.800       485.710
       260.000       810.472
       264.000       1262.90
       268.500       1929.37
       273.500       2845.44
       278.500       3982.71
       284.000       8186.10
       290.000       12511.4
       296.000       18045.4
       301.000       24865.6
       308.000       48997.5
       318.000       106603.
       328.000       171998.
       338.000       309248.
       348.000       507900.
       357.000   1.33567e+06
       366.000   2.60412e+06
       375.000   3.37470e+06
       385.000   5.07306e+06
       395.000   9.14970e+06
       405.000   1.19242e+07
       414.000   1.63165e+07
       422.000   1.93210e+07
       430.000   2.40015e+07
       441.000   3.15516e+07
       451.000   3.77932e+07
       460.000   4.34451e+07
       470.000   5.45006e+07
       480.000   6.67061e+07
       490.000   7.94194e+07
       500.000   9.60617e+07
       506.000   2.82096e+08
       512.000   1.85100e+09
       520.000   1.79616e+09
       530.000   1.68221e+09
       540.000   1.48457e+09
       550.000   2.03534e+09
       560.000   2.47674e+09
       570.000   2.61926e+09
       580.000   2.37293e+09
       590.000   2.67423e+09
       600.000   2.34808e+09
       610.000   2.86836e+09
       620.000   3.30266e+09
       630.000   3.32717e+09
       640.000   3.27045e+09
       650.000   3.46110e+09
       658.000   3.32403e+09
       665.000   3.56766e+09
       675.000   3.63646e+09
       685.000   3.13299e+09
       695.000   4.03619e+09
       705.000   3.23684e+09
       716.000   4.34155e+09
       726.000   4.28374e+09
       735.000   4.28143e+09
       745.000   4.49199e+09
       755.000   4.51984e+09
       765.000   4.53023e+09
       775.000   4.78495e+09
       785.000   5.00985e+09
       795.000   5.00614e+09
       805.000   4.93451e+09
       815.000   4.91801e+09
       825.000   5.19527e+09
       835.000   3.91252e+09
       845.000   5.04210e+09
       855.000   5.03626e+09
       865.000   5.23387e+09
       875.000   5.33930e+09
       885.000   5.54880e+09
       895.000   5.64279e+09
       905.000   5.51555e+09
       915.000   6.56649e+09
       925.000   2.92873e+10
       935.000   4.88934e+10
       945.000   6.46752e+10
       955.000   6.83797e+10
       965.000   7.42154e+10
       975.000   2.21106e+10
       985.000   5.33047e+10
       995.000   4.92058e+10
       1005.00   5.95443e+10
       1015.00   6.24322e+10
       1025.00   4.82609e+10
       1035.00   5.82596e+10
       1045.00   7.02524e+10
       1055.00   6.59484e+10
       1065.00   5.55285e+10
       1075.00   5.85002e+10
       1085.00   5.45915e+10
       1095.00   5.87580e+10
       1105.00   5.60734e+10
       1115.00   5.52236e+10
       1125.00   4.61111e+10
       1135.00   5.28734e+10
       1145.00   4.99941e+10
       1155.00   4.89063e+10
       1165.00   4.68406e+10
       1175.00   2.86595e+10
       1185.00   4.26329e+10
       1195.00   4.12892e+10
       1205.00   3.88295e+10
       1215.00   3.13639e+10
       1225.00   3.86590e+10
       1235.00   4.14169e+10
       1245.00   4.08296e+10
       1255.00   3.95333e+10
       1265.00   4.05046e+10
       1275.00   4.15519e+10
       1285.00   4.14073e+10
       1295.00   3.82408e+10
       1305.00   3.82676e+10
       1315.00   4.05134e+10
       1325.00   3.86575e+10
       1335.00   3.74992e+10
       1345.00   3.74497e+10
       1355.00   3.67348e+10
       1365.00   3.50905e+10
       1375.00   3.40380e+10
       1385.00   3.28393e+10
       1395.00   2.22648e+10
       1405.00   2.15806e+10
       1415.00   3.04606e+10
       1425.00   2.79381e+10
       1435.00   2.96339e+10
       1442.00   2.95389e+10
       1447.00   2.92398e+10
       1455.00   2.79421e+10
       1465.00   2.67107e+10
       1475.00   2.70371e+10
       1485.00   2.68980e+10
       1495.00   2.60759e+10
       1505.00   2.46860e+10
       1512.00   2.30935e+10
       1517.00   2.36176e+10
       1525.00   2.31599e+10
       1535.00   1.95910e+10
       1545.00   1.63900e+10
       1555.00   1.65710e+10
       1565.00   1.92347e+10
       1575.00   2.05206e+10
       1585.00   2.06763e+10
       1595.00   2.04505e+10
       1605.00   1.96392e+10
       1615.00   1.87959e+10
       1625.00   1.90675e+10
       1635.00   1.95494e+10
       1645.00   1.95032e+10
       1655.00   1.94718e+10
       1665.00   1.92359e+10
       1672.00   1.78529e+10
       1677.00   2.06320e+10
       1685.00   1.95648e+10
       1695.00   1.87577e+10
       1705.00   1.84852e+10
       1715.00   1.76106e+10
       1725.00   1.69727e+10
       1735.00   1.75361e+10
       1745.00   1.73047e+10
       1755.00   1.71961e+10
       1765.00   1.69063e+10
       1775.00   1.61376e+10
       1785.00   1.63924e+10
       1795.00   1.61846e+10
       1805.00   1.62173e+10
       1815.00   1.53232e+10
       1825.00   1.53514e+10
       1835.00   1.51745e+10
       1845.00   1.40166e+10
       1855.00   1.43356e+10
       1865.00   1.44498e+10
       1875.00   1.43079e+10
       1885.00   1.32118e+10
       1895.00   1.25660e+10
       1905.00   1.32545e+10
       1915.00   1.26994e+10
       1925.00   1.19354e+10
       1935.00   1.27229e+10
       1945.00   1.29798e+10
       1955.00   1.16458e+10
       1967.00   1.23493e+10
       1976.00   1.28199e+10
       1984.00   1.20735e+10
       1995.00   1.18111e+10
       2005.00   1.20159e+10
       2015.00   1.20018e+10
       2025.00   1.21031e+10
       2035.00   1.13231e+10
       2045.00   1.12901e+10
       2055.00   9.77816e+09
       2065.00   1.03843e+10
       2074.00   1.15135e+10
       2078.00   1.08201e+10
       2085.00   1.09122e+10
       2095.00   1.03525e+10
       2105.00   1.06064e+10
       2115.00   1.06621e+10
       2125.00   1.05895e+10
       2135.00   1.04088e+10
       2145.00   1.00720e+10
       2155.00   1.02116e+10
       2165.00   9.98806e+09
       2175.00   9.90439e+09
       2185.00   9.73109e+09
       2195.00   9.75991e+09
       2205.00   9.62045e+09
       2215.00   9.43012e+09
       2225.00   9.28314e+09
       2235.00   9.10297e+09
       2245.00   9.03999e+09
       2255.00   8.85479e+09
       2265.00   8.81422e+09
       2275.00   8.71143e+09
       2285.00   8.53938e+09
       2295.00   7.94943e+09
       2305.00   8.24293e+09
       2315.00   8.10228e+09
       2325.00   7.51074e+09
       2335.00   7.87080e+09
       2345.00   7.86958e+09
       2355.00   7.72545e+09
       2365.00   7.62389e+09
       2375.00   7.44962e+09
       2385.00   7.28197e+09
       2395.00   7.23311e+09
       2405.00   7.18481e+09
       2415.00   7.07893e+09
       2425.00   7.02387e+09
       2435.00   6.88306e+09
       2445.00   6.82057e+09
       2455.00   6.75324e+09
       2465.00   6.65764e+09
       2475.00   6.55352e+09
       2485.00   6.37460e+09
       2495.00   4.90159e+09
       2505.00   6.09130e+09
       2513.00   5.91806e+09
       2518.00   6.06660e+09
       2525.00   6.13227e+09
       2535.00   6.08399e+09
       2545.00   5.93041e+09
       2555.00   5.87947e+09
       2565.00   5.82627e+09
       2575.00   5.75440e+09
       2585.00   5.69079e+09
       2595.00   5.61233e+09
       2605.00   5.55600e+09
       2615.00   5.45398e+09
       2625.00   5.40682e+09
       2635.00   5.34823e+09
       2645.00   5.27022e+09
       2655.00   5.21590e+09
       2665.00   5.07753e+09
       2675.00   5.00847e+09
       2685.00   5.01931e+09
       2695.00   4.86584e+09
       2705.00   4.80393e+09
       2715.00   4.76569e+09
       2725.00   4.73895e+09
       2735.00   4.65520e+09
       2745.00   4.63294e+09
       2755.00   4.58949e+09
       2765.00   4.50610e+09
       2775.00   4.50964e+09
       2785.00   4.43340e+09
       2795.00   4.28151e+09
       2805.00   4.29796e+09
       2815.00   4.29472e+09
       2825.00   4.22816e+09
       2835.00   4.11903e+09
       2845.00   4.13630e+09
       2855.00   4.06804e+09
       2865.00   4.02418e+09
       2875.00   3.98169e+09
       2885.00   3.93313e+09
       2895.00   3.88614e+09
       2910.00   3.79698e+09
       2930.00   3.74343e+09
       2950.00   3.62904e+09
       2970.00   3.56252e+09
       2990.00   3.46811e+09
       3010.00   3.35449e+09
       3030.00   3.29783e+09
       3050.00   3.24654e+09
       3070.00   3.19211e+09
       3090.00   3.07872e+09
       3110.00   3.05381e+09
       3130.00   2.96634e+09
       3150.00   2.91414e+09
       3170.00   2.84517e+09
       3190.00   2.78188e+09
       3210.00   2.72641e+09
       3230.00   2.66715e+09
       3250.00   2.62365e+09
       3270.00   2.55526e+09
       3290.00   2.50581e+09
       3310.00   2.45491e+09
       3330.00   2.39779e+09
       3350.00   2.34649e+09
       3370.00   2.30130e+09
       3390.00   2.26689e+09
       3410.00   2.21964e+09
       3430.00   2.15909e+09
       3450.00   2.11229e+09
       3470.00   2.08560e+09
       3490.00   2.04395e+09
       3510.00   2.00736e+09
       3530.00   1.97500e+09
       3550.00   1.93419e+09
       3570.00   1.90013e+09
       3590.00   1.85067e+09
       3610.00   1.81727e+09
       3630.00   1.78389e+09
       3640.00   1.77282e+09
       3650.00   1.75571e+09
       3670.00   1.72882e+09
       3690.00   1.66473e+09
       3710.00   1.58938e+09
       3730.00   1.54533e+09
       3750.00   1.59905e+09
       3770.00   1.57092e+09
       3790.00   1.61363e+09
       3810.00   1.65476e+09
       3830.00   1.49966e+09
       3850.00   1.64391e+09
       3870.00   1.60400e+09
       3890.00   1.40825e+09
       3910.00   1.59326e+09
       3930.00   1.54335e+09
       3950.00   1.51569e+09
       3970.00   1.29910e+09
       3990.00   1.47338e+09
       4010.00   1.45155e+09
       4030.00   1.40285e+09
       4050.00   1.40396e+09
       4070.00   1.34596e+09
       4090.00   1.27801e+09
       4110.00   1.17381e+09
       4130.00   1.28379e+09
       4150.00   1.27015e+09
       4170.00   1.26205e+09
       4190.00   1.24218e+09
       4210.00   1.22486e+09
       4230.00   1.20298e+09
       4250.00   1.17192e+09
       4270.00   1.13974e+09
       4290.00   1.12525e+09
       4310.00   1.09376e+09
       4330.00   1.03437e+09
       4350.00   9.62527e+08
       4370.00   1.04472e+09
       4390.00   1.03276e+09
       4410.00   1.02076e+09
       4430.00   1.01074e+09
       4450.00   9.91684e+08
       4470.00   9.55925e+08
       4490.00   9.62639e+08
       4510.00   9.46415e+08
       4530.00   9.35066e+08
       4550.00   9.17637e+08
       4570.00   9.05799e+08
       4590.00   8.87980e+08
       4610.00   8.70418e+08
       4630.00   8.54954e+08
       4650.00   8.20313e+08
       4670.00   8.29160e+08
       4690.00   8.15783e+08
       4710.00   7.95080e+08
       4730.00   7.98575e+08
       4750.00   7.84801e+08
       4770.00   7.79145e+08
       4790.00   7.66265e+08
       4810.00   7.52692e+08
       4830.00   7.38074e+08
       4850.00   7.04613e+08
       4870.00   6.42527e+08
       4890.00   7.05547e+08
       4910.00   6.96686e+08
       4930.00   6.76273e+08
       4950.00   6.73633e+08
       4970.00   6.68985e+08
       4990.00   6.58322e+08
       5010.00   6.35006e+08
       5030.00   6.37545e+08
       5050.00   6.25843e+08
       5070.00   6.21047e+08
       5090.00   6.11203e+08
       5110.00   6.01782e+08
       5130.00   5.91302e+08
       5150.00   5.83337e+08
       5170.00   5.75845e+08
       5190.00   5.68310e+08
       5210.00   5.60638e+08
       5230.00   5.52557e+08
       5250.00   5.44118e+08
       5270.00   5.35791e+08
       5290.00   5.29607e+08
       5310.00   5.21951e+08
       5330.00   5.15044e+08
       5350.00   5.07699e+08
       5370.00   5.00828e+08
       5390.00   4.93488e+08
       5410.00   4.85572e+08
       5430.00   4.80686e+08
       5450.00   4.73905e+08
       5470.00   4.67361e+08
       5490.00   4.60950e+08
       5510.00   4.55103e+08
       5530.00   4.48503e+08
       5550.00   4.43087e+08
       5570.00   4.36960e+08
       5590.00   4.30837e+08
       5610.00   4.25652e+08
       5630.00   4.20066e+08
       5650.00   4.14052e+08
       5670.00   4.07187e+08
       5690.00   3.99257e+08
       5710.00   3.97262e+08
       5730.00   3.92704e+08
       5750.00   3.86364e+08
       5770.00   3.82978e+08
       5790.00   3.77786e+08
       5810.00   3.72734e+08
       5830.00   3.67299e+08
       5850.00   3.63339e+08
       5870.00   3.50798e+08
       5890.00   3.52491e+08
       5910.00   3.49064e+08
       5930.00   3.44292e+08
       5950.00   3.39970e+08
       5970.00   3.36945e+08
       5990.00   3.31770e+08
       6010.00   3.28261e+08
       6030.00   3.23694e+08
       6050.00   3.19931e+08
       6070.00   3.16324e+08
       6090.00   3.12594e+08
       6110.00   3.08613e+08
       6130.00   3.05008e+08
       6150.00   3.00458e+08
       6170.00   2.96989e+08
       6190.00   2.93854e+08
       6210.00   2.90519e+08
       6230.00   2.86938e+08
       6250.00   2.83253e+08
       6270.00   2.80040e+08
       6290.00   2.76853e+08
       6310.00   2.73256e+08
       6330.00   2.70366e+08
       6350.00   2.66890e+08
       6370.00   2.64047e+08
       6390.00   2.60838e+08
       6410.00   2.57709e+08
       6430.00   2.54869e+08
       6450.00   2.51815e+08
       6470.00   2.48244e+08
       6490.00   2.45304e+08
       6510.00   2.42883e+08
       6530.00   2.39648e+08
       6550.00   2.32883e+08
       6561.25   2.10311e+08
       6590.00   2.30004e+08
       6610.00   2.29140e+08
       6630.00   2.26877e+08
       6650.00   2.24134e+08
       6670.00   2.19989e+08
       6690.00   2.17582e+08
       6710.00   2.16738e+08
       6730.00   2.13780e+08
       6750.00   2.11928e+08
       6770.00   2.09790e+08
       6790.00   2.06538e+08
       6810.00   2.05002e+08
       6830.00   2.02729e+08
       6850.00   2.00607e+08
       6870.00   1.98363e+08
       6890.00   1.95793e+08
       6910.00   1.93549e+08
       6930.00   1.92017e+08
       6950.00   1.89947e+08
       6970.00   1.87889e+08
       6990.00   1.85828e+08
       7010.00   1.83849e+08
       7030.00   1.81684e+08
       7050.00   1.79829e+08
       7070.00   1.75542e+08
       7090.00   1.76089e+08
       7110.00   1.73490e+08
       7130.00   1.71784e+08
       7150.00   1.70559e+08
       7170.00   1.68642e+08
       7190.00   1.66984e+08
       7210.00   1.65232e+08
       7230.00   1.61912e+08
       7250.00   1.61493e+08
       7270.00   1.60100e+08
       7290.00   1.57245e+08
       7310.00   1.56752e+08
       7330.00   1.55120e+08
       7350.00   1.53558e+08
       7370.00   1.52005e+08
       7390.00   1.50445e+08
       7410.00   1.48907e+08
       7430.00   1.47383e+08
       7450.00   1.45873e+08
       7470.00   1.44019e+08
       7490.00   1.42768e+08
       7510.00   1.41434e+08
       7530.00   1.39973e+08
       7550.00   1.38677e+08
       7570.00   1.37268e+08
       7590.00   1.35767e+08
       7610.00   1.34326e+08
       7630.00   1.33157e+08
       7650.00   1.31837e+08
       7670.00   1.30581e+08
       7690.00   1.29201e+08
       7710.00   1.27936e+08
       7730.00   1.26626e+08
       7750.00   1.25490e+08
       7770.00   1.24215e+08
       7790.00   1.23081e+08
       7810.00   1.21803e+08
       7830.00   1.20702e+08
       7850.00   1.19580e+08
       7870.00   1.18189e+08
       7890.00   1.16913e+08
       7910.00   1.15955e+08
       7930.00   1.14778e+08
       7950.00   1.13819e+08
       7970.00   1.12650e+08
       7990.00   1.11697e+08
       8010.00   1.10488e+08
       8030.00   1.09506e+08
       8050.00   1.08538e+08
       8070.00   1.07579e+08
       8090.00   1.06397e+08
       8110.00   1.04956e+08
       8130.00   1.04606e+08
       8150.00   1.03441e+08
       8170.00   1.02653e+08
       8190.00   1.01355e+08
       8210.00   9.99449e+07
       8230.00   9.89536e+07
       8250.00   9.84799e+07
       8270.00   9.69355e+07
       8290.00   9.66273e+07
       8310.00   9.58245e+07
       8330.00   9.48872e+07
       8350.00   9.37416e+07
       8370.00   9.29016e+07
       8390.00   9.23521e+07
       8410.00   9.12849e+07
       8430.00   9.02479e+07
       8450.00   8.91037e+07
       8470.00   8.83420e+07
       8490.00   8.78165e+07
       8510.00   8.62702e+07
       8530.00   8.65858e+07
       8550.00   8.39137e+07
       8570.00   8.61180e+07
       8590.00   8.25162e+07
       8610.00   8.20114e+07
       8630.00   8.45251e+07
       8650.00   8.21257e+07
       8670.00   7.74822e+07
       8690.00   8.20249e+07
       8710.00   8.21105e+07
       8730.00   7.99947e+07
       8750.00   7.37838e+07
       8770.00   7.77237e+07
       8790.00   7.93598e+07
       8810.00   7.88106e+07
       8830.00   7.78548e+07
       8850.00   7.41700e+07
       8870.00   6.95504e+07
       8890.00   7.54013e+07
       8910.00   7.54665e+07
       8930.00   7.49210e+07
       8950.00   7.44360e+07
       8970.00   7.36550e+07
       8990.00   7.17148e+07
       9010.00   6.55217e+07
       9030.00   6.81609e+07
       9050.00   7.08912e+07
       9070.00   7.01118e+07
       9090.00   6.99496e+07
       9110.00   6.95747e+07
       9130.00   6.90306e+07
       9150.00   6.84592e+07
       9170.00   6.76771e+07
       9190.00   6.70126e+07
       9210.00   6.47099e+07
       9230.00   5.82522e+07
       9250.00   6.36936e+07
       9270.00   6.47123e+07
       9290.00   6.44602e+07
       9310.00   6.37576e+07
       9330.00   6.33114e+07
       9350.00   6.28297e+07
       9370.00   6.24030e+07
       9390.00   6.19238e+07
       9410.00   6.13801e+07
       9430.00   6.08870e+07
       9450.00   6.03764e+07
       9470.00   5.96344e+07
       9490.00   5.93205e+07
       9510.00   5.82007e+07
       9530.00   5.62643e+07
       9550.00   5.09935e+07
       9570.00   5.63420e+07
       9590.00   5.68569e+07
       9610.00   5.63920e+07
       9630.00   5.58452e+07
       9650.00   5.57353e+07
       9670.00   5.52955e+07
       9690.00   5.48067e+07
       9710.00   5.38939e+07
       9730.00   5.39233e+07
       9750.00   5.35477e+07
       9770.00   5.31274e+07
       9790.00   5.27062e+07
       9810.00   5.22527e+07
       9830.00   5.18883e+07
       9850.00   5.14564e+07
       9870.00   5.10315e+07
       9890.00   5.05711e+07
       9910.00   5.00297e+07
       9930.00   4.98856e+07
       9950.00   4.94988e+07
       9970.00   4.90731e+07
       9990.00   4.87031e+07
       10025.0   4.65119e+07
       10075.0   4.50604e+07
       10125.0   4.60056e+07
       10175.0   4.54017e+07
       10225.0   4.45228e+07
       10275.0   4.37051e+07
       10325.0   4.27457e+07
       10375.0   4.21037e+07
       10425.0   4.13195e+07
       10475.0   4.05655e+07
       10525.0   3.98103e+07
       10575.0   3.90945e+07
       10625.0   3.83836e+07
       10675.0   3.76381e+07
       10725.0   3.70129e+07
       10775.0   3.63489e+07
       10825.0   3.53581e+07
       10875.0   3.50050e+07
       10925.0   3.22076e+07
       10975.0   3.33222e+07
       11025.0   3.31013e+07
       11075.0   3.26710e+07
       11125.0   3.20980e+07
       11175.0   3.15519e+07
       11225.0   3.09904e+07
       11275.0   3.04702e+07
       11325.0   2.99227e+07
       11375.0   2.94302e+07
       11425.0   2.89307e+07
       11475.0   2.84549e+07
       11525.0   2.79833e+07
       11575.0   2.75008e+07
       11625.0   2.70356e+07
       11675.0   2.65715e+07
       11725.0   2.61706e+07
       11775.0   2.57371e+07
       11825.0   2.53133e+07
       11875.0   2.49042e+07
       11925.0   2.45003e+07
       11975.0   2.39399e+07
       12025.0   2.37154e+07
       12075.0   2.33357e+07
       12125.0   2.29592e+07
       12175.0   2.25964e+07
       12225.0   2.22380e+07
       12275.0   2.18882e+07
       12325.0   2.15405e+07
       12375.0   2.12018e+07
       12425.0   2.08755e+07
       12475.0   2.05282e+07
       12525.0   2.01831e+07
       12575.0   1.99114e+07
       12625.0   1.96077e+07
       12675.0   1.93140e+07
       12725.0   1.90180e+07
       12775.0   1.84597e+07
       12825.0   1.72600e+07
       12875.0   1.80968e+07
       12925.0   1.78946e+07
       12975.0   1.75408e+07
       13025.0   1.73522e+07
       13075.0   1.71071e+07
       13125.0   1.68541e+07
       13175.0   1.66053e+07
       13225.0   1.63613e+07
       13275.0   1.61218e+07
       13325.0   1.58816e+07
       13375.0   1.56470e+07
       13425.0   1.54109e+07
       13475.0   1.52032e+07
       13525.0   1.49777e+07
       13575.0   1.47709e+07
       13625.0   1.45482e+07
       13675.0   1.43528e+07
       13725.0   1.41374e+07
       13775.0   1.39514e+07
       13825.0   1.37551e+07
       13875.0   1.35606e+07
       13925.0   1.33606e+07
       13975.0   1.31824e+07
       14025.0   1.29938e+07
       14075.0   1.28231e+07
       14125.0   1.26432e+07
       14175.0   1.24713e+07
       14225.0   1.23016e+07
       14275.0   1.21321e+07
       14325.0   1.19675e+07
       14375.0   1.18045e+07
       14425.0   1.16471e+07
       14475.0   1.14906e+07
       14525.0   1.13345e+07
       14570.0   1.11991e+07
       14620.0   1.10512e+07
       14675.0   1.08910e+07
       14725.0   1.07470e+07
       14775.0   1.06026e+07
       14825.0   1.04666e+07
       14875.0   1.03296e+07
       14925.0   1.01944e+07
       14975.0   1.00594e+07
       15025.0   9.92647e+06
       15075.0   9.77718e+06
       15125.0   9.66192e+06
       15175.0   9.53373e+06
       15225.0   9.40767e+06
       15275.0   9.27821e+06
       15325.0   9.15296e+06
       15375.0   9.05066e+06
       15425.0   8.90341e+06
       15475.0   8.82426e+06
       15525.0   8.70874e+06
       15575.0   8.54342e+06
       15625.0   8.53790e+06
       15675.0   8.35780e+06
       15725.0   8.21241e+06
       15775.0   8.23627e+06
       15825.0   8.12308e+06
       15875.0   7.83461e+06
       15925.0   7.88546e+06
       15975.0   7.86290e+06
       16050.0   7.67288e+06
       16150.0   7.38966e+06
       16250.0   7.35877e+06
       16350.0   7.12247e+06
       16450.0   6.85264e+06
       16550.0   6.84807e+06
       16650.0   6.68805e+06
       16750.0   6.46932e+06
       16850.0   6.21430e+06
       16950.0   6.23364e+06
       17050.0   6.06237e+06
       17150.0   5.95255e+06
       17250.0   5.81410e+06
       17350.0   5.48609e+06
       17450.0   5.54191e+06
       17550.0   5.43613e+06
       17650.0   5.31581e+06
       17750.0   5.19845e+06
       17850.0   5.08113e+06
       17950.0   4.97416e+06
       18050.0   4.86439e+06
       18150.0   4.59456e+06
       18250.0   4.62907e+06
       18350.0   4.55985e+06
       18450.0   4.46274e+06
       18550.0   4.36374e+06
       18650.0   4.24623e+06
       18750.0   4.03678e+06
       18850.0   4.09829e+06
       18950.0   4.01465e+06
       19050.0   3.92123e+06
       19150.0   3.85316e+06
       19250.0   3.77501e+06
       19350.0   3.69242e+06
       19450.0   3.47440e+06
       19550.0   3.54067e+06
       19650.0   3.48043e+06
       19750.0   3.41138e+06
       19850.0   3.34401e+06
       19950.0   3.27829e+06
       20050.0   3.21409e+06
       20150.0   3.15156e+06
       20250.0   3.09046e+06
       20350.0   3.03087e+06
       20450.0   2.97167e+06
       20550.0   2.91008e+06
       20650.0   2.86049e+06
       20750.0   2.80604e+06
       20850.0   2.75345e+06
       20950.0   2.70156e+06
       21050.0   2.65096e+06
       21150.0   2.59218e+06
       21250.0   2.55407e+06
       21350.0   2.50706e+06
       21450.0   2.46032e+06
       21550.0   2.41312e+06
       21650.0   2.27096e+06
       21750.0   2.32212e+06
       21850.0   2.28616e+06
       21950.0   2.24661e+06
       22050.0   2.20660e+06
       22150.0   2.16737e+06
       22250.0   2.12852e+06
       22350.0   2.09157e+06
       22450.0   2.05496e+06
       22550.0   2.01907e+06
       22650.0   1.98403e+06
       22750.0   1.94966e+06
       22850.0   1.91748e+06
       22950.0   1.88972e+06
       23050.0   1.85691e+06
       23150.0   1.82572e+06
       23250.0   1.79479e+06
       23350.0   1.76452e+06
       23450.0   1.73279e+06
       23550.0   1.70194e+06
       23650.0   1.67269e+06
       23750.0   1.64454e+06
       23850.0   1.61680e+06
       23950.0   1.58921e+06
       24050.0   1.56286e+06
       24150.0   1.53696e+06
       24250.0   1.51169e+06
       24350.0   1.48717e+06
       24450.0   1.46223e+06
       24550.0   1.44022e+06
       24650.0   1.41548e+06
       24750.0   1.39145e+06
       24850.0   1.37387e+06
       24950.0   1.34569e+06
       25050.0   1.33515e+06
       25150.0   1.31193e+06
       25250.0   1.28064e+06
       25350.0   1.26932e+06
       25450.0   1.25373e+06
       25550.0   1.23008e+06
       25650.0   1.19938e+06
       25750.0   1.19400e+06
       25850.0   1.17847e+06
       25950.0   1.16045e+06
       26050.0   1.13596e+06
       26150.0   1.10349e+06
       26250.0   1.05983e+06
       26350.0   1.08783e+06
       26450.0   1.07580e+06
       26550.0   1.05873e+06
       26650.0   1.04025e+06
       26750.0   1.00621e+06
       26850.0   1.00939e+06
       26950.0       998646.
       27050.0       984068.
       27150.0       969728.
       27250.0       955673.
       27350.0       941848.
       27450.0       926999.
       27550.0       893528.
       27650.0       893286.
       27750.0       888963.
       27850.0       876422.
       27950.0       864037.
       28050.0       851711.
       28150.0       839870.
       28250.0       828081.
       28350.0       816578.
       28450.0       805216.
       28550.0       793669.
       28650.0       777398.
       28750.0       748345.
       28850.0       760139.
       28950.0       751301.
       29050.0       741048.
       29150.0       731007.
       29250.0       721086.
       29350.0       711370.
       29450.0       701812.
       29550.0       692411.
       29650.0       683163.
       29750.0       674066.
       29850.0       665160.
       29950.0       656316.
       30050.0       647699.
       30150.0       638975.
       30250.0       630147.
       30350.0       605102.
       30450.0       604709.
       30550.0       606126.
       30650.0       598568.
       30750.0       590617.
       30850.0       583192.
       30950.0       575929.
       31050.0       568513.
       31150.0       561258.
       31250.0       554084.
       31350.0       547182.
       31450.0       540280.
       31550.0       533530.
       31650.0       526817.
       31750.0       520252.
       31850.0       513796.
       31950.0       507411.
       32100.0       498037.
       32300.0       485858.
       32500.0       474047.
       32700.0       462594.
       32900.0       440803.
       33100.0       439480.
       33300.0       430888.
       33500.0       420824.
       33700.0       410934.
       33900.0       401346.
       34100.0       392052.
       34300.0       383010.
       34500.0       374246.
       34700.0       365720.
       34900.0       357396.
       35100.0       348932.
       35300.0       341089.
       35500.0       333400.
       35700.0       325891.
       35900.0       318997.
       36100.0       311598.
       36300.0       305258.
       36500.0       298076.
       36700.0       292430.
       36900.0       285091.
       37100.0       279508.
       37300.0       270710.
       37500.0       262912.
       37700.0       262534.
       37900.0       257226.
       38100.0       250876.
       38300.0       245867.
       38500.0       241595.
       38700.0       236650.
       38900.0       231511.
       39100.0       225367.
       39300.0       222466.
       39500.0       218085.
       39700.0       213732.
       39900.0       209486.
       40100.0       204248.
       40300.0       199440.
       40500.0       192850.
       40700.0       193436.
       40900.0       189767.
       41100.0       186105.
       41300.0       182385.
       41500.0       178866.
       41700.0       173268.
       41900.0       172103.
       42100.0       169064.
       42300.0       165892.
       42500.0       162718.
       42700.0       159770.
       42900.0       156562.
       43100.0       153928.
       43300.0       151105.
       43500.0       148343.
       43700.0       143471.
       43900.0       142387.
       44100.0       140442.
       44300.0       137927.
       44500.0       135467.
       44700.0       133173.
       44900.0       130818.
       45100.0       128514.
       45300.0       126260.
       45500.0       124057.
       45700.0       121900.
       45900.0       119790.
       46100.0       117688.
       46300.0       115654.
       46500.0       110431.
       46700.0       109252.
       46900.0       109506.
       47100.0       108041.
       47300.0       106227.
       47500.0       104448.
       47700.0       102709.
       47900.0       101004.
       48100.0       99335.8
       48300.0       97699.4
       48500.0       96097.7
       48700.0       94528.5
       48900.0       92991.1
       49100.0       91485.0
       49300.0       90009.6
       49500.0       88562.6
       49700.0       87145.1
       49900.0       85756.5
       50100.0       84393.3
       50300.0       83059.4
       50500.0       81749.9
       50700.0       80467.2
       50900.0       79209.3
       51100.0       77799.9
       51300.0       74843.9
       51500.0       75488.1
       51700.0       74416.1
       51900.0       73275.9
       52100.0       72156.4
       52300.0       71057.5
       52500.0       69979.9
       52700.0       68923.5
       52900.0       67886.4
       53100.0       66868.2
       53300.0       65868.7
       53500.0       64888.9
       53700.0       63926.9
       53900.0       62982.7
       54100.0       62054.5
       54300.0       61144.6
       54500.0       60251.5
       54700.0       59373.5
       54900.0       58513.0
       55100.0       57667.1
       55300.0       56835.6
       55500.0       56020.6
       55700.0       55219.6
       55900.0       54432.1
       56100.0       53659.3
       56300.0       52899.6
       56500.0       52154.0
       56700.0       51421.1
       56900.0       50700.7
       57100.0       49993.7
       57300.0       49297.6
       57500.0       48614.6
       57700.0       47943.2
       57900.0       47282.2
       58100.0       46634.7
       58300.0       45997.2
       58500.0       45393.7
       58700.0       44776.6
       58900.0       44039.7
       59100.0       42316.3
       59300.0       42924.8
       59500.0       42412.2
       59700.0       41846.2
       59900.0       41289.0
       60100.0       40741.4
       60300.0       40203.3
       60500.0       39673.4
       60700.0       39151.6
       60900.0       38638.9
       61100.0       38135.1
       61300.0       37638.1
       61500.0       37150.6
       61700.0       36669.7
       61900.0       36197.1
       62100.0       35732.8
       62300.0       35274.7
       62500.0       34824.6
       62700.0       34381.4
       62900.0       33945.1
       63100.0       33516.4
       63300.0       33093.4
       63500.0       32677.8
       63700.0       32268.7
       63900.0       31865.0
       64200.0       31272.6
       64600.0       30502.9
       65000.0       29757.7
       65400.0       29034.6
       65800.0       28332.8
       66200.0       27652.8
       66600.0       26992.9
       67000.0       26352.7
       67400.0       25730.7
       67800.0       25127.2
       68200.0       24540.9
       68600.0       23972.1
       69000.0       23419.6
       69400.0       22882.2
       69800.0       22360.8
       70200.0       21854.5
       70600.0       21361.9
       71000.0       20882.7
       71400.0       20417.4
       71800.0       19964.7
       72200.0       19524.4
       72600.0       19096.1
       73000.0       18679.6
       73400.0       18274.5
       73800.0       17880.5
       74200.0       17469.2
       74600.0       16853.2
       75000.0       16438.2
       75400.0       16398.7
       75800.0       16060.9
       76200.0       15725.3
       76600.0       15398.4
       77000.0       15080.0
       77400.0       14769.2
       77800.0       14467.1
       78200.0       14172.3
       78600.0       13885.1
       79000.0       13604.8
       79400.0       13331.8
       79800.0       13065.4
       80200.0       12805.9
       80600.0       12552.7
       81000.0       12305.6
       81400.0       12065.0
       81800.0       11829.6
       82200.0       11599.9
       82600.0       11376.3
       83000.0       11157.5
       83400.0       10944.6
       83800.0       10736.3
       84200.0       10532.5
       84600.0       10334.2
       85000.0       10140.2
       85400.0       9950.88
       85800.0       9765.69
       86200.0       9585.02
       86600.0       9408.77
       87000.0       9235.84
       87400.0       9067.16
       87800.0       8902.63
       88200.0       8741.68
       88600.0       8584.22
       89000.0       8430.18
       89400.0       8279.49
       89800.0       8132.55
       90200.0       7988.81
       90600.0       7847.75
       91000.0       7710.21
       91400.0       7575.68
       91800.0       7443.65
       92200.0       7314.94
       92600.0       7188.61
       93000.0       7065.49
       93400.0       6944.64
       93800.0       6826.45
       94200.0       6710.44
       94600.0       6597.40
       95000.0       6486.44
       95400.0       6377.94
       95800.0       6271.42
       96200.0       6167.27
       96600.0       6065.44
       97000.0       5965.47
       97400.0       5867.72
       97800.0       5771.77
       98200.0       5677.97
       98600.0       5585.88
       99000.0       5495.86
       99400.0       5407.49
       99800.0       5320.73
       100200.       5235.93
       200000.       324.129
       400000.       19.7908
       600000.       3.85050
       800000.       1.20477
   1.00000e+06      0.489071
   1.20000e+06      0.234133
   1.40000e+06      0.125611
   1.60000e+06     0.0732476
