       90.9000       0.00000
       93.5000       0.00000
       96.1000       0.00000
       97.7000       0.00000
       99.6000       0.00000
       102.000       0.00000
       103.800       0.00000
       105.600       0.00000
       107.700       0.00000
       110.400       0.00000
       114.000       0.00000
       117.800       0.00000
       121.300       0.00000
       124.800       0.00000
       127.100       0.00000
       128.400       0.00000
       130.500       0.00000
       132.400       0.00000
       133.900       0.00000
       136.600       0.00000
       139.800       0.00000
       143.300       0.00000
       147.200       0.00000
       151.000       0.00000
       155.200       0.00000
       158.800       0.00000
       162.000       0.00000
       166.000       0.00000
       170.300       0.00000
       173.400       0.00000
       176.800       0.00000
       180.200       0.00000
       181.700       0.00000
       186.100       0.00000
       191.000       0.00000
       193.900       0.00000
       198.400       0.00000
       201.800       0.00000
       205.000       0.00000
       210.500       0.00000
       216.200       0.00000
       219.800       0.00000
       223.000       0.00000
       226.800       0.00000
       230.000       0.00000
       234.000       0.00000
       240.000       0.00000
       246.500       0.00000
       252.400       0.00000
       256.800       0.00000
       260.000       0.00000
       264.000       0.00000
       268.500       0.00000
       273.500       0.00000
       278.500       0.00000
       284.000       0.00000
       290.000       0.00000
       296.000       0.00000
       301.000       0.00000
       308.000       0.00000
       318.000       0.00000
       328.000       0.00000
       338.000       0.00000
       348.000       0.00000
       357.000       0.00000
       366.000       0.00000
       375.000       0.00000
       385.000       0.00000
       395.000       0.00000
       405.000       0.00000
       414.000       0.00000
       422.000       0.00000
       430.000       0.00000
       441.000       0.00000
       451.000       0.00000
       460.000       0.00000
       470.000       0.00000
       480.000       0.00000
       490.000       0.00000
       500.000       0.00000
       506.000       0.00000
       512.000       0.00000
       520.000       0.00000
       530.000       0.00000
       540.000       0.00000
       550.000       0.00000
       560.000       0.00000
       570.000       0.00000
       580.000       0.00000
       590.000       0.00000
       600.000       0.00000
       610.000       0.00000
       620.000       0.00000
       630.000       0.00000
       640.000       0.00000
       650.000       0.00000
       658.000       0.00000
       665.000       0.00000
       675.000       0.00000
       685.000       0.00000
       695.000       0.00000
       705.000       0.00000
       716.000       0.00000
       726.000       0.00000
       735.000       0.00000
       745.000       0.00000
       755.000       0.00000
       765.000       0.00000
       775.000       0.00000
       785.000       0.00000
       795.000       0.00000
       805.000       0.00000
       815.000       0.00000
       825.000       0.00000
       835.000       0.00000
       845.000       0.00000
       855.000       0.00000
       865.000       0.00000
       875.000       0.00000
       885.000       0.00000
       895.000       0.00000
       905.000       0.00000
       915.000       0.00000
       925.000   5.23383e-14
       935.000   8.50614e-14
       945.000   1.47642e-13
       955.000   2.54460e-13
       965.000   4.55244e-13
       975.000   7.23639e-13
       985.000   1.22918e-12
       995.000   2.06550e-12
       1005.00   3.62514e-12
       1015.00   5.84134e-12
       1025.00   7.66029e-12
       1035.00   1.54480e-11
       1045.00   2.48178e-11
       1055.00   3.67752e-11
       1065.00   5.96737e-11
       1075.00   9.17063e-11
       1085.00   1.40362e-10
       1095.00   2.05058e-10
       1105.00   3.02634e-10
       1115.00   4.53176e-10
       1125.00   7.50142e-10
       1135.00   1.13111e-09
       1145.00   1.65439e-09
       1155.00   2.48411e-09
       1165.00   3.55989e-09
       1175.00   5.13240e-09
       1185.00   7.38853e-09
       1195.00   9.98345e-09
       1205.00   1.38885e-08
       1215.00   1.04887e-08
       1225.00   2.70028e-08
       1235.00   3.84678e-08
       1245.00   5.33393e-08
       1255.00   7.27856e-08
       1265.00   9.89626e-08
       1275.00   1.30679e-07
       1285.00   1.73120e-07
       1295.00   2.22054e-07
       1305.00   2.95341e-07
       1315.00   4.13282e-07
       1325.00   5.43779e-07
       1335.00   6.79910e-07
       1345.00   8.95207e-07
       1355.00   1.22813e-06
       1365.00   1.38377e-06
       1375.00   1.77527e-06
       1385.00   2.04212e-06
       1395.00   2.60049e-06
       1405.00   3.76115e-06
       1415.00   4.77728e-06
       1425.00   6.02861e-06
       1435.00   7.69533e-06
       1442.00   9.16695e-06
       1447.00   9.01069e-06
       1455.00   1.21542e-05
       1465.00   1.54357e-05
       1475.00   1.91082e-05
       1485.00   2.12536e-05
       1495.00   3.30154e-05
       1505.00   4.11505e-05
       1512.00   3.26743e-05
       1517.00   4.69864e-05
       1525.00   8.13973e-05
       1535.00   0.000119616
       1545.00   0.000100185
       1555.00   0.000155623
       1565.00   0.000154093
       1575.00   0.000598850
       1585.00   0.000621370
       1595.00   0.000574760
       1605.00   0.000573645
       1615.00   0.000583116
       1625.00   0.000686714
       1635.00   0.000946989
       1645.00    0.00137746
       1655.00    0.00108102
       1665.00    0.00188567
       1672.00    0.00144179
       1677.00    0.00667922
       1685.00     0.0104537
       1695.00     0.0163804
       1705.00     0.0182143
       1715.00     0.0215992
       1725.00     0.0407176
       1735.00     0.0594576
       1745.00     0.0950776
       1755.00     0.0934431
       1765.00      0.154720
       1775.00     0.0867145
       1785.00      0.313400
       1795.00      0.246124
       1805.00      0.572237
       1815.00      0.255471
       1825.00      0.684548
       1835.00      0.487602
       1845.00      0.518443
       1855.00      0.330888
       1865.00       1.03213
       1875.00      0.843458
       1885.00       1.23116
       1895.00       1.82993
       1905.00       1.73457
       1915.00       2.77656
       1925.00       1.75036
       1935.00      0.833909
       1945.00       3.06501
       1955.00       4.69224
       1967.00       5.43340
       1976.00       6.25807
       1984.00       8.93136
       1995.00       7.20923
       2005.00       8.25869
       2015.00       8.98378
       2025.00       6.01969
       2035.00       9.87579
       2045.00       9.91636
       2055.00       12.5472
       2065.00       10.3304
       2074.00       8.77568
       2078.00       51.9429
       2085.00       70.1348
       2095.00       66.3244
       2105.00       58.0184
       2115.00       57.7271
       2125.00       54.4861
       2135.00       89.5497
       2145.00       67.1905
       2155.00       78.6319
       2165.00       66.1855
       2175.00       82.2167
       2185.00       65.9034
       2195.00       127.875
       2205.00       104.573
       2215.00       112.991
       2225.00       115.919
       2235.00       247.296
       2245.00       267.350
       2255.00       284.573
       2265.00       124.117
       2275.00       258.264
       2285.00       322.043
       2295.00       432.533
       2305.00       145.005
       2315.00       451.397
       2325.00       356.629
       2335.00       590.258
       2345.00       326.772
       2355.00       294.217
       2365.00       316.743
       2375.00       385.378
       2385.00       412.109
       2395.00       456.061
       2405.00       734.374
       2415.00       489.937
       2425.00       941.406
       2435.00       1361.36
       2445.00       1885.85
       2455.00       2081.35
       2465.00       998.150
       2475.00       1181.18
       2485.00       144.610
       2495.00       485.215
       2505.00       1230.93
       2513.00       464.711
       2518.00       265.510
       2525.00       339.426
       2535.00       2383.47
       2545.00       2378.27
       2555.00       8777.65
       2565.00       3280.80
       2575.00       5512.08
       2585.00       4133.47
       2595.00       3933.84
       2605.00       4424.71
       2615.00       4005.40
       2625.00       6270.44
       2635.00       15564.1
       2645.00       23766.3
       2655.00       56239.5
       2665.00       26323.6
       2675.00       23591.6
       2685.00       39006.5
       2695.00       19679.9
       2705.00       38489.5
       2715.00       19603.6
       2725.00       8382.75
       2735.00       14543.5
       2745.00       10278.9
       2755.00       14936.1
       2765.00       22883.1
       2775.00       26529.9
       2785.00       14118.7
       2795.00       4470.84
       2805.00       6062.72
       2815.00       21508.8
       2825.00       31029.7
       2835.00       24383.9
       2845.00       9763.59
       2855.00       2187.03
       2865.00       18422.0
       2875.00       46015.5
       2885.00       59895.9
       2895.00       100779.
       2910.00       167454.
       2930.00       135216.
       2950.00       105675.
       2970.00       109962.
       2990.00       103191.
       3010.00       85603.4
       3030.00       120329.
       3050.00       128799.
       3070.00       186648.
       3090.00       210265.
       3110.00       295632.
       3130.00       240196.
       3150.00       277746.
       3170.00       327413.
       3190.00       262609.
       3210.00       290830.
       3230.00       220331.
       3250.00       396222.
       3270.00       490850.
       3290.00       487963.
       3310.00       427549.
       3330.00       454873.
       3350.00       412599.
       3370.00       274514.
       3390.00       316914.
       3410.00       355215.
       3430.00       408083.
       3450.00       434510.
       3470.00       461679.
       3490.00       546750.
       3510.00       581420.
       3530.00       458332.
       3550.00       525823.
       3570.00       256664.
       3590.00       344164.
       3610.00       542543.
       3630.00       624925.
       3640.00       660535.
       3650.00       742263.
       3670.00       814050.
       3690.00       766957.
       3710.00       849581.
       3730.00       415021.
       3750.00       486367.
       3770.00       651868.
       3790.00       642567.
       3810.00       548223.
       3830.00       247056.
       3850.00       288244.
       3870.00       343806.
       3890.00       685465.
       3910.00       831202.
       3930.00       287117.
       3950.00       623413.
       3970.00       387131.
       3990.00   1.17067e+06
       4010.00   1.37461e+06
       4030.00   1.40837e+06
       4050.00   1.29695e+06
       4070.00   1.19997e+06
       4090.00   1.59308e+06
       4110.00   1.60170e+06
       4130.00   1.36902e+06
       4150.00   1.27103e+06
       4170.00   1.29461e+06
       4190.00   1.30518e+06
       4210.00   1.44436e+06
       4230.00   1.53624e+06
       4250.00   1.57304e+06
       4270.00   1.45813e+06
       4290.00   1.31724e+06
       4310.00   1.06075e+06
       4330.00   1.75253e+06
       4350.00   1.73309e+06
       4370.00   1.89248e+06
       4390.00   1.65667e+06
       4410.00   1.80846e+06
       4430.00   2.00911e+06
       4450.00   2.03352e+06
       4470.00   2.23219e+06
       4490.00   2.30559e+06
       4510.00   2.70582e+06
       4530.00   2.33317e+06
       4550.00   2.41970e+06
       4570.00   2.66030e+06
       4590.00   2.51450e+06
       4610.00   2.60938e+06
       4630.00   2.50376e+06
       4650.00   2.57740e+06
       4670.00   2.67629e+06
       4690.00   2.62765e+06
       4710.00   2.57617e+06
       4730.00   2.70514e+06
       4750.00   2.88077e+06
       4770.00   2.93647e+06
       4790.00   2.90970e+06
       4810.00   2.84240e+06
       4830.00   2.97749e+06
       4850.00   2.78546e+06
       4870.00   2.57233e+06
       4890.00   2.86296e+06
       4910.00   2.83797e+06
       4930.00   2.80290e+06
       4950.00   3.04075e+06
       4970.00   2.93900e+06
       4990.00   2.70564e+06
       5010.00   2.57001e+06
       5030.00   2.73604e+06
       5050.00   2.78295e+06
       5070.00   2.95303e+06
       5090.00   2.70507e+06
       5110.00   2.79791e+06
       5130.00   2.66992e+06
       5150.00   2.59780e+06
       5170.00   2.46189e+06
       5190.00   2.60281e+06
       5210.00   2.75330e+06
       5230.00   2.82731e+06
       5250.00   2.92049e+06
       5270.00   2.57064e+06
       5290.00   2.97100e+06
       5310.00   3.18742e+06
       5330.00   2.77540e+06
       5350.00   3.10335e+06
       5370.00   3.12103e+06
       5390.00   2.99508e+06
       5410.00   2.94659e+06
       5430.00   3.00632e+06
       5450.00   3.21373e+06
       5470.00   3.05153e+06
       5490.00   3.05633e+06
       5510.00   3.02624e+06
       5530.00   3.11108e+06
       5550.00   3.17578e+06
       5570.00   3.12132e+06
       5590.00   3.02319e+06
       5610.00   3.20289e+06
       5630.00   3.11814e+06
       5650.00   3.16054e+06
       5670.00   3.06398e+06
       5690.00   3.18863e+06
       5710.00   3.06650e+06
       5730.00   3.39016e+06
       5750.00   3.21097e+06
       5770.00   3.27735e+06
       5790.00   3.11270e+06
       5810.00   3.28539e+06
       5830.00   3.40310e+06
       5850.00   3.28575e+06
       5870.00   3.31249e+06
       5890.00   3.03125e+06
       5910.00   3.25669e+06
       5930.00   3.26829e+06
       5950.00   3.27456e+06
       5970.00   3.34218e+06
       5990.00   3.26730e+06
       6010.00   3.19698e+06
       6030.00   3.28989e+06
       6050.00   3.34753e+06
       6070.00   3.32837e+06
       6090.00   3.16007e+06
       6110.00   3.17947e+06
       6130.00   3.00166e+06
       6150.00   3.10707e+06
       6170.00   3.00067e+06
       6190.00   3.19732e+06
       6210.00   3.18800e+06
       6230.00   3.05895e+06
       6250.00   2.93746e+06
       6270.00   3.11482e+06
       6290.00   3.15779e+06
       6310.00   3.05586e+06
       6330.00   3.09948e+06
       6350.00   3.10195e+06
       6370.00   3.07563e+06
       6390.00   3.13557e+06
       6410.00   3.06753e+06
       6430.00   3.10360e+06
       6450.00   3.09652e+06
       6470.00   3.07732e+06
       6490.00   2.98647e+06
       6510.00   3.09686e+06
       6530.00   3.09568e+06
       6550.00   3.04993e+06
       6561.25   2.91497e+06
       6590.00   3.06438e+06
       6610.00   3.09104e+06
       6630.00   3.06514e+06
       6650.00   3.06325e+06
       6670.00   2.99571e+06
       6690.00   3.10594e+06
       6710.00   2.97508e+06
       6730.00   3.08734e+06
       6750.00   3.02864e+06
       6770.00   3.05007e+06
       6790.00   3.01521e+06
       6810.00   3.00784e+06
       6830.00   3.04485e+06
       6850.00   2.93243e+06
       6870.00   2.98874e+06
       6890.00   3.03276e+06
       6910.00   2.98879e+06
       6930.00   2.95235e+06
       6950.00   2.90262e+06
       6970.00   2.91879e+06
       6990.00   2.89942e+06
       7010.00   2.78660e+06
       7030.00   2.86194e+06
       7050.00   2.90705e+06
       7070.00   2.85158e+06
       7090.00   2.83537e+06
       7110.00   2.82055e+06
       7130.00   2.75644e+06
       7150.00   2.75902e+06
       7170.00   2.77868e+06
       7190.00   2.66610e+06
       7210.00   2.76097e+06
       7230.00   2.79055e+06
       7250.00   2.79202e+06
       7270.00   2.76798e+06
       7290.00   2.66023e+06
       7310.00   2.72078e+06
       7330.00   2.72629e+06
       7350.00   2.71224e+06
       7370.00   2.76044e+06
       7390.00   2.68020e+06
       7410.00   2.64022e+06
       7430.00   2.69113e+06
       7450.00   2.70283e+06
       7470.00   2.71329e+06
       7490.00   2.68318e+06
       7510.00   2.70885e+06
       7530.00   2.73155e+06
       7550.00   2.74340e+06
       7570.00   2.71210e+06
       7590.00   2.69625e+06
       7610.00   2.69322e+06
       7630.00   2.70650e+06
       7650.00   2.71863e+06
       7670.00   2.61737e+06
       7690.00   2.70552e+06
       7710.00   2.64422e+06
       7730.00   2.64846e+06
       7750.00   2.62113e+06
       7770.00   2.68915e+06
       7790.00   2.67971e+06
       7810.00   2.66514e+06
       7830.00   2.63820e+06
       7850.00   2.61005e+06
       7870.00   2.62143e+06
       7890.00   2.53899e+06
       7910.00   2.45487e+06
       7930.00   2.44784e+06
       7950.00   2.40973e+06
       7970.00   2.50529e+06
       7990.00   2.50652e+06
       8010.00   2.48210e+06
       8030.00   2.48324e+06
       8050.00   2.45633e+06
       8070.00   2.44758e+06
       8090.00   2.36366e+06
       8110.00   2.36312e+06
       8130.00   2.39996e+06
       8150.00   2.39063e+06
       8170.00   2.39825e+06
       8190.00   2.34583e+06
       8210.00   2.33419e+06
       8230.00   2.35623e+06
       8250.00   2.38301e+06
       8270.00   2.40929e+06
       8290.00   2.38666e+06
       8310.00   2.28637e+06
       8330.00   2.30412e+06
       8350.00   2.30115e+06
       8370.00   2.32689e+06
       8390.00   2.25550e+06
       8410.00   2.33773e+06
       8430.00   2.26351e+06
       8450.00   2.31718e+06
       8470.00   2.30063e+06
       8490.00   2.33052e+06
       8510.00   2.19962e+06
       8530.00   2.31943e+06
       8550.00   2.15414e+06
       8570.00   2.32738e+06
       8590.00   2.27055e+06
       8610.00   2.27546e+06
       8630.00   2.30175e+06
       8650.00   2.31328e+06
       8670.00   2.11758e+06
       8690.00   2.20797e+06
       8710.00   2.25217e+06
       8730.00   2.26366e+06
       8750.00   2.22847e+06
       8770.00   2.26970e+06
       8790.00   2.23930e+06
       8810.00   2.17939e+06
       8830.00   2.22442e+06
       8850.00   2.24607e+06
       8870.00   2.18778e+06
       8890.00   2.23039e+06
       8910.00   2.25901e+06
       8930.00   2.18749e+06
       8950.00   2.18064e+06
       8970.00   2.18886e+06
       8990.00   2.19284e+06
       9010.00   2.11499e+06
       9030.00   2.18306e+06
       9050.00   2.23368e+06
       9070.00   2.19311e+06
       9090.00   2.11125e+06
       9110.00   2.12791e+06
       9130.00   2.18264e+06
       9150.00   2.15849e+06
       9170.00   2.15585e+06
       9190.00   2.18622e+06
       9210.00   2.11606e+06
       9230.00   2.13282e+06
       9250.00   2.10529e+06
       9270.00   2.12081e+06
       9290.00   2.11099e+06
       9310.00   2.13031e+06
       9330.00   2.11015e+06
       9350.00   2.10738e+06
       9370.00   2.06394e+06
       9390.00   2.09040e+06
       9410.00   2.01580e+06
       9430.00   2.08283e+06
       9450.00   2.02813e+06
       9470.00   2.07456e+06
       9490.00   2.07766e+06
       9510.00   2.05569e+06
       9530.00   2.05234e+06
       9550.00   2.01231e+06
       9570.00   2.00210e+06
       9590.00   2.04513e+06
       9610.00   2.00570e+06
       9630.00   1.99636e+06
       9650.00   1.96322e+06
       9670.00   1.96143e+06
       9690.00   1.99326e+06
       9710.00   1.97072e+06
       9730.00   1.95952e+06
       9750.00   1.94412e+06
       9770.00   1.94335e+06
       9790.00   1.91168e+06
       9810.00   1.96140e+06
       9830.00   1.94481e+06
       9850.00   1.95237e+06
       9870.00   1.92950e+06
       9890.00   1.92821e+06
       9910.00   1.91952e+06
       9930.00   1.92776e+06
       9950.00   1.92478e+06
       9970.00   1.92229e+06
       9990.00   1.90883e+06
       10025.0   1.89567e+06
       10075.0   1.86766e+06
       10125.0   1.86242e+06
       10175.0   1.82891e+06
       10225.0   1.82916e+06
       10275.0   1.82913e+06
       10325.0   1.78814e+06
       10375.0   1.77224e+06
       10425.0   1.77795e+06
       10475.0   1.75292e+06
       10525.0   1.75351e+06
       10575.0   1.73040e+06
       10625.0   1.71689e+06
       10675.0   1.67988e+06
       10725.0   1.67919e+06
       10775.0   1.65812e+06
       10825.0   1.63104e+06
       10875.0   1.62420e+06
       10925.0   1.63740e+06
       10975.0   1.60481e+06
       11025.0   1.61313e+06
       11075.0   1.60526e+06
       11125.0   1.59004e+06
       11175.0   1.56999e+06
       11225.0   1.56845e+06
       11275.0   1.53818e+06
       11325.0   1.53135e+06
       11375.0   1.51809e+06
       11425.0   1.49557e+06
       11475.0   1.51638e+06
       11525.0   1.50484e+06
       11575.0   1.47911e+06
       11625.0   1.45715e+06
       11675.0   1.45484e+06
       11725.0   1.46526e+06
       11775.0   1.43535e+06
       11825.0   1.42350e+06
       11875.0   1.40019e+06
       11925.0   1.42503e+06
       11975.0   1.37046e+06
       12025.0   1.39304e+06
       12075.0   1.37344e+06
       12125.0   1.37231e+06
       12175.0   1.37737e+06
       12225.0   1.36379e+06
       12275.0   1.35160e+06
       12325.0   1.34110e+06
       12375.0   1.33412e+06
       12425.0   1.32116e+06
       12475.0   1.31972e+06
       12525.0   1.29979e+06
       12575.0   1.29541e+06
       12625.0   1.28710e+06
       12675.0   1.27029e+06
       12725.0   1.27217e+06
       12775.0   1.27195e+06
       12825.0   1.22206e+06
       12875.0   1.23885e+06
       12925.0   1.22491e+06
       12975.0   1.23485e+06
       13025.0   1.21215e+06
       13075.0   1.21773e+06
       13125.0   1.19624e+06
       13175.0   1.18952e+06
       13225.0   1.18953e+06
       13275.0   1.16543e+06
       13325.0   1.17386e+06
       13375.0   1.16030e+06
       13425.0   1.16727e+06
       13475.0   1.15551e+06
       13525.0   1.15110e+06
       13575.0   1.12559e+06
       13625.0   1.12280e+06
       13675.0   1.12025e+06
       13725.0   1.11910e+06
       13775.0   1.11103e+06
       13825.0   1.10839e+06
       13875.0   1.09728e+06
       13925.0   1.09824e+06
       13975.0   1.09439e+06
       14025.0   1.07237e+06
       14075.0   1.07952e+06
       14125.0   1.06196e+06
       14175.0   1.07102e+06
       14225.0   1.04715e+06
       14275.0   1.02987e+06
       14325.0   1.04562e+06
       14375.0   1.04802e+06
       14425.0   1.00736e+06
       14475.0   1.03030e+06
       14525.0   1.00958e+06
       14570.0   1.01551e+06
       14620.0   1.01009e+06
       14675.0   1.00683e+06
       14725.0       985430.
       14775.0       985519.
       14825.0       982242.
       14875.0       968005.
       14925.0       985089.
       14975.0       966006.
       15025.0       954081.
       15075.0       940452.
       15125.0       952688.
       15175.0       952114.
       15225.0       942002.
       15275.0       944403.
       15325.0       933101.
       15375.0       937146.
       15425.0       928785.
       15475.0       925593.
       15525.0       909043.
       15575.0       888276.
       15625.0       913354.
       15675.0       883004.
       15725.0       891902.
       15775.0       855298.
       15825.0       869308.
       15875.0       830355.
       15925.0       854042.
       15975.0       858300.
       16050.0       859671.
       16150.0       841331.
       16250.0       841693.
       16350.0       827878.
       16450.0       804199.
       16550.0       802102.
       16650.0       789915.
       16750.0       770010.
       16850.0       744763.
       16950.0       751120.
       17050.0       723168.
       17150.0       718090.
       17250.0       693646.
       17350.0       672970.
       17450.0       669956.
       17550.0       658698.
       17650.0       647821.
       17750.0       632806.
       17850.0       625794.
       17950.0       612796.
       18050.0       598856.
       18150.0       584201.
       18250.0       575283.
       18350.0       565528.
       18450.0       550029.
       18550.0       544903.
       18650.0       527421.
       18750.0       512080.
       18850.0       513595.
       18950.0       489809.
       19050.0       497833.
       19150.0       486484.
       19250.0       478891.
       19350.0       464596.
       19450.0       451795.
       19550.0       452823.
       19650.0       443084.
       19750.0       434194.
       19850.0       428129.
       19950.0       421036.
       20050.0       417522.
       20150.0       412293.
       20250.0       399090.
       20350.0       390583.
       20450.0       390871.
       20550.0       382625.
       20650.0       374175.
       20750.0       368749.
       20850.0       362256.
       20950.0       353699.
       21050.0       351970.
       21150.0       344607.
       21250.0       338543.
       21350.0       335454.
       21450.0       329492.
       21550.0       324089.
       21650.0       314133.
       21750.0       310694.
       21850.0       306602.
       21950.0       303056.
       22050.0       295355.
       22150.0       293677.
       22250.0       286812.
       22350.0       282456.
       22450.0       278443.
       22550.0       274149.
       22650.0       268612.
       22750.0       266620.
       22850.0       260222.
       22950.0       229749.
       23050.0       241537.
       23150.0       238717.
       23250.0       211342.
       23350.0       223092.
       23450.0       224242.
       23550.0       196672.
       23650.0       210309.
       23750.0       209396.
       23850.0       186013.
       23950.0       196916.
       24050.0       198825.
       24150.0       179986.
       24250.0       186929.
       24350.0       188422.
       24450.0       176435.
       24550.0       175194.
       24650.0       181402.
       24750.0       174121.
       24850.0       165591.
       24950.0       170469.
       25050.0       174178.
       25150.0       159621.
       25250.0       165379.
       25350.0       165337.
       25450.0       159980.
       25550.0       157732.
       25650.0       157868.
       25750.0       158377.
       25850.0       148951.
       25950.0       151514.
       26050.0       151824.
       26150.0       147922.
       26250.0       145501.
       26350.0       145788.
       26450.0       144278.
       26550.0       141301.
       26650.0       138196.
       26750.0       140476.
       26850.0       138789.
       26950.0       135126.
       27050.0       135174.
       27150.0       133623.
       27250.0       132639.
       27350.0       129621.
       27450.0       129508.
       27550.0       128113.
       27650.0       126227.
       27750.0       124022.
       27850.0       123376.
       27950.0       122823.
       28050.0       121139.
       28150.0       119239.
       28250.0       118075.
       28350.0       117333.
       28450.0       115425.
       28550.0       114068.
       28650.0       112754.
       28750.0       111069.
       28850.0       110183.
       28950.0       108969.
       29050.0       107604.
       29150.0       106517.
       29250.0       104530.
       29350.0       104073.
       29450.0       102286.
       29550.0       101279.
       29650.0       100417.
       29750.0       99194.4
       29850.0       97875.6
       29950.0       96559.5
       30050.0       95404.7
       30150.0       94557.4
       30250.0       93192.2
       30350.0       91376.7
       30450.0       91139.1
       30550.0       89865.3
       30650.0       88718.4
       30750.0       87963.0
       30850.0       86495.1
       30950.0       85555.6
       31050.0       84923.4
       31150.0       83229.8
       31250.0       82732.7
       31350.0       81887.5
       31450.0       80899.1
       31550.0       79709.7
       31650.0       78751.7
       31750.0       78065.8
       31850.0       77097.3
       31950.0       76379.2
       32100.0       74870.1
       32300.0       73154.9
       32500.0       71419.2
       32700.0       69737.9
       32900.0       67938.9
       33100.0       66573.7
       33300.0       64971.2
       33500.0       63741.2
       33700.0       62214.0
       33900.0       60737.9
       34100.0       59298.6
       34300.0       58269.6
       34500.0       57111.7
       34700.0       55792.0
       34900.0       54622.4
       35100.0       53521.6
       35300.0       52203.3
       35500.0       51243.1
       35700.0       50073.5
       35900.0       48999.7
       36100.0       48131.6
       36300.0       47139.6
       36500.0       45954.2
       36700.0       44987.6
       36900.0       43754.2
       37100.0       42780.1
       37300.0       42195.3
       37500.0       40881.1
       37700.0       40525.4
       37900.0       39663.4
       38100.0       38996.4
       38300.0       38359.0
       38500.0       37659.1
       38700.0       36782.8
       38900.0       36086.9
       39100.0       35474.7
       39300.0       34812.1
       39500.0       33941.4
       39700.0       33387.5
       39900.0       32499.9
       40100.0       32047.7
       40300.0       31577.3
       40500.0       30882.6
       40700.0       30372.9
       40900.0       29828.8
       41100.0       29325.1
       41300.0       28834.2
       41500.0       28226.6
       41700.0       27705.2
       41900.0       27196.7
       42100.0       26603.1
       42300.0       26333.2
       42500.0       25735.5
       42700.0       25364.8
       42900.0       23663.2
       43100.0       22259.8
       43300.0       22601.1
       43500.0       21059.9
       43700.0       20518.4
       43900.0       20161.8
       44100.0       18666.0
       44300.0       18692.1
       44500.0       18257.9
       44700.0       17103.1
       44900.0       17525.0
       45100.0       16949.1
       45300.0       16078.5
       45500.0       16295.4
       45700.0       16132.8
       45900.0       15167.9
       46100.0       15555.6
       46300.0       15142.9
       46500.0       14978.6
       46700.0       14903.6
       46900.0       14666.3
       47100.0       14257.2
       47300.0       14464.6
       47500.0       14127.0
       47700.0       13921.9
       47900.0       13692.9
       48100.0       13369.5
       48300.0       13592.0
       48500.0       13240.5
       48700.0       12953.5
       48900.0       12882.1
       49100.0       12608.1
       49300.0       12456.4
       49500.0       12264.6
       49700.0       12210.3
       49900.0       11933.1
       50100.0       11920.8
       50300.0       11756.7
       50500.0       11430.4
       50700.0       11331.7
       50900.0       11226.1
       51100.0       10976.5
       51300.0       10899.3
       51500.0       10723.7
       51700.0       10755.2
       51900.0       10505.8
       52100.0       10346.9
       52300.0       10189.2
       52500.0       10147.0
       52700.0       10177.3
       52900.0       9817.65
       53100.0       9690.26
       53300.0       9647.51
       53500.0       9524.05
       53700.0       9418.62
       53900.0       9329.14
       54100.0       9210.74
       54300.0       9014.99
       54500.0       9012.49
       54700.0       8847.99
       54900.0       8759.27
       55100.0       8626.93
       55300.0       8714.19
       55500.0       8411.17
       55700.0       8462.35
       55900.0       8272.66
       56100.0       8240.35
       56300.0       8050.82
       56500.0       8054.81
       56700.0       7945.36
       56900.0       7769.40
       57100.0       7779.20
       57300.0       7683.45
       57500.0       7595.00
       57700.0       7474.66
       57900.0       7448.84
       58100.0       7312.83
       58300.0       7242.68
       58500.0       7166.05
       58700.0       7033.44
       58900.0       6969.25
       59100.0       6906.85
       59300.0       6840.41
       59500.0       6726.19
       59700.0       6687.85
       59900.0       6609.25
       60100.0       6534.15
       60300.0       6457.62
       60500.0       6353.55
       60700.0       6285.47
       60900.0       6207.99
       61100.0       6120.19
       61300.0       6072.90
       61500.0       6010.85
       61700.0       5963.83
       61900.0       5891.54
       62100.0       5835.18
       62300.0       5741.58
       62500.0       5660.14
       62700.0       5602.24
       62900.0       5541.82
       63100.0       5469.28
       63300.0       5438.15
       63500.0       5361.44
       63700.0       5325.88
       63900.0       5244.06
       64200.0       5157.78
       64600.0       5033.89
       65000.0       4922.46
       65400.0       4811.61
       65800.0       4714.48
       66200.0       4601.63
       66600.0       4502.95
       67000.0       4406.21
       67400.0       4302.07
       67800.0       4210.23
       68200.0       4116.61
       68600.0       4030.95
       69000.0       3939.09
       69400.0       3854.55
       69800.0       3772.30
       70200.0       3686.47
       70600.0       3611.63
       71000.0       3533.09
       71400.0       3459.25
       71800.0       3384.20
       72200.0       3312.84
       72600.0       3241.49
       73000.0       3175.10
       73400.0       3106.46
       73800.0       3043.83
       74200.0       2976.47
       74600.0       2914.52
       75000.0       2855.99
       75400.0       2795.94
       75800.0       2742.65
       76200.0       2686.61
       76600.0       2632.62
       77000.0       2578.21
       77400.0       2527.74
       77800.0       2477.66
       78200.0       2428.23
       78600.0       2380.77
       79000.0       2333.78
       79400.0       2287.68
       79800.0       2243.80
       80200.0       2198.52
       80600.0       2155.82
       81000.0       2116.03
       81400.0       2073.74
       81800.0       2035.54
       82200.0       1997.61
       82600.0       1959.42
       83000.0       1923.03
       83400.0       1885.72
       83800.0       1851.08
       84200.0       1817.86
       84600.0       1784.18
       85000.0       1751.37
       85400.0       1719.40
       85800.0       1688.21
       86200.0       1657.67
       86600.0       1628.17
       87000.0       1599.10
       87400.0       1570.39
       87800.0       1542.33
       88200.0       1514.14
       88600.0       1487.88
       89000.0       1461.22
       89400.0       1436.53
       89800.0       1410.40
       90200.0       1386.99
       90600.0       1363.80
       91000.0       1338.51
       91400.0       1316.49
       91800.0       1294.62
       92200.0       1273.09
       92600.0       1251.48
       93000.0       1230.55
       93400.0       1209.62
       93800.0       1189.69
       94200.0       1169.93
       94600.0       1150.25
       95000.0       1131.40
       95400.0       1112.79
       95800.0       1094.93
       96200.0       1076.77
       96600.0       1059.63
       97000.0       1042.59
       97400.0       1024.35
       97800.0       1008.78
       98200.0       993.156
       98600.0       977.442
       99000.0       962.141
       99400.0       946.634
       99800.0       931.875
       100200.       917.320
       200000.       59.3718
       400000.       3.71904
       600000.      0.729434
       800000.      0.228964
   1.00000e+06     0.0930788
   1.20000e+06     0.0445772
   1.40000e+06     0.0239109
   1.60000e+06     0.0139359
