       90.9000       0.00000
       93.5000       0.00000
       96.1000       0.00000
       97.7000       0.00000
       99.6000       0.00000
       102.000       0.00000
       103.800       0.00000
       105.600       0.00000
       107.700       0.00000
       110.400       0.00000
       114.000       0.00000
       117.800       0.00000
       121.300       0.00000
       124.800       0.00000
       127.100       0.00000
       128.400       0.00000
       130.500       0.00000
       132.400       0.00000
       133.900       0.00000
       136.600       0.00000
       139.800       0.00000
       143.300       0.00000
       147.200       0.00000
       151.000       0.00000
       155.200       0.00000
       158.800       0.00000
       162.000       0.00000
       166.000       0.00000
       170.300       0.00000
       173.400       0.00000
       176.800       0.00000
       180.200       0.00000
       181.700       0.00000
       186.100       0.00000
       191.000       0.00000
       193.900       0.00000
       198.400       0.00000
       201.800       0.00000
       205.000       0.00000
       210.500       0.00000
       216.200       0.00000
       219.800       0.00000
       223.000       0.00000
       226.800       0.00000
       230.000       0.00000
       234.000       0.00000
       240.000       0.00000
       246.500       0.00000
       252.400       0.00000
       256.800       0.00000
       260.000       0.00000
       264.000       0.00000
       268.500       0.00000
       273.500       0.00000
       278.500       0.00000
       284.000       0.00000
       290.000       0.00000
       296.000       0.00000
       301.000       0.00000
       308.000       0.00000
       318.000       0.00000
       328.000       0.00000
       338.000       0.00000
       348.000       0.00000
       357.000       0.00000
       366.000       0.00000
       375.000       0.00000
       385.000       0.00000
       395.000       0.00000
       405.000       0.00000
       414.000       0.00000
       422.000       0.00000
       430.000       0.00000
       441.000       0.00000
       451.000       0.00000
       460.000       0.00000
       470.000       0.00000
       480.000       0.00000
       490.000       0.00000
       500.000       0.00000
       506.000       0.00000
       512.000       0.00000
       520.000       0.00000
       530.000       0.00000
       540.000       0.00000
       550.000       0.00000
       560.000       0.00000
       570.000       0.00000
       580.000       0.00000
       590.000       0.00000
       600.000       0.00000
       610.000       0.00000
       620.000       0.00000
       630.000       0.00000
       640.000       0.00000
       650.000       0.00000
       658.000       0.00000
       665.000       0.00000
       675.000       0.00000
       685.000       0.00000
       695.000       0.00000
       705.000       0.00000
       716.000       0.00000
       726.000       0.00000
       735.000       0.00000
       745.000       0.00000
       755.000       0.00000
       765.000       0.00000
       775.000       0.00000
       785.000       0.00000
       795.000       0.00000
       805.000       0.00000
       815.000       0.00000
       825.000       0.00000
       835.000       0.00000
       845.000       0.00000
       855.000       0.00000
       865.000       0.00000
       875.000       0.00000
       885.000       0.00000
       895.000       0.00000
       905.000       0.00000
       915.000       0.00000
       925.000   6.00215e-16
       935.000   9.29475e-16
       945.000   1.65423e-15
       955.000   2.74692e-15
       965.000   5.37814e-15
       975.000   8.44986e-15
       985.000   1.48102e-14
       995.000   2.86757e-14
       1005.00   4.81569e-14
       1015.00   7.59184e-14
       1025.00   8.75072e-14
       1035.00   2.56084e-13
       1045.00   4.59725e-13
       1055.00   6.03331e-13
       1065.00   1.25728e-12
       1075.00   2.00625e-12
       1085.00   3.23088e-12
       1095.00   4.43615e-12
       1105.00   6.65328e-12
       1115.00   9.90201e-12
       1125.00   1.91436e-11
       1135.00   3.44116e-11
       1145.00   5.22413e-11
       1155.00   7.64771e-11
       1165.00   1.09803e-10
       1175.00   1.66456e-10
       1185.00   2.18297e-10
       1195.00   2.72149e-10
       1205.00   3.15571e-10
       1215.00   1.94135e-10
       1225.00   6.43564e-10
       1235.00   1.08334e-09
       1245.00   1.72941e-09
       1255.00   2.51389e-09
       1265.00   3.39222e-09
       1275.00   4.83003e-09
       1285.00   5.63262e-09
       1295.00   7.94514e-09
       1305.00   1.02709e-08
       1315.00   1.48450e-08
       1325.00   1.86019e-08
       1335.00   2.43702e-08
       1345.00   2.99319e-08
       1355.00   4.38651e-08
       1365.00   5.16582e-08
       1375.00   6.63345e-08
       1385.00   7.76095e-08
       1395.00   1.00492e-07
       1405.00   1.50089e-07
       1415.00   1.73743e-07
       1425.00   2.22815e-07
       1435.00   2.92771e-07
       1442.00   3.98659e-07
       1447.00   3.90709e-07
       1455.00   5.38005e-07
       1465.00   7.04058e-07
       1475.00   8.94196e-07
       1485.00   9.95782e-07
       1495.00   1.61291e-06
       1505.00   2.06892e-06
       1512.00   1.58565e-06
       1517.00   2.36421e-06
       1525.00   3.34722e-06
       1535.00   4.48500e-06
       1545.00   3.50985e-06
       1555.00   5.72818e-06
       1565.00   6.14419e-06
       1575.00   1.10334e-05
       1585.00   1.35738e-05
       1595.00   1.34798e-05
       1605.00   1.63151e-05
       1615.00   2.15764e-05
       1625.00   2.34331e-05
       1635.00   3.19003e-05
       1645.00   4.13077e-05
       1655.00   4.17233e-05
       1665.00   5.77117e-05
       1672.00   5.73845e-05
       1677.00   7.22603e-05
       1685.00   8.62510e-05
       1695.00   0.000110141
       1705.00   0.000117388
       1715.00   0.000150847
       1725.00   0.000186173
       1735.00   0.000221841
       1745.00   0.000273916
       1755.00   0.000309516
       1765.00   0.000397370
       1775.00   0.000416952
       1785.00   0.000621502
       1795.00   0.000611592
       1805.00   0.000955880
       1815.00   0.000895743
       1825.00    0.00116731
       1835.00    0.00125050
       1845.00    0.00161194
       1855.00    0.00156078
       1865.00    0.00220630
       1875.00    0.00229095
       1885.00    0.00279036
       1895.00    0.00338803
       1905.00    0.00384524
       1915.00    0.00512453
       1925.00    0.00497099
       1935.00    0.00495365
       1945.00    0.00690399
       1955.00    0.00898982
       1967.00     0.0100251
       1976.00     0.0119843
       1984.00     0.0149811
       1995.00     0.0143999
       2005.00     0.0168919
       2015.00     0.0193235
       2025.00     0.0195898
       2035.00     0.0235241
       2045.00     0.0254341
       2055.00     0.0302578
       2065.00     0.0306970
       2074.00     0.0317878
       2078.00     0.0469778
       2085.00     0.0581887
       2095.00     0.0643854
       2105.00     0.0593745
       2115.00     0.0612457
       2125.00     0.0737438
       2135.00     0.0956656
       2145.00     0.0785103
       2155.00     0.0985059
       2165.00      0.100717
       2175.00      0.114804
       2185.00      0.112241
       2195.00      0.174688
       2205.00      0.154318
       2215.00      0.190007
       2225.00      0.179263
       2235.00      0.288648
       2245.00      0.309276
       2255.00      0.415594
       2265.00      0.238174
       2275.00      0.448135
       2285.00      0.408902
       2295.00      0.724847
       2305.00      0.285152
       2315.00      0.967198
       2325.00      0.711280
       2335.00       1.21465
       2345.00      0.803263
       2355.00      0.669383
       2365.00      0.944988
       2375.00      0.899311
       2385.00       1.64859
       2395.00       1.43585
       2405.00       2.86969
       2415.00       1.67817
       2425.00       2.30127
       2435.00       3.50056
       2445.00       5.22045
       2455.00       6.36257
       2465.00       3.49306
       2475.00       6.81428
       2485.00       2.18117
       2495.00       2.93316
       2505.00       5.88105
       2513.00       4.05277
       2518.00       4.38037
       2525.00       5.52549
       2535.00       15.7810
       2545.00       19.5437
       2555.00       21.1697
       2565.00       9.77897
       2575.00       20.0648
       2585.00       11.6235
       2595.00       16.0297
       2605.00       23.9061
       2615.00       20.4562
       2625.00       39.2579
       2635.00       67.4653
       2645.00       46.9501
       2655.00       74.7365
       2665.00       56.5343
       2675.00       54.2802
       2685.00       75.2340
       2695.00       45.6209
       2705.00       94.6276
       2715.00       86.1787
       2725.00       67.5014
       2735.00       73.4804
       2745.00       111.244
       2755.00       102.655
       2765.00       170.246
       2775.00       242.150
       2785.00       146.754
       2795.00       171.115
       2805.00       171.372
       2815.00       244.820
       2825.00       238.473
       2835.00       198.742
       2845.00       126.498
       2855.00       51.1642
       2865.00       220.166
       2875.00       264.845
       2885.00       494.177
       2895.00       624.226
       2910.00       787.263
       2930.00       749.038
       2950.00       737.573
       2970.00       720.712
       2990.00       867.482
       3010.00       918.697
       3030.00       1129.38
       3050.00       1408.59
       3070.00       1828.27
       3090.00       2171.46
       3110.00       3353.46
       3130.00       3200.11
       3150.00       5442.23
       3170.00       8503.79
       3190.00       5554.28
       3210.00       7574.39
       3230.00       6700.18
       3250.00       11786.8
       3270.00       16330.7
       3290.00       21481.2
       3310.00       17478.1
       3330.00       20326.1
       3350.00       21927.1
       3370.00       12857.4
       3390.00       15449.0
       3410.00       18441.4
       3430.00       22297.9
       3450.00       21125.7
       3470.00       23227.9
       3490.00       31134.1
       3510.00       42339.0
       3530.00       33229.1
       3550.00       49410.7
       3570.00       19503.2
       3590.00       17419.6
       3610.00       33882.9
       3630.00       56245.5
       3640.00       67287.5
       3650.00       73737.1
       3670.00       100710.
       3690.00       75871.2
       3710.00       64531.5
       3730.00       22358.4
       3750.00       28772.2
       3770.00       68513.3
       3790.00       75864.9
       3810.00       60599.3
       3830.00       24340.9
       3850.00       40373.5
       3870.00       38090.9
       3890.00       60398.0
       3910.00       83090.6
       3930.00       23992.1
       3950.00       58528.7
       3970.00       32914.2
       3990.00       152163.
       4010.00       215466.
       4030.00       200391.
       4050.00       188353.
       4070.00       159181.
       4090.00       265813.
       4110.00       205648.
       4130.00       193347.
       4150.00       183517.
       4170.00       178450.
       4190.00       201557.
       4210.00       197347.
       4230.00       150567.
       4250.00       235288.
       4270.00       217180.
       4290.00       217309.
       4310.00       209212.
       4330.00       336103.
       4350.00       376282.
       4370.00       398432.
       4390.00       318827.
       4410.00       325879.
       4430.00       382319.
       4450.00       407312.
       4470.00       455224.
       4490.00       489168.
       4510.00       619491.
       4530.00       479319.
       4550.00       528614.
       4570.00       608959.
       4590.00       583815.
       4610.00       605067.
       4630.00       586161.
       4650.00       598936.
       4670.00       661790.
       4690.00       654308.
       4710.00       624819.
       4730.00       637025.
       4750.00       659406.
       4770.00       638357.
       4790.00       644596.
       4810.00       683000.
       4830.00       726787.
       4850.00       704997.
       4870.00       658697.
       4890.00       725666.
       4910.00       724173.
       4930.00       692099.
       4950.00       733150.
       4970.00       695553.
       4990.00       627791.
       5010.00       566279.
       5030.00       619841.
       5050.00       602163.
       5070.00       622102.
       5090.00       556311.
       5110.00       583128.
       5130.00       535873.
       5150.00       515569.
       5170.00       479819.
       5190.00       535597.
       5210.00       585829.
       5230.00       750144.
       5250.00       799605.
       5270.00       678912.
       5290.00       842404.
       5310.00       944963.
       5330.00       773037.
       5350.00       896466.
       5370.00       893172.
       5390.00       839756.
       5410.00       853639.
       5430.00       853099.
       5450.00       898737.
       5470.00       876741.
       5490.00       889201.
       5510.00       870162.
       5530.00       943498.
       5550.00       962847.
       5570.00       949267.
       5590.00       917217.
       5610.00       984449.
       5630.00       962302.
       5650.00       991295.
       5670.00       960631.
       5690.00   1.01639e+06
       5710.00       944989.
       5730.00   1.07360e+06
       5750.00   1.01869e+06
       5770.00   1.04974e+06
       5790.00       966018.
       5810.00   1.05948e+06
       5830.00   1.12402e+06
       5850.00   1.06655e+06
       5870.00   1.08140e+06
       5890.00       926023.
       5910.00   1.06730e+06
       5930.00   1.08000e+06
       5950.00   1.07393e+06
       5970.00   1.12076e+06
       5990.00   1.07569e+06
       6010.00   1.05968e+06
       6030.00   1.12063e+06
       6050.00   1.14576e+06
       6070.00   1.14160e+06
       6090.00   1.07469e+06
       6110.00   1.09309e+06
       6130.00   1.00165e+06
       6150.00   1.06268e+06
       6170.00       995044.
       6190.00   1.08960e+06
       6210.00   1.06354e+06
       6230.00   1.02499e+06
       6250.00       973688.
       6270.00   1.03131e+06
       6290.00   1.08170e+06
       6310.00   1.04146e+06
       6330.00   1.07531e+06
       6350.00   1.07780e+06
       6370.00   1.06752e+06
       6390.00   1.10790e+06
       6410.00   1.08504e+06
       6430.00   1.09425e+06
       6450.00   1.09408e+06
       6470.00   1.09291e+06
       6490.00   1.05398e+06
       6510.00   1.11285e+06
       6530.00   1.11365e+06
       6550.00   1.09992e+06
       6561.25   1.10344e+06
       6590.00   1.12079e+06
       6610.00   1.12315e+06
       6630.00   1.11836e+06
       6650.00   1.12553e+06
       6670.00   1.09059e+06
       6690.00   1.11632e+06
       6710.00   1.04307e+06
       6730.00   1.10483e+06
       6750.00   1.07084e+06
       6770.00   1.08179e+06
       6790.00   1.05925e+06
       6810.00   1.08000e+06
       6830.00   1.10300e+06
       6850.00   1.06397e+06
       6870.00   1.08908e+06
       6890.00   1.11990e+06
       6910.00   1.11525e+06
       6930.00   1.09799e+06
       6950.00   1.09387e+06
       6970.00   1.12063e+06
       6990.00   1.09441e+06
       7010.00   1.07744e+06
       7030.00   1.11043e+06
       7050.00   1.13248e+06
       7070.00   1.08674e+06
       7090.00   1.04015e+06
       7110.00       984526.
       7130.00       951443.
       7150.00       956002.
       7170.00       991934.
       7190.00       966674.
       7210.00       999003.
       7230.00   1.04581e+06
       7250.00   1.05087e+06
       7270.00   1.05949e+06
       7290.00   1.04794e+06
       7310.00   1.06816e+06
       7330.00   1.07321e+06
       7350.00   1.07142e+06
       7370.00   1.11306e+06
       7390.00   1.08841e+06
       7410.00   1.08241e+06
       7430.00   1.10307e+06
       7450.00   1.10849e+06
       7470.00   1.11154e+06
       7490.00   1.10709e+06
       7510.00   1.13112e+06
       7530.00   1.14439e+06
       7550.00   1.15195e+06
       7570.00   1.14364e+06
       7590.00   1.12761e+06
       7610.00   1.12774e+06
       7630.00   1.12786e+06
       7650.00   1.12506e+06
       7670.00   1.07066e+06
       7690.00   1.11166e+06
       7710.00   1.08182e+06
       7730.00   1.08228e+06
       7750.00   1.07526e+06
       7770.00   1.10349e+06
       7790.00   1.10851e+06
       7810.00   1.10679e+06
       7830.00   1.09162e+06
       7850.00   1.07274e+06
       7870.00   1.10294e+06
       7890.00   1.06383e+06
       7910.00   1.03642e+06
       7930.00   1.04803e+06
       7950.00   1.01868e+06
       7970.00   1.07502e+06
       7990.00   1.07389e+06
       8010.00   1.07864e+06
       8030.00   1.07491e+06
       8050.00   1.07405e+06
       8070.00   1.05936e+06
       8090.00   1.03910e+06
       8110.00   1.04132e+06
       8130.00   1.06646e+06
       8150.00   1.06680e+06
       8170.00   1.07371e+06
       8190.00   1.04534e+06
       8210.00   1.04254e+06
       8230.00   1.07030e+06
       8250.00   1.06467e+06
       8270.00   1.09153e+06
       8290.00   1.08062e+06
       8310.00   1.02911e+06
       8330.00   1.03666e+06
       8350.00   1.03311e+06
       8370.00   1.04565e+06
       8390.00       996949.
       8410.00   1.05235e+06
       8430.00       999332.
       8450.00   1.00621e+06
       8470.00   1.01748e+06
       8490.00   1.02592e+06
       8510.00       978031.
       8530.00   1.03035e+06
       8550.00       964984.
       8570.00   1.04522e+06
       8590.00   1.03178e+06
       8610.00   1.03584e+06
       8630.00   1.04753e+06
       8650.00   1.06430e+06
       8670.00       972286.
       8690.00   1.00314e+06
       8710.00   1.04268e+06
       8730.00   1.04913e+06
       8750.00   1.04877e+06
       8770.00   1.05300e+06
       8790.00   1.05090e+06
       8810.00   1.01512e+06
       8830.00   1.03715e+06
       8850.00   1.05887e+06
       8870.00   1.03950e+06
       8890.00   1.05847e+06
       8910.00   1.07138e+06
       8930.00   1.03295e+06
       8950.00   1.03186e+06
       8970.00   1.03803e+06
       8990.00   1.04288e+06
       9010.00   1.00420e+06
       9030.00   1.03269e+06
       9050.00   1.06328e+06
       9070.00   1.05974e+06
       9090.00   1.01272e+06
       9110.00   1.02181e+06
       9130.00   1.04915e+06
       9150.00   1.03688e+06
       9170.00   1.03657e+06
       9190.00   1.05816e+06
       9210.00   1.02377e+06
       9230.00   1.03870e+06
       9250.00   1.01762e+06
       9270.00   1.01911e+06
       9290.00   1.01141e+06
       9310.00   1.03114e+06
       9330.00   1.02387e+06
       9350.00   1.02079e+06
       9370.00       993737.
       9390.00   1.01762e+06
       9410.00       989178.
       9430.00   1.02095e+06
       9450.00       987487.
       9470.00   1.01701e+06
       9490.00   1.02001e+06
       9510.00   1.00964e+06
       9530.00   1.01196e+06
       9550.00       985173.
       9570.00       984268.
       9590.00   1.01441e+06
       9610.00       992857.
       9630.00       999056.
       9650.00       966681.
       9670.00       965305.
       9690.00       992299.
       9710.00       978905.
       9730.00       968120.
       9750.00       965738.
       9770.00       971102.
       9790.00       947053.
       9810.00       989623.
       9830.00       972422.
       9850.00       990727.
       9870.00       981031.
       9890.00       980495.
       9910.00       976656.
       9930.00       976547.
       9950.00       975365.
       9970.00       979225.
       9990.00       974817.
       10025.0       964386.
       10075.0       950384.
       10125.0       958256.
       10175.0       945550.
       10225.0       948396.
       10275.0       950643.
       10325.0       931352.
       10375.0       923831.
       10425.0       930798.
       10475.0       923409.
       10525.0       925845.
       10575.0       911654.
       10625.0       911803.
       10675.0       892868.
       10725.0       894093.
       10775.0       886593.
       10825.0       872860.
       10875.0       876256.
       10925.0       886814.
       10975.0       873153.
       11025.0       876905.
       11075.0       875701.
       11125.0       871104.
       11175.0       860672.
       11225.0       862200.
       11275.0       848614.
       11325.0       846747.
       11375.0       839145.
       11425.0       831672.
       11475.0       843380.
       11525.0       842999.
       11575.0       830248.
       11625.0       819303.
       11675.0       821062.
       11725.0       829200.
       11775.0       813778.
       11825.0       808931.
       11875.0       796576.
       11925.0       813382.
       11975.0       780517.
       12025.0       801864.
       12075.0       792628.
       12125.0       794894.
       12175.0       797756.
       12225.0       792429.
       12275.0       787962.
       12325.0       781854.
       12375.0       782560.
       12425.0       775957.
       12475.0       776963.
       12525.0       766954.
       12575.0       767991.
       12625.0       764850.
       12675.0       756647.
       12725.0       758460.
       12775.0       762876.
       12825.0       733898.
       12875.0       745731.
       12925.0       732778.
       12975.0       747595.
       13025.0       735715.
       13075.0       743674.
       13125.0       726494.
       13175.0       727978.
       13225.0       730691.
       13275.0       716988.
       13325.0       726979.
       13375.0       719005.
       13425.0       726368.
       13475.0       722316.
       13525.0       721125.
       13575.0       709015.
       13625.0       705139.
       13675.0       711213.
       13725.0       715700.
       13775.0       709938.
       13825.0       712480.
       13875.0       703284.
       13925.0       710424.
       13975.0       711233.
       14025.0       697706.
       14075.0       707609.
       14125.0       697492.
       14175.0       706735.
       14225.0       694776.
       14275.0       678824.
       14325.0       697703.
       14375.0       699604.
       14425.0       678739.
       14475.0       694933.
       14525.0       686175.
       14570.0       690674.
       14620.0       691739.
       14675.0       691410.
       14725.0       677635.
       14775.0       684256.
       14825.0       684002.
       14875.0       675121.
       14925.0       693437.
       14975.0       681859.
       15025.0       673641.
       15075.0       668732.
       15125.0       682070.
       15175.0       683031.
       15225.0       682208.
       15275.0       688487.
       15325.0       682349.
       15375.0       689329.
       15425.0       688668.
       15475.0       687277.
       15525.0       675511.
       15575.0       653010.
       15625.0       671536.
       15675.0       660252.
       15725.0       676810.
       15775.0       623159.
       15825.0       643192.
       15875.0       633002.
       15925.0       649430.
       15975.0       635480.
       16050.0       669699.
       16150.0       664782.
       16250.0       663103.
       16350.0       660315.
       16450.0       645921.
       16550.0       640780.
       16650.0       630429.
       16750.0       614800.
       16850.0       600585.
       16950.0       601059.
       17050.0       578413.
       17150.0       575491.
       17250.0       554595.
       17350.0       545242.
       17450.0       537217.
       17550.0       526770.
       17650.0       519476.
       17750.0       506070.
       17850.0       502839.
       17950.0       490202.
       18050.0       477940.
       18150.0       471819.
       18250.0       460916.
       18350.0       450950.
       18450.0       439700.
       18550.0       436669.
       18650.0       421818.
       18750.0       415487.
       18850.0       411515.
       18950.0       390156.
       19050.0       399452.
       19150.0       390052.
       19250.0       384566.
       19350.0       371747.
       19450.0       363643.
       19550.0       363510.
       19650.0       356034.
       19750.0       346652.
       19850.0       342891.
       19950.0       337872.
       20050.0       336816.
       20150.0       331495.
       20250.0       319658.
       20350.0       315205.
       20450.0       315390.
       20550.0       308466.
       20650.0       301916.
       20750.0       297893.
       20850.0       291646.
       20950.0       284696.
       21050.0       284225.
       21150.0       277721.
       21250.0       272602.
       21350.0       271451.
       21450.0       266305.
       21550.0       261430.
       21650.0       256819.
       21750.0       250887.
       21850.0       247980.
       21950.0       244655.
       22050.0       236559.
       22150.0       238229.
       22250.0       229700.
       22350.0       227506.
       22450.0       224348.
       22550.0       222303.
       22650.0       215924.
       22750.0       216257.
       22850.0       210364.
       22950.0       174123.
       23050.0       189478.
       23150.0       186916.
       23250.0       156989.
       23350.0       171560.
       23450.0       168531.
       23550.0       142058.
       23650.0       159072.
       23750.0       154576.
       23850.0       134374.
       23950.0       147578.
       24050.0       147324.
       24150.0       129997.
       24250.0       139734.
       24350.0       140012.
       24450.0       129624.
       24550.0       129552.
       24650.0       135577.
       24750.0       130031.
       24850.0       121940.
       24950.0       127501.
       25050.0       132380.
       25150.0       118113.
       25250.0       124980.
       25350.0       125320.
       25450.0       121406.
       25550.0       118974.
       25650.0       120264.
       25750.0       121037.
       25850.0       112677.
       25950.0       114960.
       26050.0       116905.
       26150.0       113699.
       26250.0       111877.
       26350.0       112750.
       26450.0       111769.
       26550.0       109379.
       26650.0       106894.
       26750.0       110609.
       26850.0       108673.
       26950.0       104808.
       27050.0       106171.
       27150.0       105063.
       27250.0       104887.
       27350.0       101412.
       27450.0       102234.
       27550.0       102253.
       27650.0       100130.
       27750.0       97805.0
       27850.0       98157.9
       27950.0       98189.8
       28050.0       96849.3
       28150.0       94821.8
       28250.0       94486.8
       28350.0       94290.1
       28450.0       92869.8
       28550.0       91688.8
       28650.0       90880.0
       28750.0       90176.0
       28850.0       89058.6
       28950.0       88107.3
       29050.0       87010.7
       29150.0       86321.6
       29250.0       84314.5
       29350.0       84528.2
       29450.0       83177.6
       29550.0       82279.0
       29650.0       81806.4
       29750.0       80938.1
       29850.0       79720.2
       29950.0       78773.0
       30050.0       77878.3
       30150.0       77325.2
       30250.0       76069.6
       30350.0       75090.7
       30450.0       74667.3
       30550.0       73549.6
       30650.0       72677.5
       30750.0       72066.1
       30850.0       70752.6
       30950.0       70123.0
       31050.0       69672.1
       31150.0       68227.7
       31250.0       67926.7
       31350.0       67195.1
       31450.0       66376.1
       31550.0       65494.3
       31650.0       64539.5
       31750.0       64159.8
       31850.0       63371.3
       31950.0       62764.9
       32100.0       61576.4
       32300.0       60068.7
       32500.0       58721.8
       32700.0       57325.7
       32900.0       56053.1
       33100.0       54755.4
       33300.0       53440.6
       33500.0       52478.7
       33700.0       51230.8
       33900.0       50015.0
       34100.0       48827.5
       34300.0       47990.7
       34500.0       47024.4
       34700.0       45955.2
       34900.0       45006.2
       35100.0       44127.9
       35300.0       43024.6
       35500.0       42251.2
       35700.0       41321.0
       35900.0       40414.6
       36100.0       39705.0
       36300.0       38877.0
       36500.0       37926.1
       36700.0       37113.9
       36900.0       36137.2
       37100.0       35299.7
       37300.0       34865.3
       37500.0       33878.3
       37700.0       33485.3
       37900.0       32778.8
       38100.0       32238.3
       38300.0       31704.7
       38500.0       31117.0
       38700.0       30303.1
       38900.0       29815.6
       39100.0       29338.8
       39300.0       28770.2
       39500.0       28030.5
       39700.0       27567.2
       39900.0       26822.9
       40100.0       26495.1
       40300.0       26126.1
       40500.0       25586.2
       40700.0       25130.7
       40900.0       24691.8
       41100.0       24249.1
       41300.0       23855.8
       41500.0       23370.5
       41700.0       22943.2
       41900.0       22473.7
       42100.0       22007.7
       42300.0       21798.0
       42500.0       21299.2
       42700.0       21007.2
       42900.0       19163.9
       43100.0       17193.7
       43300.0       17541.4
       43500.0       16116.8
       43700.0       15432.9
       43900.0       14910.8
       44100.0       13868.5
       44300.0       13662.8
       44500.0       13371.3
       44700.0       12560.9
       44900.0       12765.2
       45100.0       12299.6
       45300.0       11834.9
       45500.0       11947.5
       45700.0       11786.1
       45900.0       11215.0
       46100.0       11486.2
       46300.0       11166.6
       46500.0       11101.5
       46700.0       11167.1
       46900.0       10877.5
       47100.0       10622.9
       47300.0       10842.4
       47500.0       10527.7
       47700.0       10391.0
       47900.0       10364.6
       48100.0       9987.32
       48300.0       10241.3
       48500.0       10001.5
       48700.0       9754.81
       48900.0       9621.62
       49100.0       9535.26
       49300.0       9393.42
       49500.0       9175.29
       49700.0       9246.95
       49900.0       9083.86
       50100.0       8990.16
       50300.0       8877.42
       50500.0       8643.71
       50700.0       8652.89
       50900.0       8513.63
       51100.0       8354.06
       51300.0       8376.51
       51500.0       8175.50
       51700.0       8217.94
       51900.0       8059.48
       52100.0       8010.49
       52300.0       7821.25
       52500.0       7809.34
       52700.0       7881.35
       52900.0       7615.49
       53100.0       7491.16
       53300.0       7502.15
       53500.0       7406.81
       53700.0       7357.48
       53900.0       7284.44
       54100.0       7221.16
       54300.0       7052.17
       54500.0       7095.76
       54700.0       6919.95
       54900.0       6902.74
       55100.0       6782.61
       55300.0       6955.51
       55500.0       6646.79
       55700.0       6719.61
       55900.0       6581.91
       56100.0       6596.35
       56300.0       6412.89
       56500.0       6447.94
       56700.0       6374.64
       56900.0       6219.83
       57100.0       6271.08
       57300.0       6195.82
       57500.0       6127.05
       57700.0       6044.48
       57900.0       6045.38
       58100.0       5931.62
       58300.0       5884.68
       58500.0       5824.80
       58700.0       5712.47
       58900.0       5672.44
       59100.0       5623.87
       59300.0       5581.07
       59500.0       5487.53
       59700.0       5469.96
       59900.0       5411.65
       60100.0       5354.52
       60300.0       5293.47
       60500.0       5199.25
       60700.0       5151.65
       60900.0       5090.23
       61100.0       5023.36
       61300.0       4991.94
       61500.0       4949.86
       61700.0       4919.21
       61900.0       4855.32
       62100.0       4817.75
       62300.0       4742.31
       62500.0       4667.55
       62700.0       4617.31
       62900.0       4577.05
       63100.0       4521.59
       63300.0       4500.58
       63500.0       4435.28
       63700.0       4415.27
       63900.0       4344.40
       64200.0       4277.66
       64600.0       4174.57
       65000.0       4087.15
       65400.0       3995.20
       65800.0       3917.89
       66200.0       3826.07
       66600.0       3744.92
       67000.0       3666.93
       67400.0       3580.99
       67800.0       3504.85
       68200.0       3427.50
       68600.0       3358.50
       69000.0       3282.48
       69400.0       3213.39
       69800.0       3145.12
       70200.0       3074.59
       70600.0       3012.49
       71000.0       2947.41
       71400.0       2886.24
       71800.0       2823.85
       72200.0       2765.69
       72600.0       2706.35
       73000.0       2650.54
       73400.0       2593.90
       73800.0       2541.10
       74200.0       2484.01
       74600.0       2433.07
       75000.0       2384.69
       75400.0       2333.81
       75800.0       2290.62
       76200.0       2244.25
       76600.0       2198.98
       77000.0       2153.95
       77400.0       2111.69
       77800.0       2070.05
       78200.0       2028.84
       78600.0       1988.98
       79000.0       1949.75
       79400.0       1911.75
       79800.0       1874.94
       80200.0       1836.73
       80600.0       1801.37
       81000.0       1768.12
       81400.0       1733.45
       81800.0       1701.79
       82200.0       1669.71
       82600.0       1637.95
       83000.0       1607.38
       83400.0       1576.13
       83800.0       1546.63
       84200.0       1519.49
       84600.0       1490.89
       85000.0       1463.80
       85400.0       1437.46
       85800.0       1411.55
       86200.0       1386.16
       86600.0       1361.53
       87000.0       1337.10
       87400.0       1313.35
       87800.0       1289.87
       88200.0       1266.53
       88600.0       1244.32
       89000.0       1222.22
       89400.0       1201.65
       89800.0       1179.52
       90200.0       1160.38
       90600.0       1140.70
       91000.0       1119.32
       91400.0       1101.47
       91800.0       1082.73
       92200.0       1065.11
       92600.0       1047.05
       93000.0       1029.62
       93400.0       1012.22
       93800.0       995.558
       94200.0       979.097
       94600.0       962.626
       95000.0       946.940
       95400.0       931.523
       95800.0       916.454
       96200.0       901.480
       96600.0       887.005
       97000.0       872.778
       97400.0       857.404
       97800.0       844.654
       98200.0       831.576
       98600.0       818.448
       99000.0       805.583
       99400.0       792.783
       99800.0       780.464
       100200.       768.279
       200000.       49.9818
       400000.       3.15088
       600000.      0.620486
       800000.      0.195335
   1.00000e+06     0.0795843
   1.20000e+06     0.0381858
   1.40000e+06     0.0205145
   1.60000e+06     0.0119727
