       90.9000       0.00000
       93.5000       0.00000
       96.1000       0.00000
       97.7000       0.00000
       99.6000       0.00000
       102.000       0.00000
       103.800       0.00000
       105.600       0.00000
       107.700       0.00000
       110.400       0.00000
       114.000       0.00000
       117.800       0.00000
       121.300       0.00000
       124.800       0.00000
       127.100       0.00000
       128.400       0.00000
       130.500       0.00000
       132.400       0.00000
       133.900       0.00000
       136.600       0.00000
       139.800       0.00000
       143.300       0.00000
       147.200       0.00000
       151.000       0.00000
       155.200       0.00000
       158.800       0.00000
       162.000       0.00000
       166.000       0.00000
       170.300       0.00000
       173.400       0.00000
       176.800       0.00000
       180.200       0.00000
       181.700       0.00000
       186.100       0.00000
       191.000       0.00000
       193.900       0.00000
       198.400       0.00000
       201.800       0.00000
       205.000       0.00000
       210.500       0.00000
       216.200       0.00000
       219.800       0.00000
       223.000       0.00000
       226.800       0.00000
       230.000       0.00000
       234.000       0.00000
       240.000       0.00000
       246.500       0.00000
       252.400       0.00000
       256.800       0.00000
       260.000       0.00000
       264.000       0.00000
       268.500       0.00000
       273.500       0.00000
       278.500       0.00000
       284.000       0.00000
       290.000       0.00000
       296.000       0.00000
       301.000       0.00000
       308.000       0.00000
       318.000       0.00000
       328.000       0.00000
       338.000       0.00000
       348.000       0.00000
       357.000       0.00000
       366.000       0.00000
       375.000       0.00000
       385.000       0.00000
       395.000       0.00000
       405.000       0.00000
       414.000       0.00000
       422.000       0.00000
       430.000       0.00000
       441.000       0.00000
       451.000       0.00000
       460.000       0.00000
       470.000       0.00000
       480.000       0.00000
       490.000       0.00000
       500.000       0.00000
       506.000   1.26489e-11
       512.000   2.40142e-11
       520.000   4.80178e-11
       530.000   1.10661e-10
       540.000   2.43544e-10
       550.000   5.23138e-10
       560.000   1.08740e-09
       570.000   2.19591e-09
       580.000   4.28895e-09
       590.000   8.27151e-09
       600.000   1.54690e-08
       610.000   2.83019e-08
       620.000   5.06254e-08
       630.000   8.87039e-08
       640.000   1.52421e-07
       650.000   2.57229e-07
       658.000   3.85846e-07
       665.000   5.44550e-07
       675.000   8.80092e-07
       685.000   1.40078e-06
       695.000   2.19436e-06
       705.000   3.37464e-06
       716.000   5.37455e-06
       726.000   8.06459e-06
       735.000   1.14960e-05
       745.000   1.68408e-05
       755.000   2.44018e-05
       765.000   3.49748e-05
       775.000   4.95769e-05
       785.000   6.96147e-05
       795.000   9.56929e-05
       805.000   0.000132490
       815.000   0.000181325
       825.000   0.000245192
       835.000   0.000328698
       845.000   0.000437145
       855.000   0.000576826
       865.000   0.000755248
       875.000   0.000978601
       885.000    0.00126681
       895.000    0.00162431
       905.000    0.00206013
       915.000       1.03512
       925.000       3.01710
       935.000       3.99107
       945.000       5.16144
       955.000       7.02880
       965.000       8.95358
       975.000       10.6913
       985.000       13.6982
       995.000       16.3904
       1005.00       21.4757
       1015.00       26.4601
       1025.00       28.3807
       1035.00       38.9488
       1045.00       47.7215
       1055.00       57.4763
       1065.00       67.4327
       1075.00       81.9035
       1085.00       97.8160
       1095.00       113.406
       1105.00       487.487
       1115.00       870.141
       1125.00       1156.04
       1135.00       1456.94
       1145.00       1749.05
       1155.00       1841.06
       1165.00       2375.76
       1175.00       2720.51
       1185.00       2718.52
       1195.00       1786.67
       1205.00       1827.86
       1215.00       514.225
       1225.00       2153.98
       1235.00       4416.11
       1245.00       10163.1
       1255.00       15721.5
       1265.00       15665.5
       1275.00       22885.5
       1285.00       31266.0
       1295.00       37501.8
       1305.00       33389.8
       1315.00       48870.5
       1325.00       57255.5
       1335.00       63892.3
       1345.00       80842.9
       1355.00       82818.0
       1365.00       92683.1
       1375.00       102409.
       1385.00       104938.
       1395.00       122000.
       1405.00       135736.
       1415.00       144760.
       1425.00       161792.
       1435.00       164005.
       1442.00       204239.
       1447.00       232266.
       1455.00       275008.
       1465.00       253134.
       1475.00       281194.
       1485.00       324621.
       1495.00       380367.
       1505.00       435738.
       1512.00       423787.
       1517.00       405217.
       1525.00   1.39730e+06
       1535.00   1.99220e+06
       1545.00   3.04916e+06
       1555.00   2.66279e+06
       1565.00   2.32032e+06
       1575.00   4.61743e+06
       1585.00   5.40587e+06
       1595.00   6.65595e+06
       1605.00   6.14594e+06
       1615.00   5.80545e+06
       1625.00   4.16003e+06
       1635.00   5.61271e+06
       1645.00   8.57548e+06
       1655.00   4.25816e+06
       1665.00   8.67497e+06
       1672.00   4.38075e+06
       1677.00   1.73139e+07
       1685.00   1.87090e+07
       1695.00   1.34287e+07
       1705.00   1.47503e+07
       1715.00   1.85981e+07
       1725.00   1.89490e+07
       1735.00   2.21491e+07
       1745.00   2.14580e+07
       1755.00   2.51196e+07
       1765.00   1.81882e+07
       1775.00   2.32941e+07
       1785.00   2.32454e+07
       1795.00   2.94355e+07
       1805.00   2.62958e+07
       1815.00   2.72167e+07
       1825.00   2.51174e+07
       1835.00   2.27455e+07
       1845.00   1.90367e+07
       1855.00   2.27088e+07
       1865.00   2.62340e+07
       1875.00   2.50377e+07
       1885.00   2.57524e+07
       1895.00   2.79100e+07
       1905.00   2.56671e+07
       1915.00   2.82094e+07
       1925.00   2.72085e+07
       1935.00   1.99663e+07
       1945.00   2.99122e+07
       1955.00   3.01668e+07
       1967.00   3.36508e+07
       1976.00   3.26252e+07
       1984.00   3.17166e+07
       1995.00   3.07649e+07
       2005.00   2.82321e+07
       2015.00   2.81771e+07
       2025.00   2.58444e+07
       2035.00   2.97083e+07
       2045.00   3.27354e+07
       2055.00   3.14122e+07
       2065.00   2.99001e+07
       2074.00   3.49179e+07
       2078.00   3.66795e+07
       2085.00   3.53971e+07
       2095.00   3.33056e+07
       2105.00   3.00048e+07
       2115.00   3.08469e+07
       2125.00   3.20990e+07
       2135.00   2.57243e+07
       2145.00   3.07401e+07
       2155.00   3.05836e+07
       2165.00   2.78688e+07
       2175.00   2.76689e+07
       2185.00   2.95121e+07
       2195.00   3.20008e+07
       2205.00   3.01321e+07
       2215.00   2.65181e+07
       2225.00   2.61281e+07
       2235.00   3.13551e+07
       2245.00   2.80050e+07
       2255.00   2.56168e+07
       2265.00   2.55416e+07
       2275.00   2.74387e+07
       2285.00   2.98233e+07
       2295.00   2.66986e+07
       2305.00   2.79969e+07
       2315.00   2.65676e+07
       2325.00   1.84148e+07
       2335.00   2.22588e+07
       2345.00   1.79794e+07
       2355.00   2.57352e+07
       2365.00   1.90116e+07
       2375.00   2.23876e+07
       2385.00   1.62780e+07
       2395.00   1.92377e+07
       2405.00   1.87394e+07
       2415.00   1.91962e+07
       2425.00   2.41498e+07
       2435.00   2.30477e+07
       2445.00   2.55064e+07
       2455.00   2.51584e+07
       2465.00   2.54067e+07
       2475.00   2.29515e+07
       2485.00   2.30789e+07
       2495.00   2.16070e+07
       2505.00   2.75850e+07
       2513.00   2.05863e+07
       2518.00   1.81285e+07
       2525.00   1.72103e+07
       2535.00   1.79061e+07
       2545.00   1.84805e+07
       2555.00   2.22171e+07
       2565.00   2.11120e+07
       2575.00   2.39948e+07
       2585.00   2.42594e+07
       2595.00   2.33954e+07
       2605.00   2.19065e+07
       2615.00   2.02369e+07
       2625.00   2.51189e+07
       2635.00   2.60176e+07
       2645.00   3.13979e+07
       2655.00   3.25332e+07
       2665.00   2.69686e+07
       2675.00   2.97430e+07
       2685.00   2.97785e+07
       2695.00   2.68296e+07
       2705.00   2.86205e+07
       2715.00   2.57683e+07
       2725.00   2.62695e+07
       2735.00   2.89706e+07
       2745.00   2.10603e+07
       2755.00   2.27750e+07
       2765.00   2.43490e+07
       2775.00   2.64468e+07
       2785.00   2.08803e+07
       2795.00   9.72542e+06
       2805.00   1.19866e+07
       2815.00   2.56478e+07
       2825.00   3.00766e+07
       2835.00   2.93211e+07
       2845.00   2.80290e+07
       2855.00   2.59523e+07
       2865.00   3.03065e+07
       2875.00   2.98239e+07
       2885.00   2.99489e+07
       2895.00   2.85678e+07
       2910.00   3.31339e+07
       2930.00   3.12218e+07
       2950.00   3.08493e+07
       2970.00   3.17963e+07
       2990.00   3.23816e+07
       3010.00   3.30097e+07
       3030.00   3.25175e+07
       3050.00   3.26068e+07
       3070.00   3.28916e+07
       3090.00   3.33640e+07
       3110.00   3.23606e+07
       3130.00   3.22545e+07
       3150.00   3.28132e+07
       3170.00   3.23540e+07
       3190.00   3.02481e+07
       3210.00   3.17176e+07
       3230.00   3.00958e+07
       3250.00   3.13261e+07
       3270.00   3.22590e+07
       3290.00   3.22425e+07
       3310.00   3.28691e+07
       3330.00   3.21438e+07
       3350.00   3.17682e+07
       3370.00   3.13707e+07
       3390.00   3.13042e+07
       3410.00   3.12967e+07
       3430.00   3.13392e+07
       3450.00   3.11946e+07
       3470.00   3.08417e+07
       3490.00   3.08774e+07
       3510.00   3.14011e+07
       3530.00   3.10372e+07
       3550.00   3.18005e+07
       3570.00   3.03870e+07
       3590.00   2.99938e+07
       3610.00   3.00902e+07
       3630.00   3.02742e+07
       3640.00   3.00285e+07
       3650.00   3.14590e+07
       3670.00   3.04737e+07
       3690.00   2.75396e+07
       3710.00   2.88649e+07
       3730.00   2.89164e+07
       3750.00   3.47972e+07
       3770.00   3.65574e+07
       3790.00   4.38231e+07
       3810.00   5.08126e+07
       3830.00   4.06114e+07
       3850.00   5.64975e+07
       3870.00   6.35242e+07
       3890.00   3.73566e+07
       3910.00   6.27979e+07
       3930.00   4.62763e+07
       3950.00   5.89706e+07
       3970.00   3.31437e+07
       3990.00   6.18833e+07
       4010.00   7.17447e+07
       4030.00   7.26998e+07
       4050.00   7.15954e+07
       4070.00   6.72547e+07
       4090.00   5.23879e+07
       4110.00   4.05966e+07
       4130.00   6.40934e+07
       4150.00   6.91972e+07
       4170.00   6.97808e+07
       4190.00   6.89896e+07
       4210.00   6.89818e+07
       4230.00   6.68783e+07
       4250.00   6.71159e+07
       4270.00   6.45960e+07
       4290.00   6.46911e+07
       4310.00   5.84400e+07
       4330.00   4.47823e+07
       4350.00   3.84326e+07
       4370.00   5.89038e+07
       4390.00   6.18107e+07
       4410.00   6.15225e+07
       4430.00   6.07648e+07
       4450.00   6.16504e+07
       4470.00   6.13244e+07
       4490.00   6.03793e+07
       4510.00   6.17861e+07
       4530.00   5.96280e+07
       4550.00   5.87902e+07
       4570.00   6.01238e+07
       4590.00   5.81973e+07
       4610.00   5.87163e+07
       4630.00   5.71223e+07
       4650.00   5.73184e+07
       4670.00   5.71343e+07
       4690.00   5.49113e+07
       4710.00   5.29142e+07
       4730.00   5.51080e+07
       4750.00   5.47534e+07
       4770.00   5.38681e+07
       4790.00   5.29988e+07
       4810.00   5.14159e+07
       4830.00   4.82312e+07
       4850.00   3.68378e+07
       4870.00   2.97929e+07
       4890.00   4.48634e+07
       4910.00   4.82662e+07
       4930.00   4.82335e+07
       4950.00   4.90345e+07
       4970.00   4.92691e+07
       4990.00   4.76570e+07
       5010.00   4.63437e+07
       5030.00   4.72787e+07
       5050.00   4.63628e+07
       5070.00   4.68786e+07
       5090.00   4.62608e+07
       5110.00   4.61288e+07
       5130.00   4.52616e+07
       5150.00   4.42688e+07
       5170.00   4.32898e+07
       5190.00   4.29079e+07
       5210.00   4.30357e+07
       5230.00   4.25516e+07
       5250.00   4.31342e+07
       5270.00   4.09124e+07
       5290.00   4.20885e+07
       5310.00   4.15931e+07
       5330.00   4.03028e+07
       5350.00   4.09747e+07
       5370.00   4.03409e+07
       5390.00   3.99967e+07
       5410.00   3.91725e+07
       5430.00   3.92920e+07
       5450.00   3.92464e+07
       5470.00   3.87623e+07
       5490.00   3.86529e+07
       5510.00   3.83529e+07
       5530.00   3.77939e+07
       5550.00   3.77018e+07
       5570.00   3.70381e+07
       5590.00   3.67338e+07
       5610.00   3.65800e+07
       5630.00   3.64347e+07
       5650.00   3.60993e+07
       5670.00   3.55252e+07
       5690.00   3.54411e+07
       5710.00   3.50731e+07
       5730.00   3.51420e+07
       5750.00   3.45698e+07
       5770.00   3.43746e+07
       5790.00   3.40140e+07
       5810.00   3.37724e+07
       5830.00   3.35388e+07
       5850.00   3.31734e+07
       5870.00   3.28515e+07
       5890.00   3.21749e+07
       5910.00   3.22800e+07
       5930.00   3.20166e+07
       5950.00   3.17410e+07
       5970.00   3.14864e+07
       5990.00   3.11127e+07
       6010.00   3.06953e+07
       6030.00   3.05501e+07
       6050.00   3.03844e+07
       6070.00   3.02080e+07
       6090.00   2.98424e+07
       6110.00   2.95232e+07
       6130.00   2.90150e+07
       6150.00   2.85438e+07
       6170.00   2.85263e+07
       6190.00   2.86244e+07
       6210.00   2.83690e+07
       6230.00   2.79794e+07
       6250.00   2.73435e+07
       6270.00   2.76801e+07
       6290.00   2.74549e+07
       6310.00   2.70095e+07
       6330.00   2.68523e+07
       6350.00   2.64190e+07
       6370.00   2.62654e+07
       6390.00   2.61723e+07
       6410.00   2.57314e+07
       6430.00   2.56217e+07
       6450.00   2.51615e+07
       6470.00   2.50881e+07
       6490.00   2.45590e+07
       6510.00   2.41665e+07
       6530.00   2.30239e+07
       6550.00   1.95054e+07
       6561.25   1.56627e+07
       6590.00   2.14788e+07
       6610.00   2.29916e+07
       6630.00   2.33211e+07
       6650.00   2.33233e+07
       6670.00   2.32005e+07
       6690.00   2.31218e+07
       6710.00   2.29498e+07
       6730.00   2.27671e+07
       6750.00   2.25439e+07
       6770.00   2.24832e+07
       6790.00   2.22897e+07
       6810.00   2.21053e+07
       6830.00   2.18961e+07
       6850.00   2.17034e+07
       6870.00   2.15924e+07
       6890.00   2.14267e+07
       6910.00   2.12429e+07
       6930.00   2.10703e+07
       6950.00   2.09094e+07
       6970.00   2.07268e+07
       6990.00   2.05960e+07
       7010.00   2.02862e+07
       7030.00   2.01976e+07
       7050.00   2.00794e+07
       7070.00   1.99366e+07
       7090.00   1.97808e+07
       7110.00   1.92657e+07
       7130.00   1.93512e+07
       7150.00   1.92490e+07
       7170.00   1.90795e+07
       7190.00   1.89108e+07
       7210.00   1.88082e+07
       7230.00   1.86560e+07
       7250.00   1.84880e+07
       7270.00   1.84214e+07
       7290.00   1.81751e+07
       7310.00   1.80920e+07
       7330.00   1.79534e+07
       7350.00   1.78726e+07
       7370.00   1.77404e+07
       7390.00   1.75196e+07
       7410.00   1.72337e+07
       7430.00   1.71745e+07
       7450.00   1.70987e+07
       7470.00   1.68952e+07
       7490.00   1.68078e+07
       7510.00   1.67551e+07
       7530.00   1.66536e+07
       7550.00   1.65774e+07
       7570.00   1.64281e+07
       7590.00   1.63076e+07
       7610.00   1.61830e+07
       7630.00   1.60718e+07
       7650.00   1.59280e+07
       7670.00   1.57150e+07
       7690.00   1.56678e+07
       7710.00   1.55334e+07
       7730.00   1.54827e+07
       7750.00   1.53289e+07
       7770.00   1.49200e+07
       7790.00   1.51638e+07
       7810.00   1.50288e+07
       7830.00   1.48556e+07
       7850.00   1.47104e+07
       7870.00   1.46308e+07
       7890.00   1.45023e+07
       7910.00   1.43941e+07
       7930.00   1.42731e+07
       7950.00   1.41459e+07
       7970.00   1.41847e+07
       7990.00   1.39480e+07
       8010.00   1.39307e+07
       8030.00   1.38210e+07
       8050.00   1.37350e+07
       8070.00   1.36462e+07
       8090.00   1.35368e+07
       8110.00   1.34827e+07
       8130.00   1.33999e+07
       8150.00   1.32996e+07
       8170.00   1.32069e+07
       8190.00   1.29257e+07
       8210.00   1.28980e+07
       8230.00   1.28021e+07
       8250.00   1.27462e+07
       8270.00   1.27936e+07
       8290.00   1.26936e+07
       8310.00   1.25731e+07
       8330.00   1.23684e+07
       8350.00   1.23595e+07
       8370.00   1.22757e+07
       8390.00   1.20610e+07
       8410.00   1.19568e+07
       8430.00   1.17989e+07
       8450.00   1.15521e+07
       8470.00   1.14488e+07
       8490.00   1.14618e+07
       8510.00   1.09300e+07
       8530.00   1.14426e+07
       8550.00   1.03275e+07
       8570.00   1.15269e+07
       8590.00   1.07595e+07
       8610.00   1.05805e+07
       8630.00   1.15062e+07
       8650.00   1.09828e+07
       8670.00   9.35650e+06
       8690.00   1.10082e+07
       8710.00   1.14701e+07
       8730.00   1.09401e+07
       8750.00   9.07745e+06
       8770.00   1.05016e+07
       8790.00   1.12906e+07
       8810.00   1.13272e+07
       8830.00   1.09252e+07
       8850.00   9.86096e+06
       8870.00   8.58163e+06
       8890.00   1.04884e+07
       8910.00   1.09653e+07
       8930.00   1.10471e+07
       8950.00   1.10932e+07
       8970.00   1.08233e+07
       8990.00   1.02372e+07
       9010.00   8.28360e+06
       9030.00   9.02406e+06
       9050.00   1.02570e+07
       9070.00   1.03592e+07
       9090.00   1.03060e+07
       9110.00   1.05594e+07
       9130.00   1.05892e+07
       9150.00   1.05218e+07
       9170.00   1.03178e+07
       9190.00   9.95799e+06
       9210.00   9.15044e+06
       9230.00   7.27654e+06
       9250.00   8.80333e+06
       9270.00   9.46507e+06
       9290.00   9.92461e+06
       9310.00   1.00033e+07
       9330.00   9.97775e+06
       9350.00   9.95407e+06
       9370.00   9.91720e+06
       9390.00   9.79254e+06
       9410.00   9.45484e+06
       9430.00   9.62957e+06
       9450.00   9.55426e+06
       9470.00   9.47362e+06
       9490.00   9.29569e+06
       9510.00   8.93297e+06
       9530.00   8.12563e+06
       9550.00   6.60169e+06
       9570.00   8.18495e+06
       9590.00   8.77800e+06
       9610.00   8.89936e+06
       9630.00   8.86406e+06
       9650.00   8.97017e+06
       9670.00   8.85937e+06
       9690.00   8.86176e+06
       9710.00   8.90880e+06
       9730.00   8.84555e+06
       9750.00   8.74748e+06
       9770.00   8.74406e+06
       9790.00   8.69147e+06
       9810.00   8.63180e+06
       9830.00   8.56474e+06
       9850.00   8.46709e+06
       9870.00   8.40884e+06
       9890.00   8.31670e+06
       9910.00   8.28163e+06
       9930.00   8.23608e+06
       9950.00   8.16647e+06
       9970.00   8.09053e+06
       9990.00   7.93964e+06
       10025.0   7.11398e+06
       10075.0   6.75665e+06
       10125.0   7.60071e+06
       10175.0   7.64191e+06
       10225.0   7.58357e+06
       10275.0   7.49103e+06
       10325.0   7.36352e+06
       10375.0   7.26017e+06
       10425.0   7.14598e+06
       10475.0   6.97012e+06
       10525.0   6.89521e+06
       10575.0   6.81365e+06
       10625.0   6.70829e+06
       10675.0   6.48196e+06
       10725.0   6.45998e+06
       10775.0   6.36609e+06
       10825.0   6.23926e+06
       10875.0   6.01510e+06
       10925.0   5.02462e+06
       10975.0   5.48751e+06
       11025.0   5.86649e+06
       11075.0   5.86862e+06
       11125.0   5.79255e+06
       11175.0   5.72303e+06
       11225.0   5.65631e+06
       11275.0   5.47142e+06
       11325.0   5.40471e+06
       11375.0   5.39136e+06
       11425.0   5.28742e+06
       11475.0   5.27091e+06
       11525.0   5.20287e+06
       11575.0   5.12203e+06
       11625.0   4.99164e+06
       11675.0   4.89398e+06
       11725.0   4.91892e+06
       11775.0   4.75007e+06
       11825.0   4.73342e+06
       11875.0   4.63995e+06
       11925.0   4.66285e+06
       11975.0   4.54544e+06
       12025.0   4.51632e+06
       12075.0   4.43920e+06
       12125.0   4.38831e+06
       12175.0   4.34752e+06
       12225.0   4.28228e+06
       12275.0   4.21871e+06
       12325.0   4.16496e+06
       12375.0   4.11711e+06
       12425.0   4.07305e+06
       12475.0   4.00803e+06
       12525.0   3.95280e+06
       12575.0   3.86973e+06
       12625.0   3.82992e+06
       12675.0   3.78124e+06
       12725.0   3.69807e+06
       12775.0   3.48497e+06
       12825.0   2.94503e+06
       12875.0   3.43673e+06
       12925.0   3.51754e+06
       12975.0   3.50547e+06
       13025.0   3.47217e+06
       13075.0   3.43971e+06
       13125.0   3.39147e+06
       13175.0   3.33734e+06
       13225.0   3.31367e+06
       13275.0   3.27101e+06
       13325.0   3.23250e+06
       13375.0   3.19027e+06
       13425.0   3.15129e+06
       13475.0   3.11176e+06
       13525.0   3.06470e+06
       13575.0   3.02316e+06
       13625.0   2.99695e+06
       13675.0   2.95553e+06
       13725.0   2.89484e+06
       13775.0   2.87982e+06
       13825.0   2.84700e+06
       13875.0   2.82300e+06
       13925.0   2.77517e+06
       13975.0   2.74937e+06
       14025.0   2.71697e+06
       14075.0   2.68819e+06
       14125.0   2.64861e+06
       14175.0   2.62227e+06
       14225.0   2.58581e+06
       14275.0   2.55220e+06
       14325.0   2.52799e+06
       14375.0   2.50296e+06
       14425.0   2.42118e+06
       14475.0   2.43973e+06
       14525.0   2.38564e+06
       14570.0   2.38335e+06
       14620.0   2.35209e+06
       14675.0   2.32942e+06
       14725.0   2.29712e+06
       14775.0   2.26176e+06
       14825.0   2.24378e+06
       14875.0   2.20744e+06
       14925.0   2.20502e+06
       14975.0   2.17067e+06
       15025.0   2.13789e+06
       15075.0   2.10715e+06
       15125.0   2.09505e+06
       15175.0   2.06622e+06
       15225.0   2.03479e+06
       15275.0   2.01261e+06
       15325.0   1.98186e+06
       15375.0   1.96166e+06
       15425.0   1.91919e+06
       15475.0   1.91216e+06
       15525.0   1.88611e+06
       15575.0   1.84172e+06
       15625.0   1.87115e+06
       15675.0   1.80327e+06
       15725.0   1.76653e+06
       15775.0   1.80621e+06
       15825.0   1.78429e+06
       15875.0   1.65407e+06
       15925.0   1.72511e+06
       15975.0   1.77175e+06
       16050.0   1.69205e+06
       16150.0   1.59866e+06
       16250.0   1.67306e+06
       16350.0   1.57162e+06
       16450.0   1.47823e+06
       16550.0   1.57279e+06
       16650.0   1.54336e+06
       16750.0   1.43381e+06
       16850.0   1.34094e+06
       16950.0   1.44423e+06
       17050.0   1.41930e+06
       17150.0   1.39358e+06
       17250.0   1.33556e+06
       17350.0   1.16571e+06
       17450.0   1.25638e+06
       17550.0   1.27084e+06
       17650.0   1.24886e+06
       17750.0   1.22814e+06
       17850.0   1.20141e+06
       17950.0   1.17894e+06
       18050.0   1.13561e+06
       18150.0       998588.
       18250.0   1.05512e+06
       18350.0   1.07998e+06
       18450.0   1.06235e+06
       18550.0   1.03751e+06
       18650.0   1.00195e+06
       18750.0       873227.
       18850.0       956249.
       18950.0       953874.
       19050.0       946730.
       19150.0       927746.
       19250.0       906512.
       19350.0       871026.
       19450.0       763056.
       19550.0       839053.
       19650.0       840535.
       19750.0       826231.
       19850.0       814294.
       19950.0       799392.
       20050.0       785066.
       20150.0       771132.
       20250.0       755955.
       20350.0       741130.
       20450.0       729692.
       20550.0       716194.
       20650.0       701791.
       20750.0       689864.
       20850.0       677880.
       20950.0       665399.
       21050.0       653761.
       21150.0       640519.
       21250.0       629115.
       21350.0       617409.
       21450.0       606155.
       21550.0       585844.
       21650.0       516410.
       21750.0       559415.
       21850.0       564027.
       21950.0       558212.
       22050.0       548426.
       22150.0       538986.
       22250.0       531618.
       22350.0       522693.
       22450.0       513958.
       22550.0       503964.
       22650.0       496697.
       22750.0       488737.
       22850.0       482210.
       22950.0       480370.
       23050.0       473205.
       23150.0       464338.
       23250.0       456206.
       23350.0       447643.
       23450.0       439846.
       23550.0       431995.
       23650.0       424524.
       23750.0       416849.
       23850.0       409638.
       23950.0       402711.
       24050.0       396054.
       24150.0       389015.
       24250.0       382616.
       24350.0       376634.
       24450.0       370080.
       24550.0       364728.
       24650.0       358395.
       24750.0       353500.
       24850.0       348263.
       24950.0       340799.
       25050.0       342946.
       25150.0       334733.
       25250.0       323968.
       25350.0       323346.
       25450.0       320665.
       25550.0       312792.
       25650.0       301907.
       25750.0       304856.
       25850.0       302169.
       25950.0       297842.
       26050.0       287887.
       26150.0       274853.
       26250.0       253939.
       26350.0       274017.
       26450.0       276828.
       26550.0       273298.
       26650.0       265735.
       26750.0       251548.
       26850.0       258927.
       26950.0       259369.
       27050.0       256559.
       27150.0       253308.
       27250.0       249656.
       27350.0       245562.
       27450.0       239827.
       27550.0       223839.
       27650.0       227229.
       27750.0       231343.
       27850.0       229626.
       27950.0       227161.
       28050.0       224280.
       28150.0       221282.
       28250.0       218250.
       28350.0       215162.
       28450.0       211427.
       28550.0       207740.
       28650.0       199499.
       28750.0       186929.
       28850.0       197571.
       28950.0       197512.
       29050.0       195784.
       29150.0       193180.
       29250.0       191020.
       29350.0       188653.
       29450.0       186184.
       29550.0       183817.
       29650.0       181461.
       29750.0       179115.
       29850.0       176839.
       29950.0       174455.
       30050.0       171969.
       30150.0       169230.
       30250.0       165515.
       30350.0       153290.
       30450.0       154808.
       30550.0       159851.
       30650.0       159066.
       30750.0       157615.
       30850.0       155506.
       30950.0       153775.
       31050.0       151876.
       31150.0       149691.
       31250.0       148079.
       31350.0       146369.
       31450.0       144522.
       31550.0       142876.
       31650.0       141279.
       31750.0       139404.
       31850.0       137906.
       31950.0       136247.
       32100.0       133781.
       32300.0       130682.
       32500.0       127566.
       32700.0       123953.
       32900.0       113986.
       33100.0       116457.
       33300.0       116390.
       33500.0       114105.
       33700.0       111176.
       33900.0       108609.
       34100.0       106137.
       34300.0       103827.
       34500.0       101566.
       34700.0       99244.2
       34900.0       97027.4
       35100.0       94869.9
       35300.0       92748.8
       35500.0       90750.1
       35700.0       88669.1
       35900.0       86786.5
       36100.0       84905.3
       36300.0       83154.6
       36500.0       81270.3
       36700.0       79718.4
       36900.0       77567.3
       37100.0       76166.7
       37300.0       72354.5
       37500.0       69931.9
       37700.0       71664.9
       37900.0       70490.9
       38100.0       68535.6
       38300.0       67315.8
       38500.0       66519.1
       38700.0       65134.0
       38900.0       63537.4
       39100.0       61595.3
       39300.0       61326.1
       39500.0       60373.4
       39700.0       59276.7
       39900.0       58002.4
       40100.0       55961.0
       40300.0       54641.4
       40500.0       51705.3
       40700.0       53318.0
       40900.0       52669.4
       41100.0       51825.8
       41300.0       50788.3
       41500.0       49512.5
       41700.0       47357.5
       41900.0       47651.1
       42100.0       47074.0
       42300.0       46373.1
       42500.0       45518.4
       42700.0       44708.7
       42900.0       43905.9
       43100.0       43116.1
       43300.0       42316.8
       43500.0       41375.1
       43700.0       39373.7
       43900.0       39441.9
       44100.0       39302.0
       44300.0       38738.6
       44500.0       38067.8
       44700.0       37524.3
       44900.0       36871.2
       45100.0       36254.1
       45300.0       35629.9
       45500.0       35026.2
       45700.0       34419.1
       45900.0       33831.9
       46100.0       33204.0
       46300.0       32443.2
       46500.0       30171.5
       46700.0       29932.7
       46900.0       30676.4
       47100.0       30508.2
       47300.0       30109.3
       47500.0       29607.5
       47700.0       29132.9
       47900.0       28671.7
       48100.0       28207.4
       48300.0       27754.7
       48500.0       27310.1
       48700.0       26876.5
       48900.0       26450.7
       49100.0       26024.7
       49300.0       25621.8
       49500.0       25218.4
       49700.0       24826.7
       49900.0       24437.4
       50100.0       24059.6
       50300.0       23687.0
       50500.0       23325.5
       50700.0       22970.3
       50900.0       22567.7
       51100.0       21997.5
       51300.0       20747.0
       51500.0       21408.5
       51700.0       21251.7
       51900.0       20965.1
       52100.0       20649.0
       52300.0       20344.0
       52500.0       20044.5
       52700.0       19748.8
       52900.0       19459.8
       53100.0       19174.5
       53300.0       18894.3
       53500.0       18619.0
       53700.0       18344.7
       53900.0       18084.3
       54100.0       17826.0
       54300.0       17565.9
       54500.0       17316.7
       54700.0       17064.4
       54900.0       16830.3
       55100.0       16593.0
       55300.0       16357.4
       55500.0       16129.6
       55700.0       15899.8
       55900.0       15671.7
       56100.0       15463.2
       56300.0       15250.2
       56500.0       15042.1
       56700.0       14834.2
       56900.0       14631.2
       57100.0       14433.0
       57300.0       14236.0
       57500.0       14043.7
       57700.0       13852.6
       57900.0       13663.8
       58100.0       13482.8
       58300.0       13304.0
       58500.0       13143.9
       58700.0       12933.1
       58900.0       12618.5
       59100.0       11914.1
       59300.0       12343.8
       59500.0       12264.2
       59700.0       12138.8
       59900.0       11980.2
       60100.0       11822.3
       60300.0       11672.6
       60500.0       11522.4
       60700.0       11373.0
       60900.0       11225.3
       61100.0       11077.2
       61300.0       10942.9
       61500.0       10804.1
       61700.0       10667.9
       61900.0       10532.2
       62100.0       10401.0
       62300.0       10264.4
       62500.0       10140.0
       62700.0       10012.2
       62900.0       9890.53
       63100.0       9764.54
       63300.0       9646.52
       63500.0       9527.92
       63700.0       9412.48
       63900.0       9296.45
       64200.0       9128.24
       64600.0       8907.13
       65000.0       8693.42
       65400.0       8488.05
       65800.0       8286.58
       66200.0       8090.90
       66600.0       7902.10
       67000.0       7718.48
       67400.0       7539.49
       67800.0       7366.87
       68200.0       7198.41
       68600.0       7034.50
       69000.0       6873.73
       69400.0       6719.40
       69800.0       6569.53
       70200.0       6423.48
       70600.0       6281.44
       71000.0       6145.24
       71400.0       6009.85
       71800.0       5879.21
       72200.0       5749.06
       72600.0       5627.70
       73000.0       5508.65
       73400.0       5390.59
       73800.0       5276.91
       74200.0       5148.80
       74600.0       4876.91
       75000.0       4770.71
       75400.0       4829.90
       75800.0       4749.29
       76200.0       4652.85
       76600.0       4558.02
       77000.0       4465.42
       77400.0       4375.62
       77800.0       4287.79
       78200.0       4202.09
       78600.0       4118.51
       79000.0       4036.95
       79400.0       3957.42
       79800.0       3879.80
       80200.0       3803.89
       80600.0       3730.04
       81000.0       3658.26
       81400.0       3587.43
       81800.0       3518.93
       82200.0       3452.26
       82600.0       3386.77
       83000.0       3322.82
       83400.0       3259.34
       83800.0       3198.04
       84200.0       3139.24
       84600.0       3081.73
       85000.0       3025.11
       85400.0       2969.41
       85800.0       2915.12
       86200.0       2862.02
       86600.0       2810.52
       87000.0       2759.90
       87400.0       2710.29
       87800.0       2661.99
       88200.0       2614.27
       88600.0       2568.07
       89000.0       2522.82
       89400.0       2478.71
       89800.0       2435.14
       90200.0       2392.94
       90600.0       2351.66
       91000.0       2310.83
       91400.0       2271.22
       91800.0       2232.56
       92200.0       2194.57
       92600.0       2157.37
       93000.0       2120.95
       93400.0       2085.25
       93800.0       2050.33
       94200.0       2016.15
       94600.0       1982.67
       95000.0       1949.86
       95400.0       1917.48
       95800.0       1886.35
       96200.0       1855.43
       96600.0       1825.36
       97000.0       1795.77
       97400.0       1766.55
       97800.0       1738.27
       98200.0       1710.38
       98600.0       1683.20
       99000.0       1656.52
       99400.0       1630.29
       99800.0       1604.46
       100200.       1579.30
       200000.       101.190
       400000.       6.29987
       600000.       1.23432
       800000.      0.387567
   1.00000e+06      0.157684
   1.20000e+06     0.0755999
   1.40000e+06     0.0405985
   1.60000e+06     0.0236899
