       90.9000   3.98049e-14
       93.5000   1.91506e-13
       96.1000   8.49103e-13
       97.7000   2.05386e-12
       99.6000   5.64745e-12
       102.000   1.92975e-11
       103.800   4.68044e-11
       105.600   1.10286e-10
       107.700   2.89451e-10
       110.400   9.47656e-10
       114.000   4.24764e-09
       117.800   1.88500e-08
       121.300   6.84909e-08
       124.800   2.31635e-07
       127.100   4.97568e-07
       128.400   7.57365e-07
       130.500   1.46648e-06
       132.400   2.61867e-06
       133.900   4.09295e-06
       136.600   8.91737e-06
       139.800   2.16431e-05
       143.300   5.44340e-05
       147.200   0.000143669
       151.000   0.000356375
       155.200   0.000917042
       158.800    0.00198140
       162.000    0.00381080
       166.000    0.00837294
       170.300     0.0186520
       173.400     0.0324726
       176.800     0.0584688
       180.200      0.102558
       181.700      0.131043
       186.100      0.260674
       191.000      0.539873
       193.900      0.817516
       198.400       1.52003
       201.800       2.37704
       205.000       3.57573
       210.500       7.01849
       216.200       13.5556
       219.800       20.3438
       223.000       28.7557
       226.800       43.0032
       230.000       40394.9
       234.000       94719.3
       240.000       134720.
       246.500       200461.
       252.400       315579.
       256.800       416992.
       260.000       650863.
       264.000   1.61582e+06
       268.500   2.49876e+06
       273.500   3.13558e+06
       278.500   3.30606e+06
       284.000   6.45088e+06
       290.000   8.84174e+06
       296.000   1.03229e+07
       301.000   2.07262e+07
       308.000   4.19525e+07
       318.000   1.37867e+08
       328.000   1.88050e+08
       338.000   3.31705e+08
       348.000   4.48173e+08
       357.000   1.02396e+09
       366.000   2.33616e+09
       375.000   2.16397e+09
       385.000   2.15041e+09
       395.000   3.87994e+09
       405.000   4.99597e+09
       414.000   5.39260e+09
       422.000   5.16850e+09
       430.000   4.97207e+09
       441.000   5.95312e+09
       451.000   6.05451e+09
       460.000   5.51547e+09
       470.000   5.87795e+09
       480.000   6.82104e+09
       490.000   5.85760e+09
       500.000   7.35408e+09
       506.000   1.05542e+10
       512.000   3.31211e+10
       520.000   3.17602e+10
       530.000   2.79510e+10
       540.000   2.36839e+10
       550.000   2.45616e+10
       560.000   3.38709e+10
       570.000   3.85056e+10
       580.000   3.62777e+10
       590.000   3.69847e+10
       600.000   2.77085e+10
       610.000   3.13807e+10
       620.000   4.06857e+10
       630.000   3.88168e+10
       640.000   4.14118e+10
       650.000   3.94270e+10
       658.000   3.48265e+10
       665.000   4.00017e+10
       675.000   4.38136e+10
       685.000   3.35354e+10
       695.000   4.23125e+10
       705.000   2.98474e+10
       716.000   4.46303e+10
       726.000   4.42391e+10
       735.000   4.45542e+10
       745.000   4.17514e+10
       755.000   4.13222e+10
       765.000   3.63363e+10
       775.000   4.07575e+10
       785.000   3.80090e+10
       795.000   4.04796e+10
       805.000   3.99644e+10
       815.000   3.98921e+10
       825.000   4.03733e+10
       835.000   2.84126e+10
       845.000   3.84405e+10
       855.000   3.78403e+10
       865.000   3.89028e+10
       875.000   3.85487e+10
       885.000   3.83616e+10
       895.000   3.81262e+10
       905.000   3.69254e+10
       915.000   3.61303e+10
       925.000   6.93690e+10
       935.000   9.73645e+10
       945.000   1.08262e+11
       955.000   1.15350e+11
       965.000   1.21746e+11
       975.000   7.25779e+10
       985.000   9.94998e+10
       995.000   8.82973e+10
       1005.00   9.36208e+10
       1015.00   9.80492e+10
       1025.00   8.78766e+10
       1035.00   9.72330e+10
       1045.00   1.04026e+11
       1055.00   1.00185e+11
       1065.00   9.20946e+10
       1075.00   9.17747e+10
       1085.00   8.67883e+10
       1095.00   8.95368e+10
       1105.00   8.61742e+10
       1115.00   8.43626e+10
       1125.00   7.71603e+10
       1135.00   8.13894e+10
       1145.00   7.98590e+10
       1155.00   7.53814e+10
       1165.00   7.21498e+10
       1175.00   5.40909e+10
       1185.00   6.60514e+10
       1195.00   6.37054e+10
       1205.00   6.25175e+10
       1215.00   5.42680e+10
       1225.00   5.89815e+10
       1235.00   6.11004e+10
       1245.00   6.02224e+10
       1255.00   5.93909e+10
       1265.00   6.02731e+10
       1275.00   6.11946e+10
       1285.00   6.07843e+10
       1295.00   5.89618e+10
       1305.00   5.74644e+10
       1315.00   5.90163e+10
       1325.00   5.73349e+10
       1335.00   5.59190e+10
       1345.00   5.58861e+10
       1355.00   5.36156e+10
       1365.00   5.20970e+10
       1375.00   5.03496e+10
       1385.00   4.91931e+10
       1395.00   3.66156e+10
       1405.00   3.02144e+10
       1415.00   4.64632e+10
       1425.00   4.27096e+10
       1435.00   4.50509e+10
       1442.00   4.39098e+10
       1447.00   4.37598e+10
       1455.00   4.19399e+10
       1465.00   4.15203e+10
       1475.00   4.12778e+10
       1485.00   4.14207e+10
       1495.00   4.00459e+10
       1505.00   3.98515e+10
       1512.00   3.90697e+10
       1517.00   3.89829e+10
       1525.00   3.77212e+10
       1535.00   3.34452e+10
       1545.00   2.46285e+10
       1555.00   2.61231e+10
       1565.00   3.13954e+10
       1575.00   3.29161e+10
       1585.00   3.29385e+10
       1595.00   3.26126e+10
       1605.00   3.05330e+10
       1615.00   2.95119e+10
       1625.00   2.98303e+10
       1635.00   2.98414e+10
       1645.00   2.93321e+10
       1655.00   2.97572e+10
       1665.00   2.91168e+10
       1672.00   2.70462e+10
       1677.00   3.06131e+10
       1685.00   2.94262e+10
       1695.00   2.86460e+10
       1705.00   2.81904e+10
       1715.00   2.71812e+10
       1725.00   2.62757e+10
       1735.00   2.70450e+10
       1745.00   2.67285e+10
       1755.00   2.61214e+10
       1765.00   2.57561e+10
       1775.00   2.50422e+10
       1785.00   2.51727e+10
       1795.00   2.44300e+10
       1805.00   2.42792e+10
       1815.00   2.38076e+10
       1825.00   2.32952e+10
       1835.00   2.32770e+10
       1845.00   2.27254e+10
       1855.00   2.26310e+10
       1865.00   2.24020e+10
       1875.00   2.17758e+10
       1885.00   2.11891e+10
       1895.00   2.11454e+10
       1905.00   2.11804e+10
       1915.00   2.07153e+10
       1925.00   1.96934e+10
       1935.00   2.03004e+10
       1945.00   2.01728e+10
       1955.00   1.89369e+10
       1967.00   1.93414e+10
       1976.00   1.92168e+10
       1984.00   1.89836e+10
       1995.00   1.84587e+10
       2005.00   1.85927e+10
       2015.00   1.83511e+10
       2025.00   1.81033e+10
       2035.00   1.76984e+10
       2045.00   1.73644e+10
       2055.00   1.35535e+10
       2065.00   1.56215e+10
       2074.00   1.71126e+10
       2078.00   1.67126e+10
       2085.00   1.66543e+10
       2095.00   1.62262e+10
       2105.00   1.60367e+10
       2115.00   1.61448e+10
       2125.00   1.57579e+10
       2135.00   1.56569e+10
       2145.00   1.53655e+10
       2155.00   1.52606e+10
       2165.00   1.46811e+10
       2175.00   1.48148e+10
       2185.00   1.44420e+10
       2195.00   1.45030e+10
       2205.00   1.42734e+10
       2215.00   1.38307e+10
       2225.00   1.38224e+10
       2235.00   1.36401e+10
       2245.00   1.33963e+10
       2255.00   1.30525e+10
       2265.00   1.30550e+10
       2275.00   1.29150e+10
       2285.00   1.26088e+10
       2295.00   1.21258e+10
       2305.00   1.20918e+10
       2315.00   1.20501e+10
       2325.00   1.18128e+10
       2335.00   1.18052e+10
       2345.00   1.16006e+10
       2355.00   1.13807e+10
       2365.00   1.12051e+10
       2375.00   1.09854e+10
       2385.00   1.05319e+10
       2395.00   1.06201e+10
       2405.00   1.05580e+10
       2415.00   1.04385e+10
       2425.00   1.03673e+10
       2435.00   1.01927e+10
       2445.00   1.00654e+10
       2455.00   9.90484e+09
       2465.00   9.79178e+09
       2475.00   9.68329e+09
       2485.00   9.41883e+09
       2495.00   7.56000e+09
       2505.00   9.09192e+09
       2513.00   8.71020e+09
       2518.00   8.92045e+09
       2525.00   9.01169e+09
       2535.00   8.94835e+09
       2545.00   8.82873e+09
       2555.00   8.69685e+09
       2565.00   8.59482e+09
       2575.00   8.47876e+09
       2585.00   8.37495e+09
       2595.00   8.20144e+09
       2605.00   8.16801e+09
       2615.00   8.01531e+09
       2625.00   7.95327e+09
       2635.00   7.87728e+09
       2645.00   7.74944e+09
       2655.00   7.67086e+09
       2665.00   7.55187e+09
       2675.00   7.37548e+09
       2685.00   7.36611e+09
       2695.00   7.24826e+09
       2705.00   7.20404e+09
       2715.00   7.08616e+09
       2725.00   7.01294e+09
       2735.00   6.79605e+09
       2745.00   6.86662e+09
       2755.00   6.77070e+09
       2765.00   6.67205e+09
       2775.00   6.61720e+09
       2785.00   6.50662e+09
       2795.00   6.36273e+09
       2805.00   6.35096e+09
       2815.00   6.29403e+09
       2825.00   6.21037e+09
       2835.00   6.13101e+09
       2845.00   6.08287e+09
       2855.00   6.00567e+09
       2865.00   5.90782e+09
       2875.00   5.84537e+09
       2885.00   5.78365e+09
       2895.00   5.71634e+09
       2910.00   5.60151e+09
       2930.00   5.49326e+09
       2950.00   5.35366e+09
       2970.00   5.22457e+09
       2990.00   5.07864e+09
       3010.00   4.95690e+09
       3030.00   4.82356e+09
       3050.00   4.74269e+09
       3070.00   4.64393e+09
       3090.00   4.54494e+09
       3110.00   4.45824e+09
       3130.00   4.34954e+09
       3150.00   4.26790e+09
       3170.00   4.16736e+09
       3190.00   4.07973e+09
       3210.00   3.95007e+09
       3230.00   3.91034e+09
       3250.00   3.83561e+09
       3270.00   3.72048e+09
       3290.00   3.66216e+09
       3310.00   3.58193e+09
       3330.00   3.50642e+09
       3350.00   3.41197e+09
       3370.00   3.35468e+09
       3390.00   3.29980e+09
       3410.00   3.22940e+09
       3430.00   3.16200e+09
       3450.00   3.08376e+09
       3470.00   3.04068e+09
       3490.00   2.98085e+09
       3510.00   2.92542e+09
       3530.00   2.86434e+09
       3550.00   2.80710e+09
       3570.00   2.75629e+09
       3590.00   2.69661e+09
       3610.00   2.63912e+09
       3630.00   2.58867e+09
       3640.00   2.53651e+09
       3650.00   2.55323e+09
       3670.00   2.50181e+09
       3690.00   2.42806e+09
       3710.00   2.32827e+09
       3730.00   2.27719e+09
       3750.00   2.28147e+09
       3770.00   2.23980e+09
       3790.00   2.24912e+09
       3810.00   2.27197e+09
       3830.00   2.13181e+09
       3850.00   2.22775e+09
       3870.00   2.18406e+09
       3890.00   2.00613e+09
       3910.00   2.13336e+09
       3930.00   2.07836e+09
       3950.00   2.03887e+09
       3970.00   1.85106e+09
       3990.00   1.97889e+09
       4010.00   1.93959e+09
       4030.00   1.88942e+09
       4050.00   1.87746e+09
       4070.00   1.82642e+09
       4090.00   1.76036e+09
       4110.00   1.65279e+09
       4130.00   1.73376e+09
       4150.00   1.70681e+09
       4170.00   1.68751e+09
       4190.00   1.65738e+09
       4210.00   1.62105e+09
       4230.00   1.60643e+09
       4250.00   1.57366e+09
       4270.00   1.54414e+09
       4290.00   1.51993e+09
       4310.00   1.48720e+09
       4330.00   1.43047e+09
       4350.00   1.35334e+09
       4370.00   1.41756e+09
       4390.00   1.38517e+09
       4410.00   1.36642e+09
       4430.00   1.35151e+09
       4450.00   1.32800e+09
       4470.00   1.29263e+09
       4490.00   1.28669e+09
       4510.00   1.25674e+09
       4530.00   1.24070e+09
       4550.00   1.21076e+09
       4570.00   1.20567e+09
       4590.00   1.18294e+09
       4610.00   1.16653e+09
       4630.00   1.14250e+09
       4650.00   1.09692e+09
       4670.00   1.10822e+09
       4690.00   1.06858e+09
       4710.00   1.07302e+09
       4730.00   1.06781e+09
       4750.00   1.05112e+09
       4770.00   1.03545e+09
       4790.00   1.01947e+09
       4810.00   1.00344e+09
       4830.00   9.87749e+08
       4850.00   9.57053e+08
       4870.00   8.91516e+08
       4890.00   9.42437e+08
       4910.00   9.28461e+08
       4930.00   9.07939e+08
       4950.00   9.00463e+08
       4970.00   8.89463e+08
       4990.00   8.76462e+08
       5010.00   8.56570e+08
       5030.00   8.49296e+08
       5050.00   8.35920e+08
       5070.00   8.25923e+08
       5090.00   8.14109e+08
       5110.00   8.02223e+08
       5130.00   7.90397e+08
       5150.00   7.78972e+08
       5170.00   7.67699e+08
       5190.00   7.56927e+08
       5210.00   7.46380e+08
       5230.00   7.35986e+08
       5250.00   7.24047e+08
       5270.00   7.13570e+08
       5290.00   7.05317e+08
       5310.00   6.95364e+08
       5330.00   6.85620e+08
       5350.00   6.76279e+08
       5370.00   6.66861e+08
       5390.00   6.57564e+08
       5410.00   6.40239e+08
       5430.00   6.39811e+08
       5450.00   6.31040e+08
       5470.00   6.22329e+08
       5490.00   6.13966e+08
       5510.00   6.05038e+08
       5530.00   5.97478e+08
       5550.00   5.89572e+08
       5570.00   5.81339e+08
       5590.00   5.72002e+08
       5610.00   5.66303e+08
       5630.00   5.58780e+08
       5650.00   5.51338e+08
       5670.00   5.43858e+08
       5690.00   5.29453e+08
       5710.00   5.28188e+08
       5730.00   5.23257e+08
       5750.00   5.15931e+08
       5770.00   5.09792e+08
       5790.00   5.03152e+08
       5810.00   4.94069e+08
       5830.00   4.88978e+08
       5850.00   4.83990e+08
       5870.00   4.70835e+08
       5890.00   4.71292e+08
       5910.00   4.65734e+08
       5930.00   4.59684e+08
       5950.00   4.53854e+08
       5970.00   4.48429e+08
       5990.00   4.43203e+08
       6010.00   4.37160e+08
       6030.00   4.31416e+08
       6050.00   4.26767e+08
       6070.00   4.20892e+08
       6090.00   4.16477e+08
       6110.00   4.10788e+08
       6130.00   4.05926e+08
       6150.00   4.01089e+08
       6170.00   3.95465e+08
       6190.00   3.91724e+08
       6210.00   3.87016e+08
       6230.00   3.81371e+08
       6250.00   3.77661e+08
       6270.00   3.73176e+08
       6290.00   3.68731e+08
       6310.00   3.63199e+08
       6330.00   3.60005e+08
       6350.00   3.55592e+08
       6370.00   3.51506e+08
       6390.00   3.47334e+08
       6410.00   3.42255e+08
       6430.00   3.39263e+08
       6450.00   3.34980e+08
       6470.00   3.30905e+08
       6490.00   3.27116e+08
       6510.00   3.23376e+08
       6530.00   3.18756e+08
       6550.00   3.13116e+08
       6561.25   2.88931e+08
       6590.00   3.08502e+08
       6610.00   3.05414e+08
       6630.00   3.02040e+08
       6650.00   2.98565e+08
       6670.00   2.93085e+08
       6690.00   2.89012e+08
       6710.00   2.88019e+08
       6730.00   2.84780e+08
       6750.00   2.81672e+08
       6770.00   2.78917e+08
       6790.00   2.75847e+08
       6810.00   2.72848e+08
       6830.00   2.69823e+08
       6850.00   2.66796e+08
       6870.00   2.63777e+08
       6890.00   2.59605e+08
       6910.00   2.57891e+08
       6930.00   2.55322e+08
       6950.00   2.52537e+08
       6970.00   2.49787e+08
       6990.00   2.47072e+08
       7010.00   2.44407e+08
       7030.00   2.41280e+08
       7050.00   2.38905e+08
       7070.00   2.34224e+08
       7090.00   2.34051e+08
       7110.00   2.31402e+08
       7130.00   2.28957e+08
       7150.00   2.26661e+08
       7170.00   2.23266e+08
       7190.00   2.21690e+08
       7210.00   2.19549e+08
       7230.00   2.16952e+08
       7250.00   2.14911e+08
       7270.00   2.12718e+08
       7290.00   2.09511e+08
       7310.00   2.08183e+08
       7330.00   2.06130e+08
       7350.00   2.04005e+08
       7370.00   2.01852e+08
       7390.00   1.99823e+08
       7410.00   1.97710e+08
       7430.00   1.95746e+08
       7450.00   1.93604e+08
       7470.00   1.91677e+08
       7490.00   1.89345e+08
       7510.00   1.87810e+08
       7530.00   1.85957e+08
       7550.00   1.84088e+08
       7570.00   1.82202e+08
       7590.00   1.79151e+08
       7610.00   1.78405e+08
       7630.00   1.76747e+08
       7650.00   1.75006e+08
       7670.00   1.73326e+08
       7690.00   1.71279e+08
       7710.00   1.69751e+08
       7730.00   1.67903e+08
       7750.00   1.66461e+08
       7770.00   1.64937e+08
       7790.00   1.63322e+08
       7810.00   1.61689e+08
       7830.00   1.60127e+08
       7850.00   1.58389e+08
       7870.00   1.56934e+08
       7890.00   1.55432e+08
       7910.00   1.53984e+08
       7930.00   1.52484e+08
       7950.00   1.51062e+08
       7970.00   1.49474e+08
       7990.00   1.48184e+08
       8010.00   1.46705e+08
       8030.00   1.45239e+08
       8050.00   1.43989e+08
       8070.00   1.42669e+08
       8090.00   1.41210e+08
       8110.00   1.39822e+08
       8130.00   1.38679e+08
       8150.00   1.37262e+08
       8170.00   1.35992e+08
       8190.00   1.34380e+08
       8210.00   1.29746e+08
       8230.00   1.28043e+08
       8250.00   1.27456e+08
       8270.00   1.26124e+08
       8290.00   1.25182e+08
       8310.00   1.24171e+08
       8330.00   1.23076e+08
       8350.00   1.22012e+08
       8370.00   1.22257e+08
       8390.00   1.21798e+08
       8410.00   1.20634e+08
       8430.00   1.20062e+08
       8450.00   1.18750e+08
       8470.00   1.17655e+08
       8490.00   1.16819e+08
       8510.00   1.14933e+08
       8530.00   1.14949e+08
       8550.00   1.12428e+08
       8570.00   1.13586e+08
       8590.00   1.10490e+08
       8610.00   1.09677e+08
       8630.00   1.11102e+08
       8650.00   1.09002e+08
       8670.00   1.04651e+08
       8690.00   1.08061e+08
       8710.00   1.07565e+08
       8730.00   1.05724e+08
       8750.00   1.00060e+08
       8770.00   1.03199e+08
       8790.00   1.03983e+08
       8810.00   1.03138e+08
       8830.00   1.02091e+08
       8850.00   9.89271e+07
       8870.00   9.43156e+07
       8890.00   9.91304e+07
       8910.00   9.88235e+07
       8930.00   9.78050e+07
       8950.00   9.71332e+07
       8970.00   9.63681e+07
       8990.00   9.45274e+07
       9010.00   8.87158e+07
       9030.00   9.09659e+07
       9050.00   9.28872e+07
       9070.00   9.19422e+07
       9090.00   9.14742e+07
       9110.00   9.06645e+07
       9130.00   9.00824e+07
       9150.00   8.93381e+07
       9170.00   8.84649e+07
       9190.00   8.76922e+07
       9210.00   8.56330e+07
       9230.00   7.93190e+07
       9250.00   8.42952e+07
       9270.00   8.47560e+07
       9290.00   8.41863e+07
       9310.00   8.33643e+07
       9330.00   8.28038e+07
       9350.00   8.11873e+07
       9370.00   8.12059e+07
       9390.00   8.07919e+07
       9410.00   8.00362e+07
       9430.00   7.94217e+07
       9450.00   7.88074e+07
       9470.00   7.79876e+07
       9490.00   7.75003e+07
       9510.00   7.63749e+07
       9530.00   7.46609e+07
       9550.00   6.93132e+07
       9570.00   7.42355e+07
       9590.00   7.43604e+07
       9610.00   7.37575e+07
       9630.00   7.30615e+07
       9650.00   7.26821e+07
       9670.00   7.21159e+07
       9690.00   7.15176e+07
       9710.00   7.00006e+07
       9730.00   7.02543e+07
       9750.00   6.98435e+07
       9770.00   6.90882e+07
       9790.00   6.87433e+07
       9810.00   6.81971e+07
       9830.00   6.76469e+07
       9850.00   6.71201e+07
       9870.00   6.65970e+07
       9890.00   6.60468e+07
       9910.00   6.54851e+07
       9930.00   6.50573e+07
       9950.00   6.45563e+07
       9970.00   6.40398e+07
       9990.00   6.35571e+07
       10025.0   6.14273e+07
       10075.0   5.96463e+07
       10125.0   5.95952e+07
       10175.0   5.91856e+07
       10225.0   5.80497e+07
       10275.0   5.69544e+07
       10325.0   5.57574e+07
       10375.0   5.48678e+07
       10425.0   5.37743e+07
       10475.0   5.28638e+07
       10525.0   5.18867e+07
       10575.0   5.09424e+07
       10625.0   5.00135e+07
       10675.0   4.90767e+07
       10725.0   4.82271e+07
       10775.0   4.73588e+07
       10825.0   4.61860e+07
       10875.0   4.56636e+07
       10925.0   4.28351e+07
       10975.0   4.36936e+07
       11025.0   4.32176e+07
       11075.0   4.25549e+07
       11125.0   4.18110e+07
       11175.0   4.10999e+07
       11225.0   4.03787e+07
       11275.0   3.96925e+07
       11325.0   3.90020e+07
       11375.0   3.83425e+07
       11425.0   3.76960e+07
       11475.0   3.70592e+07
       11525.0   3.64405e+07
       11575.0   3.58199e+07
       11625.0   3.50246e+07
       11675.0   3.45456e+07
       11725.0   3.40707e+07
       11775.0   3.35102e+07
       11825.0   3.29473e+07
       11875.0   3.24166e+07
       11925.0   3.18884e+07
       11975.0   3.11997e+07
       12025.0   3.08678e+07
       12075.0   3.03672e+07
       12125.0   2.98739e+07
       12175.0   2.94079e+07
       12225.0   2.89384e+07
       12275.0   2.84806e+07
       12325.0   2.80293e+07
       12375.0   2.75892e+07
       12425.0   2.71602e+07
       12475.0   2.67347e+07
       12525.0   2.62888e+07
       12575.0   2.59062e+07
       12625.0   2.55123e+07
       12675.0   2.51215e+07
       12725.0   2.47360e+07
       12775.0   2.41365e+07
       12825.0   2.28772e+07
       12875.0   2.35880e+07
       12925.0   2.32728e+07
       12975.0   2.28588e+07
       13025.0   2.25749e+07
       13075.0   2.22439e+07
       13125.0   2.19129e+07
       13175.0   2.15887e+07
       13225.0   2.12707e+07
       13275.0   2.09583e+07
       13325.0   2.06505e+07
       13375.0   2.03489e+07
       13425.0   2.00446e+07
       13475.0   1.97625e+07
       13525.0   1.94758e+07
       13575.0   1.91991e+07
       13625.0   1.89219e+07
       13675.0   1.86540e+07
       13725.0   1.83810e+07
       13775.0   1.81283e+07
       13825.0   1.78724e+07
       13875.0   1.76207e+07
       13925.0   1.73701e+07
       13975.0   1.71307e+07
       14025.0   1.68877e+07
       14075.0   1.66578e+07
       14125.0   1.64262e+07
       14175.0   1.61996e+07
       14225.0   1.59785e+07
       14275.0   1.57588e+07
       14325.0   1.55437e+07
       14375.0   1.53322e+07
       14425.0   1.51253e+07
       14475.0   1.49212e+07
       14525.0   1.47199e+07
       14570.0   1.45420e+07
       14620.0   1.43500e+07
       14675.0   1.41403e+07
       14725.0   1.39520e+07
       14775.0   1.37176e+07
       14825.0   1.35868e+07
       14875.0   1.34084e+07
       14925.0   1.32322e+07
       14975.0   1.30584e+07
       15025.0   1.28862e+07
       15075.0   1.27026e+07
       15125.0   1.25486e+07
       15175.0   1.23811e+07
       15225.0   1.22195e+07
       15275.0   1.20553e+07
       15325.0   1.18955e+07
       15375.0   1.17553e+07
       15425.0   1.15793e+07
       15475.0   1.14593e+07
       15525.0   1.13112e+07
       15575.0   1.11233e+07
       15625.0   1.10639e+07
       15675.0   1.08679e+07
       15725.0   1.06976e+07
       15775.0   1.06723e+07
       15825.0   1.05275e+07
       15875.0   1.02400e+07
       15925.0   1.02355e+07
       15975.0   1.01707e+07
       16050.0   9.94611e+06
       16150.0   9.62270e+06
       16250.0   9.50862e+06
       16350.0   9.23680e+06
       16450.0   8.92617e+06
       16550.0   8.84586e+06
       16650.0   8.63814e+06
       16750.0   8.38894e+06
       16850.0   8.09833e+06
       16950.0   8.05013e+06
       17050.0   7.84038e+06
       17150.0   7.68620e+06
       17250.0   7.51163e+06
       17350.0   7.16585e+06
       17450.0   7.16598e+06
       17550.0   7.01716e+06
       17650.0   6.86132e+06
       17750.0   6.70961e+06
       17850.0   6.56193e+06
       17950.0   6.41910e+06
       18050.0   6.27960e+06
       18150.0   5.99251e+06
       18250.0   5.99115e+06
       18350.0   5.88340e+06
       18450.0   5.75816e+06
       18550.0   5.63427e+06
       18650.0   5.46116e+06
       18750.0   5.24907e+06
       18850.0   5.28948e+06
       18950.0   5.17988e+06
       19050.0   5.06252e+06
       19150.0   4.96952e+06
       19250.0   4.86810e+06
       19350.0   4.76590e+06
       19450.0   4.53537e+06
       19550.0   4.57278e+06
       19650.0   4.48743e+06
       19750.0   4.39806e+06
       19850.0   4.31083e+06
       19950.0   4.22579e+06
       20050.0   4.14307e+06
       20150.0   4.06225e+06
       20250.0   3.98336e+06
       20350.0   3.90638e+06
       20450.0   3.83043e+06
       20550.0   3.75319e+06
       20650.0   3.68618e+06
       20750.0   3.61591e+06
       20850.0   3.54795e+06
       20950.0   3.48128e+06
       21050.0   3.41615e+06
       21150.0   3.34425e+06
       21250.0   3.29049e+06
       21350.0   3.22974e+06
       21450.0   3.16989e+06
       21550.0   3.11101e+06
       21650.0   2.95912e+06
       21750.0   2.99616e+06
       21850.0   2.94537e+06
       21950.0   2.89349e+06
       22050.0   2.84181e+06
       22150.0   2.79118e+06
       22250.0   2.74157e+06
       22350.0   2.69341e+06
       22450.0   2.64607e+06
       22550.0   2.59983e+06
       22650.0   2.55453e+06
       22750.0   2.51029e+06
       22850.0   2.47141e+06
       22950.0   2.42939e+06
       23050.0   2.38751e+06
       23150.0   2.34710e+06
       23250.0   2.30723e+06
       23350.0   2.26824e+06
       23450.0   2.23002e+06
       23550.0   2.19265e+06
       23650.0   2.15603e+06
       23750.0   2.11941e+06
       23850.0   2.08094e+06
       23950.0   2.04639e+06
       24050.0   2.01254e+06
       24150.0   1.97860e+06
       24250.0   1.94598e+06
       24350.0   1.91471e+06
       24450.0   1.88295e+06
       24550.0   1.85489e+06
       24650.0   1.82276e+06
       24750.0   1.79281e+06
       24850.0   1.76932e+06
       24950.0   1.73422e+06
       25050.0   1.71542e+06
       25150.0   1.68739e+06
       25250.0   1.65148e+06
       25350.0   1.63379e+06
       25450.0   1.61068e+06
       25550.0   1.58332e+06
       25650.0   1.54816e+06
       25750.0   1.53581e+06
       25850.0   1.51375e+06
       25950.0   1.49069e+06
       26050.0   1.46311e+06
       26150.0   1.42693e+06
       26250.0   1.37601e+06
       26350.0   1.40004e+06
       26450.0   1.38161e+06
       26550.0   1.36021e+06
       26650.0   1.33846e+06
       26750.0   1.30183e+06
       26850.0   1.29868e+06
       26950.0   1.28242e+06
       27050.0   1.26364e+06
       27150.0   1.24520e+06
       27250.0   1.22710e+06
       27350.0   1.20933e+06
       27450.0   1.19133e+06
       27550.0   1.15575e+06
       27650.0   1.15115e+06
       27750.0   1.14140e+06
       27850.0   1.12516e+06
       27950.0   1.10921e+06
       28050.0   1.09356e+06
       28150.0   1.07815e+06
       28250.0   1.06302e+06
       28350.0   1.04818e+06
       28450.0   1.03356e+06
       28550.0   1.01899e+06
       28650.0   1.00092e+06
       28750.0       969489.
       28850.0       976721.
       28950.0       964276.
       29050.0       951131.
       29150.0       938188.
       29250.0       925443.
       29350.0       912937.
       29450.0       900667.
       29550.0       888584.
       29650.0       876687.
       29750.0       865014.
       29850.0       853520.
       29950.0       842202.
       30050.0       831099.
       30150.0       820125.
       30250.0       809236.
       30350.0       782194.
       30450.0       779991.
       30550.0       778162.
       30650.0       768040.
       30750.0       758112.
       30850.0       748337.
       30950.0       738829.
       31050.0       729349.
       31150.0       720092.
       31250.0       710939.
       31350.0       701926.
       31450.0       693089.
       31550.0       684350.
       31650.0       675745.
       31750.0       667310.
       31850.0       659004.
       31950.0       650788.
       32100.0       638761.
       32300.0       623112.
       32500.0       607940.
       32700.0       593234.
       32900.0       568501.
       33100.0       564196.
       33300.0       552208.
       33500.0       539222.
       33700.0       526538.
       33900.0       514246.
       34100.0       502303.
       34300.0       490730.
       34500.0       479455.
       34700.0       468500.
       34900.0       457888.
       35100.0       447547.
       35300.0       437502.
       35500.0       427743.
       35700.0       418087.
       35900.0       408998.
       36100.0       399680.
       36300.0       391286.
       36500.0       382259.
       36700.0       374524.
       36900.0       365660.
       37100.0       358253.
       37300.0       347949.
       37500.0       338140.
       37700.0       336364.
       37900.0       329335.
       38100.0       321682.
       38300.0       315198.
       38500.0       309289.
       38700.0       302956.
       38900.0       296587.
       39100.0       289175.
       39300.0       284873.
       39500.0       279146.
       39700.0       273568.
       39900.0       268111.
       40100.0       261906.
       40300.0       255972.
       40500.0       247823.
       40700.0       247645.
       40900.0       242842.
       41100.0       238143.
       41300.0       233412.
       41500.0       229002.
       41700.0       222543.
       41900.0       220316.
       42100.0       216294.
       42300.0       212232.
       42500.0       208195.
       42700.0       204386.
       42900.0       200366.
       43100.0       196896.
       43300.0       193279.
       43500.0       189742.
       43700.0       184251.
       43900.0       182406.
       44100.0       179616.
       44300.0       176393.
       44500.0       173240.
       44700.0       170253.
       44900.0       167235.
       45100.0       164283.
       45300.0       161400.
       45500.0       158575.
       45700.0       155814.
       45900.0       153113.
       46100.0       150438.
       46300.0       147878.
       46500.0       142000.
       46700.0       140401.
       46900.0       140151.
       47100.0       138072.
       47300.0       135749.
       47500.0       133471.
       47700.0       131244.
       47900.0       129062.
       48100.0       126925.
       48300.0       124831.
       48500.0       122782.
       48700.0       120773.
       48900.0       118804.
       49100.0       116877.
       49300.0       114988.
       49500.0       113137.
       49700.0       111322.
       49900.0       109545.
       50100.0       107802.
       50300.0       106093.
       50500.0       104418.
       50700.0       102776.
       50900.0       101166.
       51100.0       99467.0
       51300.0       96060.4
       51500.0       96460.6
       51700.0       95032.1
       51900.0       93572.5
       52100.0       92140.7
       52300.0       90734.9
       52500.0       89356.0
       52700.0       88003.6
       52900.0       86675.7
       53100.0       85374.6
       53300.0       84096.0
       53500.0       82841.9
       53700.0       81610.6
       53900.0       80401.8
       54100.0       79216.4
       54300.0       78051.2
       54500.0       76908.7
       54700.0       75785.8
       54900.0       74683.4
       55100.0       73601.2
       55300.0       72538.8
       55500.0       71495.9
       55700.0       70471.0
       55900.0       69463.7
       56100.0       68474.9
       56300.0       67504.3
       56500.0       66549.3
       56700.0       65611.9
       56900.0       64690.7
       57100.0       63786.5
       57300.0       62896.8
       57500.0       62023.6
       57700.0       61164.4
       57900.0       60320.1
       58100.0       59491.4
       58300.0       58676.1
       58500.0       57894.7
       58700.0       57106.1
       58900.0       56234.7
       59100.0       54217.4
       59300.0       54782.2
       59500.0       54084.7
       59700.0       53361.4
       59900.0       52648.7
       60100.0       51949.4
       60300.0       51259.4
       60500.0       50582.4
       60700.0       49917.3
       60900.0       49261.9
       61100.0       48617.0
       61300.0       47982.5
       61500.0       47359.1
       61700.0       46745.8
       61900.0       46141.4
       62100.0       45547.7
       62300.0       44962.6
       62500.0       44387.9
       62700.0       43821.5
       62900.0       43264.3
       63100.0       42716.1
       63300.0       42175.8
       63500.0       41645.2
       63700.0       41122.3
       63900.0       40606.9
       64200.0       39849.9
       64600.0       38867.7
       65000.0       37914.7
       65400.0       36991.7
       65800.0       36096.0
       66200.0       35227.0
       66600.0       34384.7
       67000.0       33566.7
       67400.0       32773.1
       67800.0       32002.3
       68200.0       31254.6
       68600.0       30527.8
       69000.0       29822.7
       69400.0       29137.3
       69800.0       28471.8
       70200.0       27824.9
       70600.0       27196.1
       71000.0       26585.6
       71400.0       25991.5
       71800.0       25414.1
       72200.0       24852.8
       72600.0       24306.7
       73000.0       23775.2
       73400.0       23258.1
       73800.0       22754.9
       74200.0       22240.6
       74600.0       21479.4
       75000.0       20966.3
       75400.0       20873.7
       75800.0       20434.9
       76200.0       20006.9
       76600.0       19589.8
       77000.0       19184.1
       77400.0       18788.2
       77800.0       18402.6
       78200.0       18026.9
       78600.0       17660.3
       79000.0       17303.9
       79400.0       16955.5
       79800.0       16616.1
       80200.0       16285.1
       80600.0       15962.6
       81000.0       15647.4
       81400.0       15340.5
       81800.0       15041.1
       82200.0       14748.4
       82600.0       14462.9
       83000.0       14184.4
       83400.0       13912.7
       83800.0       13647.7
       84200.0       13388.2
       84600.0       13135.5
       85000.0       12888.1
       85400.0       12646.8
       85800.0       12411.4
       86200.0       12180.9
       86600.0       11956.1
       87000.0       11736.4
       87400.0       11521.7
       87800.0       11311.9
       88200.0       11106.4
       88600.0       10906.0
       89000.0       10710.3
       89400.0       10518.5
       89800.0       10331.1
       90200.0       10148.0
       90600.0       9968.60
       91000.0       9793.35
       91400.0       9621.69
       91800.0       9453.98
       92200.0       9290.14
       92600.0       9129.65
       93000.0       8972.45
       93400.0       8818.46
       93800.0       8668.05
       94200.0       8520.72
       94600.0       8376.41
       95000.0       8235.47
       95400.0       8097.02
       95800.0       7961.81
       96200.0       7829.38
       96600.0       7699.68
       97000.0       7572.65
       97400.0       7447.83
       97800.0       7325.98
       98200.0       7206.65
       98600.0       7089.40
       99000.0       6974.95
       99400.0       6862.50
       99800.0       6752.37
       100200.       6644.16
       200000.       408.413
       400000.       24.7512
       600000.       4.79724
       800000.       1.49721
   1.00000e+06      0.606837
   1.20000e+06      0.290187
   1.40000e+06      0.155538
   1.60000e+06     0.0906287
