       90.9000   1.20317e-05
       93.5000   3.51325e-05
       96.1000   9.58020e-05
       97.7000   0.000175611
       99.6000   0.000348029
       102.000   0.000796334
       103.800    0.00144613
       105.600    0.00257308
       107.700    0.00491793
       110.400     0.0109030
       114.000     0.0296984
       117.800     0.0799594
       121.300      0.188707
       124.800      0.423146
       127.100      0.702043
       128.400      0.927444
       130.500       1.43335
       132.400       2.09809
       133.900       2.82024
       136.600       4.68744
       139.800       8.45001
       143.300       15.4522
       147.200       28.6949
       151.000       53.2307
       155.200       99.0834
       158.800       165.004
       162.000       262.681
       166.000       444.554
       170.300       746.015
       173.400       1065.76
       176.800       1592.58
       180.200       2318.71
       181.700       2664.68
       186.100       4307.69
       191.000       6954.04
       193.900       9299.72
       198.400       14045.1
       201.800       18611.1
       205.000       24838.7
       210.500       39000.9
       216.200       60294.7
       219.800       79507.0
       223.000       99423.1
       226.800       129787.
       230.000   3.40339e+07
       234.000   1.42605e+08
       240.000   1.94834e+08
       246.500   2.84534e+08
       252.400   6.90590e+08
       256.800   1.46285e+09
       260.000   1.76617e+09
       264.000   1.27798e+10
       268.500   1.66406e+10
       273.500   1.88878e+10
       278.500   1.12817e+10
       284.000   2.50230e+10
       290.000   3.43264e+10
       296.000   2.68677e+10
       301.000   2.47787e+10
       308.000   4.19048e+10
       318.000   4.44928e+10
       328.000   5.20428e+10
       338.000   5.07137e+10
       348.000   4.76979e+10
       357.000   8.34311e+10
       366.000   1.50593e+11
       375.000   1.49240e+11
       385.000   1.11724e+11
       395.000   1.81198e+11
       405.000   2.30758e+11
       414.000   2.27033e+11
       422.000   2.02670e+11
       430.000   1.90474e+11
       441.000   2.24065e+11
       451.000   2.29519e+11
       460.000   1.96893e+11
       470.000   1.98717e+11
       480.000   2.23962e+11
       490.000   1.81665e+11
       500.000   2.27982e+11
       506.000   1.81438e+11
       512.000   2.56913e+11
       520.000   2.38090e+11
       530.000   2.17361e+11
       540.000   1.73702e+11
       550.000   1.59049e+11
       560.000   2.07790e+11
       570.000   2.27418e+11
       580.000   2.20114e+11
       590.000   2.18787e+11
       600.000   1.86032e+11
       610.000   1.66669e+11
       620.000   2.07653e+11
       630.000   1.90283e+11
       640.000   2.08471e+11
       650.000   1.95026e+11
       658.000   1.77879e+11
       665.000   1.97010e+11
       675.000   1.99881e+11
       685.000   1.75782e+11
       695.000   1.89603e+11
       705.000   1.58492e+11
       716.000   1.84237e+11
       726.000   1.84107e+11
       735.000   1.81264e+11
       745.000   1.71904e+11
       755.000   1.66924e+11
       765.000   1.46180e+11
       775.000   1.59034e+11
       785.000   1.37756e+11
       795.000   1.47861e+11
       805.000   1.51826e+11
       815.000   1.50085e+11
       825.000   1.47670e+11
       835.000   1.24259e+11
       845.000   1.40963e+11
       855.000   1.35057e+11
       865.000   1.36856e+11
       875.000   1.34538e+11
       885.000   1.30673e+11
       895.000   1.28221e+11
       905.000   1.24216e+11
       915.000   1.03908e+11
       925.000   1.45774e+11
       935.000   1.91790e+11
       945.000   2.23340e+11
       955.000   2.44909e+11
       965.000   2.61613e+11
       975.000   1.89525e+11
       985.000   2.31205e+11
       995.000   2.04738e+11
       1005.00   2.07305e+11
       1015.00   2.12079e+11
       1025.00   1.81426e+11
       1035.00   2.11403e+11
       1045.00   2.16894e+11
       1055.00   2.10277e+11
       1065.00   1.96811e+11
       1075.00   1.98594e+11
       1085.00   1.81535e+11
       1095.00   1.88820e+11
       1105.00   1.81950e+11
       1115.00   1.77989e+11
       1125.00   1.69382e+11
       1135.00   1.71341e+11
       1145.00   1.69181e+11
       1155.00   1.59178e+11
       1165.00   1.50145e+11
       1175.00   1.32797e+11
       1185.00   1.41989e+11
       1195.00   1.35011e+11
       1205.00   1.32520e+11
       1215.00   1.10024e+11
       1225.00   1.23790e+11
       1235.00   1.21119e+11
       1245.00   1.18002e+11
       1255.00   1.19844e+11
       1265.00   1.19087e+11
       1275.00   1.17838e+11
       1285.00   1.16257e+11
       1295.00   1.14412e+11
       1305.00   1.10208e+11
       1315.00   1.09682e+11
       1325.00   1.06930e+11
       1335.00   1.05017e+11
       1345.00   1.02992e+11
       1355.00   9.86031e+10
       1365.00   9.45696e+10
       1375.00   9.06106e+10
       1385.00   9.00021e+10
       1395.00   7.21780e+10
       1405.00   5.70146e+10
       1415.00   8.64181e+10
       1425.00   8.10723e+10
       1435.00   8.36382e+10
       1442.00   8.01051e+10
       1447.00   7.96820e+10
       1455.00   7.73863e+10
       1465.00   7.67881e+10
       1475.00   7.54162e+10
       1485.00   7.56220e+10
       1495.00   7.34271e+10
       1505.00   7.24878e+10
       1512.00   7.17572e+10
       1517.00   7.01554e+10
       1525.00   6.95557e+10
       1535.00   6.42795e+10
       1545.00   5.14239e+10
       1555.00   5.34709e+10
       1565.00   5.95545e+10
       1575.00   6.04014e+10
       1585.00   5.90733e+10
       1595.00   5.88102e+10
       1605.00   5.59767e+10
       1615.00   5.42760e+10
       1625.00   5.41479e+10
       1635.00   5.34636e+10
       1645.00   5.11533e+10
       1655.00   5.27652e+10
       1665.00   5.16834e+10
       1672.00   4.91453e+10
       1677.00   5.22391e+10
       1685.00   5.11724e+10
       1695.00   5.03776e+10
       1705.00   4.88683e+10
       1715.00   4.70922e+10
       1725.00   4.60401e+10
       1735.00   4.67912e+10
       1745.00   4.60313e+10
       1755.00   4.48991e+10
       1765.00   4.40930e+10
       1775.00   4.31169e+10
       1785.00   4.29603e+10
       1795.00   4.16949e+10
       1805.00   4.10145e+10
       1815.00   4.02939e+10
       1825.00   3.94746e+10
       1835.00   3.90232e+10
       1845.00   3.84187e+10
       1855.00   3.78370e+10
       1865.00   3.73132e+10
       1875.00   3.63301e+10
       1885.00   3.56223e+10
       1895.00   3.55736e+10
       1905.00   3.49945e+10
       1915.00   3.43803e+10
       1925.00   3.29535e+10
       1935.00   3.33604e+10
       1945.00   3.28509e+10
       1955.00   3.18021e+10
       1967.00   3.15457e+10
       1976.00   3.10168e+10
       1984.00   3.07729e+10
       1995.00   3.01506e+10
       2005.00   2.97671e+10
       2015.00   2.92599e+10
       2025.00   2.87824e+10
       2035.00   2.82128e+10
       2045.00   2.76132e+10
       2055.00   2.05483e+10
       2065.00   2.20222e+10
       2074.00   2.63314e+10
       2078.00   2.65826e+10
       2085.00   2.63810e+10
       2095.00   2.60036e+10
       2105.00   2.54179e+10
       2115.00   2.54417e+10
       2125.00   2.48599e+10
       2135.00   2.46251e+10
       2145.00   2.41496e+10
       2155.00   2.39811e+10
       2165.00   2.28688e+10
       2175.00   2.32491e+10
       2185.00   2.24828e+10
       2195.00   2.26193e+10
       2205.00   2.22271e+10
       2215.00   2.13995e+10
       2225.00   2.15272e+10
       2235.00   2.12189e+10
       2245.00   2.08561e+10
       2255.00   2.01448e+10
       2265.00   2.02280e+10
       2275.00   1.99880e+10
       2285.00   1.95082e+10
       2295.00   1.90861e+10
       2305.00   1.85705e+10
       2315.00   1.86087e+10
       2325.00   1.84705e+10
       2335.00   1.82118e+10
       2345.00   1.78657e+10
       2355.00   1.75309e+10
       2365.00   1.72549e+10
       2375.00   1.69062e+10
       2385.00   1.60574e+10
       2395.00   1.63492e+10
       2405.00   1.61210e+10
       2415.00   1.59491e+10
       2425.00   1.58562e+10
       2435.00   1.55687e+10
       2445.00   1.53773e+10
       2455.00   1.50654e+10
       2465.00   1.49372e+10
       2475.00   1.47946e+10
       2485.00   1.44861e+10
       2495.00   1.32348e+10
       2505.00   1.40491e+10
       2513.00   1.29445e+10
       2518.00   1.35854e+10
       2525.00   1.35917e+10
       2535.00   1.35562e+10
       2545.00   1.33946e+10
       2555.00   1.31872e+10
       2565.00   1.30199e+10
       2575.00   1.28298e+10
       2585.00   1.26642e+10
       2595.00   1.23150e+10
       2605.00   1.23228e+10
       2615.00   1.20640e+10
       2625.00   1.19991e+10
       2635.00   1.18561e+10
       2645.00   1.16584e+10
       2655.00   1.15360e+10
       2665.00   1.13673e+10
       2675.00   1.11067e+10
       2685.00   1.10413e+10
       2695.00   1.08760e+10
       2705.00   1.08117e+10
       2715.00   1.06423e+10
       2725.00   1.05014e+10
       2735.00   1.00057e+10
       2745.00   1.02564e+10
       2755.00   1.01042e+10
       2765.00   9.97801e+09
       2775.00   9.84557e+09
       2785.00   9.67396e+09
       2795.00   9.51950e+09
       2805.00   9.45797e+09
       2815.00   9.34621e+09
       2825.00   9.21029e+09
       2835.00   9.11590e+09
       2845.00   9.01888e+09
       2855.00   8.90081e+09
       2865.00   8.74837e+09
       2875.00   8.64113e+09
       2885.00   8.56096e+09
       2895.00   8.45068e+09
       2910.00   8.29349e+09
       2930.00   8.10869e+09
       2950.00   7.90734e+09
       2970.00   7.69443e+09
       2990.00   7.48269e+09
       3010.00   7.31040e+09
       3030.00   7.10219e+09
       3050.00   6.96643e+09
       3070.00   6.78762e+09
       3090.00   6.66531e+09
       3110.00   6.51637e+09
       3130.00   6.35645e+09
       3150.00   6.22967e+09
       3170.00   6.08158e+09
       3190.00   5.95040e+09
       3210.00   5.70245e+09
       3230.00   5.69380e+09
       3250.00   5.57187e+09
       3270.00   5.39681e+09
       3290.00   5.31434e+09
       3310.00   5.19530e+09
       3330.00   5.08076e+09
       3350.00   4.94139e+09
       3370.00   4.85737e+09
       3390.00   4.75400e+09
       3410.00   4.64980e+09
       3430.00   4.56820e+09
       3450.00   4.44480e+09
       3470.00   4.37400e+09
       3490.00   4.28690e+09
       3510.00   4.20608e+09
       3530.00   4.11048e+09
       3550.00   4.02812e+09
       3570.00   3.94883e+09
       3590.00   3.86783e+09
       3610.00   3.78462e+09
       3630.00   3.70672e+09
       3640.00   3.59483e+09
       3650.00   3.65433e+09
       3670.00   3.57518e+09
       3690.00   3.49530e+09
       3710.00   3.37259e+09
       3730.00   3.29807e+09
       3750.00   3.22709e+09
       3770.00   3.15318e+09
       3790.00   3.13651e+09
       3810.00   3.14701e+09
       3830.00   2.97400e+09
       3850.00   3.07738e+09
       3870.00   3.05849e+09
       3890.00   2.76422e+09
       3910.00   2.96567e+09
       3930.00   2.90093e+09
       3950.00   2.84313e+09
       3970.00   2.54518e+09
       3990.00   2.74406e+09
       4010.00   2.70808e+09
       4030.00   2.63743e+09
       4050.00   2.61535e+09
       4070.00   2.55719e+09
       4090.00   2.43540e+09
       4110.00   2.27794e+09
       4130.00   2.41695e+09
       4150.00   2.38102e+09
       4170.00   2.34437e+09
       4190.00   2.30251e+09
       4210.00   2.24201e+09
       4230.00   2.22591e+09
       4250.00   2.18498e+09
       4270.00   2.14700e+09
       4290.00   2.10922e+09
       4310.00   2.06556e+09
       4330.00   1.95847e+09
       4350.00   1.86015e+09
       4370.00   1.95835e+09
       4390.00   1.91985e+09
       4410.00   1.89096e+09
       4430.00   1.86525e+09
       4450.00   1.83155e+09
       4470.00   1.79150e+09
       4490.00   1.77373e+09
       4510.00   1.73656e+09
       4530.00   1.70966e+09
       4550.00   1.65972e+09
       4570.00   1.65690e+09
       4590.00   1.62887e+09
       4610.00   1.60457e+09
       4630.00   1.57127e+09
       4650.00   1.52426e+09
       4670.00   1.52349e+09
       4690.00   1.44563e+09
       4710.00   1.48007e+09
       4730.00   1.46101e+09
       4750.00   1.43798e+09
       4770.00   1.41497e+09
       4790.00   1.39163e+09
       4810.00   1.37040e+09
       4830.00   1.34662e+09
       4850.00   1.29125e+09
       4870.00   1.20822e+09
       4890.00   1.28241e+09
       4910.00   1.26637e+09
       4930.00   1.24361e+09
       4950.00   1.22905e+09
       4970.00   1.21080e+09
       4990.00   1.19282e+09
       5010.00   1.17073e+09
       5030.00   1.15609e+09
       5050.00   1.13852e+09
       5070.00   1.12230e+09
       5090.00   1.10611e+09
       5110.00   1.08976e+09
       5130.00   1.07344e+09
       5150.00   1.05762e+09
       5170.00   1.04234e+09
       5190.00   1.02718e+09
       5210.00   1.01201e+09
       5230.00   9.97700e+08
       5250.00   9.82144e+08
       5270.00   9.67216e+08
       5290.00   9.55272e+08
       5310.00   9.41609e+08
       5330.00   9.28045e+08
       5350.00   9.15117e+08
       5370.00   9.02147e+08
       5390.00   8.89409e+08
       5410.00   8.59392e+08
       5430.00   8.64713e+08
       5450.00   8.52734e+08
       5470.00   8.40718e+08
       5490.00   8.29229e+08
       5510.00   8.16867e+08
       5530.00   8.06559e+08
       5550.00   7.95558e+08
       5570.00   7.84270e+08
       5590.00   7.71494e+08
       5610.00   7.63537e+08
       5630.00   7.53214e+08
       5650.00   7.43040e+08
       5670.00   7.33050e+08
       5690.00   7.11173e+08
       5710.00   7.10209e+08
       5730.00   7.04491e+08
       5750.00   6.94870e+08
       5770.00   6.86169e+08
       5790.00   6.77290e+08
       5810.00   6.62758e+08
       5830.00   6.58297e+08
       5850.00   6.51117e+08
       5870.00   6.36695e+08
       5890.00   6.33790e+08
       5910.00   6.26401e+08
       5930.00   6.18230e+08
       5950.00   6.10228e+08
       5970.00   6.02373e+08
       5990.00   5.96058e+08
       6010.00   5.87007e+08
       6030.00   5.79297e+08
       6050.00   5.73507e+08
       6070.00   5.64714e+08
       6090.00   5.59355e+08
       6110.00   5.51259e+08
       6130.00   5.44570e+08
       6150.00   5.38603e+08
       6170.00   5.29991e+08
       6190.00   5.25500e+08
       6210.00   5.19034e+08
       6230.00   5.10494e+08
       6250.00   5.06364e+08
       6270.00   5.00178e+08
       6290.00   4.94136e+08
       6310.00   4.85814e+08
       6330.00   4.82241e+08
       6350.00   4.76340e+08
       6370.00   4.70689e+08
       6390.00   4.64933e+08
       6410.00   4.57113e+08
       6430.00   4.54037e+08
       6450.00   4.48364e+08
       6470.00   4.42959e+08
       6490.00   4.37908e+08
       6510.00   4.32563e+08
       6530.00   4.24714e+08
       6550.00   4.15986e+08
       6561.25   3.85285e+08
       6590.00   4.11680e+08
       6610.00   4.08227e+08
       6630.00   4.03548e+08
       6650.00   3.98893e+08
       6670.00   3.92592e+08
       6690.00   3.85610e+08
       6710.00   3.84804e+08
       6730.00   3.80674e+08
       6750.00   3.76296e+08
       6770.00   3.72252e+08
       6790.00   3.68133e+08
       6810.00   3.63976e+08
       6830.00   3.59885e+08
       6850.00   3.55827e+08
       6870.00   3.51803e+08
       6890.00   3.45217e+08
       6910.00   3.44042e+08
       6930.00   3.40270e+08
       6950.00   3.36505e+08
       6970.00   3.32793e+08
       6990.00   3.29133e+08
       7010.00   3.25525e+08
       7030.00   3.21564e+08
       7050.00   3.18226e+08
       7070.00   3.13542e+08
       7090.00   3.11573e+08
       7110.00   3.08071e+08
       7130.00   3.04738e+08
       7150.00   3.01598e+08
       7170.00   2.96261e+08
       7190.00   2.94579e+08
       7210.00   2.92012e+08
       7230.00   2.88900e+08
       7250.00   2.85838e+08
       7270.00   2.82807e+08
       7290.00   2.79414e+08
       7310.00   2.76668e+08
       7330.00   2.73968e+08
       7350.00   2.71098e+08
       7370.00   2.68158e+08
       7390.00   2.65377e+08
       7410.00   2.62595e+08
       7430.00   2.59982e+08
       7450.00   2.57041e+08
       7470.00   2.54593e+08
       7490.00   2.51596e+08
       7510.00   2.49310e+08
       7530.00   2.46864e+08
       7550.00   2.44316e+08
       7570.00   2.41817e+08
       7590.00   2.36738e+08
       7610.00   2.36816e+08
       7630.00   2.34534e+08
       7650.00   2.32176e+08
       7670.00   2.29866e+08
       7690.00   2.27270e+08
       7710.00   2.25135e+08
       7730.00   2.22730e+08
       7750.00   2.20666e+08
       7770.00   2.18639e+08
       7790.00   2.16432e+08
       7810.00   2.14318e+08
       7830.00   2.12180e+08
       7850.00   2.09767e+08
       7870.00   2.07930e+08
       7890.00   2.05975e+08
       7910.00   2.04020e+08
       7930.00   2.02051e+08
       7950.00   2.00053e+08
       7970.00   1.97953e+08
       7990.00   1.96219e+08
       8010.00   1.94319e+08
       8030.00   1.92330e+08
       8050.00   1.90602e+08
       8070.00   1.88791e+08
       8090.00   1.86966e+08
       8110.00   1.85175e+08
       8130.00   1.83444e+08
       8150.00   1.81671e+08
       8170.00   1.79806e+08
       8190.00   1.77402e+08
       8210.00   1.67987e+08
       8230.00   1.65431e+08
       8250.00   1.64818e+08
       8270.00   1.63366e+08
       8290.00   1.61937e+08
       8310.00   1.60537e+08
       8330.00   1.59164e+08
       8350.00   1.57862e+08
       8370.00   1.57776e+08
       8390.00   1.56602e+08
       8410.00   1.56316e+08
       8430.00   1.57091e+08
       8450.00   1.55546e+08
       8470.00   1.54282e+08
       8490.00   1.54628e+08
       8510.00   1.53111e+08
       8530.00   1.51788e+08
       8550.00   1.50234e+08
       8570.00   1.49154e+08
       8590.00   1.47234e+08
       8610.00   1.46246e+08
       8630.00   1.45478e+08
       8650.00   1.43683e+08
       8670.00   1.41077e+08
       8690.00   1.41690e+08
       8710.00   1.40658e+08
       8730.00   1.38858e+08
       8750.00   1.35261e+08
       8770.00   1.35963e+08
       8790.00   1.36096e+08
       8810.00   1.34818e+08
       8830.00   1.33575e+08
       8850.00   1.30476e+08
       8870.00   1.27187e+08
       8890.00   1.29576e+08
       8910.00   1.29299e+08
       8930.00   1.27960e+08
       8950.00   1.27337e+08
       8970.00   1.26006e+08
       8990.00   1.23945e+08
       9010.00   1.18760e+08
       9030.00   1.19652e+08
       9050.00   1.21304e+08
       9070.00   1.20697e+08
       9090.00   1.19993e+08
       9110.00   1.18595e+08
       9130.00   1.18017e+08
       9150.00   1.17025e+08
       9170.00   1.15879e+08
       9190.00   1.14537e+08
       9210.00   1.12085e+08
       9230.00   1.05989e+08
       9250.00   1.09868e+08
       9270.00   1.10652e+08
       9290.00   1.10155e+08
       9310.00   1.09299e+08
       9330.00   1.08420e+08
       9350.00   1.05449e+08
       9370.00   1.06132e+08
       9390.00   1.05753e+08
       9410.00   1.04819e+08
       9430.00   1.03993e+08
       9450.00   1.03157e+08
       9470.00   1.02247e+08
       9490.00   1.01331e+08
       9510.00   9.99892e+07
       9530.00   9.75292e+07
       9550.00   9.18379e+07
       9570.00   9.65346e+07
       9590.00   9.69967e+07
       9610.00   9.65240e+07
       9630.00   9.57579e+07
       9650.00   9.50620e+07
       9670.00   9.43066e+07
       9690.00   9.35446e+07
       9710.00   9.23085e+07
       9730.00   9.19812e+07
       9750.00   9.13149e+07
       9770.00   9.00731e+07
       9790.00   8.98666e+07
       9810.00   8.91522e+07
       9830.00   8.84077e+07
       9850.00   8.77462e+07
       9870.00   8.70506e+07
       9890.00   8.63638e+07
       9910.00   8.56665e+07
       9930.00   8.50123e+07
       9950.00   8.43474e+07
       9970.00   8.36872e+07
       9990.00   8.29788e+07
       10025.0   8.01512e+07
       10075.0   7.78657e+07
       10125.0   7.73227e+07
       10175.0   7.72815e+07
       10225.0   7.58069e+07
       10275.0   7.43465e+07
       10325.0   7.28861e+07
       10375.0   7.16043e+07
       10425.0   7.00698e+07
       10475.0   6.89733e+07
       10525.0   6.76938e+07
       10575.0   6.64521e+07
       10625.0   6.52375e+07
       10675.0   6.40361e+07
       10725.0   6.28836e+07
       10775.0   6.17497e+07
       10825.0   6.04412e+07
       10875.0   5.94630e+07
       10925.0   5.59056e+07
       10975.0   5.67454e+07
       11025.0   5.63961e+07
       11075.0   5.54458e+07
       11125.0   5.44737e+07
       11175.0   5.35619e+07
       11225.0   5.26254e+07
       11275.0   5.17122e+07
       11325.0   5.08189e+07
       11375.0   4.99568e+07
       11425.0   4.91078e+07
       11475.0   4.82716e+07
       11525.0   4.74566e+07
       11575.0   4.66454e+07
       11625.0   4.53725e+07
       11675.0   4.49045e+07
       11725.0   4.43552e+07
       11775.0   4.36207e+07
       11825.0   4.28915e+07
       11875.0   4.21918e+07
       11925.0   4.14996e+07
       11975.0   4.07414e+07
       12025.0   4.01636e+07
       12075.0   3.95087e+07
       12125.0   3.88683e+07
       12175.0   3.82523e+07
       12225.0   3.76401e+07
       12275.0   3.70416e+07
       12325.0   3.64540e+07
       12375.0   3.58771e+07
       12425.0   3.53131e+07
       12475.0   3.47595e+07
       12525.0   3.42088e+07
       12575.0   3.36824e+07
       12625.0   3.31632e+07
       12675.0   3.26512e+07
       12725.0   3.21461e+07
       12775.0   3.14125e+07
       12825.0   2.96358e+07
       12875.0   3.05969e+07
       12925.0   3.02344e+07
       12975.0   2.97557e+07
       13025.0   2.93300e+07
       13075.0   2.88902e+07
       13125.0   2.84605e+07
       13175.0   2.80366e+07
       13225.0   2.76203e+07
       13275.0   2.72139e+07
       13325.0   2.68127e+07
       13375.0   2.64210e+07
       13425.0   2.60322e+07
       13475.0   2.56547e+07
       13525.0   2.52842e+07
       13575.0   2.49183e+07
       13625.0   2.45592e+07
       13675.0   2.42067e+07
       13725.0   2.38607e+07
       13775.0   2.35210e+07
       13825.0   2.31876e+07
       13875.0   2.28603e+07
       13925.0   2.25371e+07
       13975.0   2.22218e+07
       14025.0   2.19104e+07
       14075.0   2.16048e+07
       14125.0   2.13048e+07
       14175.0   2.10086e+07
       14225.0   2.07196e+07
       14275.0   2.04361e+07
       14325.0   2.01523e+07
       14375.0   1.98775e+07
       14425.0   1.96096e+07
       14475.0   1.93431e+07
       14525.0   1.90815e+07
       14570.0   1.88503e+07
       14620.0   1.86052e+07
       14675.0   1.83313e+07
       14725.0   1.80837e+07
       14775.0   1.77130e+07
       14825.0   1.76092e+07
       14875.0   1.73786e+07
       14925.0   1.71490e+07
       14975.0   1.69238e+07
       15025.0   1.67029e+07
       15075.0   1.64812e+07
       15125.0   1.62708e+07
       15175.0   1.60581e+07
       15225.0   1.58491e+07
       15275.0   1.56446e+07
       15325.0   1.54416e+07
       15375.0   1.52426e+07
       15425.0   1.50421e+07
       15475.0   1.48540e+07
       15525.0   1.46615e+07
       15575.0   1.44696e+07
       15625.0   1.43023e+07
       15675.0   1.41035e+07
       15725.0   1.39214e+07
       15775.0   1.37771e+07
       15825.0   1.35978e+07
       15875.0   1.33804e+07
       15925.0   1.32542e+07
       15975.0   1.31393e+07
       16050.0   1.28611e+07
       16150.0   1.25100e+07
       16250.0   1.22821e+07
       16350.0   1.19378e+07
       16450.0   1.16084e+07
       16550.0   1.14230e+07
       16650.0   1.11540e+07
       16750.0   1.08368e+07
       16850.0   1.05277e+07
       16950.0   1.03923e+07
       17050.0   1.01399e+07
       17150.0   9.92118e+06
       17250.0   9.68886e+06
       17350.0   9.31268e+06
       17450.0   9.23854e+06
       17550.0   9.05491e+06
       17650.0   8.85331e+06
       17750.0   8.65710e+06
       17850.0   8.46650e+06
       17950.0   8.28099e+06
       18050.0   8.09745e+06
       18150.0   7.76350e+06
       18250.0   7.71790e+06
       18350.0   7.58781e+06
       18450.0   7.42610e+06
       18550.0   7.26961e+06
       18650.0   7.02051e+06
       18750.0   6.75819e+06
       18850.0   6.81878e+06
       18950.0   6.68007e+06
       19050.0   6.53725e+06
       19150.0   6.40752e+06
       19250.0   6.27636e+06
       19350.0   6.13871e+06
       19450.0   5.85895e+06
       19550.0   5.89192e+06
       19650.0   5.78420e+06
       19750.0   5.66879e+06
       19850.0   5.55617e+06
       19950.0   5.44628e+06
       20050.0   5.33932e+06
       20150.0   5.23487e+06
       20250.0   5.13295e+06
       20350.0   5.03341e+06
       20450.0   4.93611e+06
       20550.0   4.83993e+06
       20650.0   4.74908e+06
       20750.0   4.65687e+06
       20850.0   4.57036e+06
       20950.0   4.48443e+06
       21050.0   4.40035e+06
       21150.0   4.31521e+06
       21250.0   4.23799e+06
       21350.0   4.15953e+06
       21450.0   4.08277e+06
       21550.0   4.00335e+06
       21650.0   3.81069e+06
       21750.0   3.85258e+06
       21850.0   3.79332e+06
       21950.0   3.72537e+06
       22050.0   3.65865e+06
       22150.0   3.59336e+06
       22250.0   3.52948e+06
       22350.0   3.46712e+06
       22450.0   3.40603e+06
       22550.0   3.34633e+06
       22650.0   3.28799e+06
       22750.0   3.23083e+06
       22850.0   3.17844e+06
       22950.0   3.12376e+06
       23050.0   3.07006e+06
       23150.0   3.01765e+06
       23250.0   2.96631e+06
       23350.0   2.91609e+06
       23450.0   2.86688e+06
       23550.0   2.81867e+06
       23650.0   2.77151e+06
       23750.0   2.72532e+06
       23850.0   2.68012e+06
       23950.0   2.63579e+06
       24050.0   2.59242e+06
       24150.0   2.54994e+06
       24250.0   2.50800e+06
       24350.0   2.46749e+06
       24450.0   2.42756e+06
       24550.0   2.38839e+06
       24650.0   2.34983e+06
       24750.0   2.31132e+06
       24850.0   2.27555e+06
       24950.0   2.23768e+06
       25050.0   2.20406e+06
       25150.0   2.16929e+06
       25250.0   2.13081e+06
       25350.0   2.10114e+06
       25450.0   2.06919e+06
       25550.0   2.03536e+06
       25650.0   1.99925e+06
       25750.0   1.97398e+06
       25850.0   1.94448e+06
       25950.0   1.91475e+06
       26050.0   1.88098e+06
       26150.0   1.84431e+06
       26250.0   1.76200e+06
       26350.0   1.79493e+06
       26450.0   1.77433e+06
       26550.0   1.74763e+06
       26650.0   1.71910e+06
       26750.0   1.68579e+06
       26850.0   1.66856e+06
       26950.0   1.64671e+06
       27050.0   1.62256e+06
       27150.0   1.59887e+06
       27250.0   1.57554e+06
       27350.0   1.55271e+06
       27450.0   1.52887e+06
       27550.0   1.49620e+06
       27650.0   1.47992e+06
       27750.0   1.46526e+06
       27850.0   1.44437e+06
       27950.0   1.42387e+06
       28050.0   1.40373e+06
       28150.0   1.38394e+06
       28250.0   1.36448e+06
       28350.0   1.34535e+06
       28450.0   1.32660e+06
       28550.0   1.30799e+06
       28650.0   1.28419e+06
       28750.0   1.25617e+06
       28850.0   1.25264e+06
       28950.0   1.23744e+06
       29050.0   1.22054e+06
       29150.0   1.20389e+06
       29250.0   1.18753e+06
       29350.0   1.17145e+06
       29450.0   1.15564e+06
       29550.0   1.14011e+06
       29650.0   1.12485e+06
       29750.0   1.10981e+06
       29850.0   1.09503e+06
       29950.0   1.08050e+06
       30050.0   1.06619e+06
       30150.0   1.05213e+06
       30250.0   1.03728e+06
       30350.0   1.00968e+06
       30450.0   1.00171e+06
       30550.0       997588.
       30650.0       985234.
       30750.0       972502.
       30850.0       959953.
       30950.0       947625.
       31050.0       935474.
       31150.0       923537.
       31250.0       911772.
       31350.0       900215.
       31450.0       888824.
       31550.0       877635.
       31650.0       866607.
       31750.0       855738.
       31850.0       845062.
       31950.0       834503.
       32100.0       819044.
       32300.0       798930.
       32500.0       779462.
       32700.0       760550.
       32900.0       730483.
       33100.0       722266.
       33300.0       707637.
       33500.0       690888.
       33700.0       674651.
       33900.0       658846.
       34100.0       643527.
       34300.0       628647.
       34500.0       614195.
       34700.0       600127.
       34900.0       586495.
       35100.0       573225.
       35300.0       560338.
       35500.0       547795.
       35700.0       535615.
       35900.0       523788.
       36100.0       512248.
       36300.0       501044.
       36500.0       490138.
       36700.0       479524.
       36900.0       469222.
       37100.0       458949.
       37300.0       444915.
       37500.0       433431.
       37700.0       430594.
       37900.0       421576.
       38100.0       412594.
       38300.0       404136.
       38500.0       395856.
       38700.0       387725.
       38900.0       379790.
       39100.0       371430.
       39300.0       364537.
       39500.0       357209.
       39700.0       350057.
       39900.0       343078.
       40100.0       335705.
       40300.0       328577.
       40500.0       316222.
       40700.0       316692.
       40900.0       310675.
       41100.0       304648.
       41300.0       298722.
       41500.0       292919.
       41700.0       286130.
       41900.0       281817.
       42100.0       276637.
       42300.0       271438.
       42500.0       266324.
       42700.0       261376.
       42900.0       256447.
       43100.0       251781.
       43300.0       247150.
       43500.0       242613.
       43700.0       236767.
       43900.0       233344.
       44100.0       229644.
       44300.0       225521.
       44500.0       221482.
       44700.0       217600.
       44900.0       213741.
       45100.0       209960.
       45300.0       206256.
       45500.0       202646.
       45700.0       199108.
       45900.0       195642.
       46100.0       192246.
       46300.0       188832.
       46500.0       180747.
       46700.0       180221.
       46900.0       178996.
       47100.0       176392.
       47300.0       173422.
       47500.0       170495.
       47700.0       167644.
       47900.0       164852.
       48100.0       162122.
       48300.0       159444.
       48500.0       156820.
       48700.0       154249.
       48900.0       151730.
       49100.0       149263.
       49300.0       146846.
       49500.0       144478.
       49700.0       142155.
       49900.0       139881.
       50100.0       137652.
       50300.0       135465.
       50500.0       133323.
       50700.0       131222.
       50900.0       129161.
       51100.0       126875.
       51300.0       123241.
       51500.0       123054.
       51700.0       121316.
       51900.0       119450.
       52100.0       117617.
       52300.0       115820.
       52500.0       114057.
       52700.0       112326.
       52900.0       110629.
       53100.0       108964.
       53300.0       107331.
       53500.0       105727.
       53700.0       104153.
       53900.0       102607.
       54100.0       101092.
       54300.0       99602.3
       54500.0       98142.1
       54700.0       96706.8
       54900.0       95298.5
       55100.0       93915.5
       55300.0       92557.4
       55500.0       91223.7
       55700.0       89914.1
       55900.0       88626.9
       56100.0       87362.8
       56300.0       86121.6
       56500.0       84902.9
       56700.0       83705.0
       56900.0       82527.6
       57100.0       81371.6
       57300.0       80235.5
       57500.0       79118.8
       57700.0       78021.3
       57900.0       76943.8
       58100.0       75883.8
       58300.0       74842.0
       58500.0       73834.6
       58700.0       72826.2
       58900.0       71613.5
       59100.0       69282.0
       59300.0       69792.5
       59500.0       68967.7
       59700.0       68043.4
       59900.0       67134.1
       60100.0       66240.5
       60300.0       65360.5
       60500.0       64495.8
       60700.0       63645.1
       60900.0       62808.2
       61100.0       61986.0
       61300.0       61176.1
       61500.0       60379.5
       61700.0       59595.8
       61900.0       58824.9
       62100.0       58066.6
       62300.0       57319.7
       62500.0       56585.0
       62700.0       55862.4
       62900.0       55150.6
       63100.0       54450.5
       63300.0       53762.0
       63500.0       53083.7
       63700.0       52415.8
       63900.0       51758.8
       64200.0       50791.8
       64600.0       49538.2
       65000.0       48322.3
       65400.0       47143.7
       65800.0       46000.6
       66200.0       44891.9
       66600.0       43815.8
       67000.0       42772.2
       67400.0       41760.2
       67800.0       40776.3
       68200.0       39822.3
       68600.0       38895.8
       69000.0       37995.9
       69400.0       37121.1
       69800.0       36272.4
       70200.0       35446.6
       70600.0       34644.8
       71000.0       33865.4
       71400.0       33107.9
       71800.0       32371.7
       72200.0       31654.9
       72600.0       30958.2
       73000.0       30280.5
       73400.0       29621.3
       73800.0       28980.2
       74200.0       28338.1
       74600.0       27216.6
       75000.0       26641.0
       75400.0       26563.2
       75800.0       26021.3
       76200.0       25475.7
       76600.0       24943.9
       77000.0       24426.2
       77400.0       23921.6
       77800.0       23429.7
       78200.0       22950.4
       78600.0       22483.8
       79000.0       22028.6
       79400.0       21584.9
       79800.0       21151.9
       80200.0       20730.0
       80600.0       20318.9
       81000.0       19917.2
       81400.0       19525.7
       81800.0       19143.8
       82200.0       18771.2
       82600.0       18407.6
       83000.0       18052.9
       83400.0       17706.3
       83800.0       17368.1
       84200.0       17038.2
       84600.0       16715.4
       85000.0       16400.9
       85400.0       16093.2
       85800.0       15793.1
       86200.0       15499.8
       86600.0       15212.8
       87000.0       14932.8
       87400.0       14659.4
       87800.0       14392.2
       88200.0       14130.7
       88600.0       13875.3
       89000.0       13625.7
       89400.0       13381.5
       89800.0       13142.5
       90200.0       12909.5
       90600.0       12681.1
       91000.0       12457.9
       91400.0       12239.5
       91800.0       12025.8
       92200.0       11816.6
       92600.0       11612.4
       93000.0       11412.1
       93400.0       11216.5
       93800.0       11024.7
       94200.0       10837.1
       94600.0       10653.4
       95000.0       10473.7
       95400.0       10297.9
       95800.0       10125.5
       96200.0       9956.79
       96600.0       9791.74
       97000.0       9629.87
       97400.0       9471.12
       97800.0       9315.82
       98200.0       9163.90
       98600.0       9014.91
       99000.0       8868.79
       99400.0       8725.87
       99800.0       8585.33
       100200.       8448.26
       200000.       518.033
       400000.       31.3816
       600000.       6.08043
       800000.       1.89672
   1.00000e+06      0.768153
   1.20000e+06      0.366946
   1.40000e+06      0.196457
   1.60000e+06      0.114326
