       90.9000       0.00000
       93.5000       0.00000
       96.1000       0.00000
       97.7000       0.00000
       99.6000       0.00000
       102.000       0.00000
       103.800       0.00000
       105.600       0.00000
       107.700       0.00000
       110.400       0.00000
       114.000       0.00000
       117.800       0.00000
       121.300       0.00000
       124.800       0.00000
       127.100       0.00000
       128.400       0.00000
       130.500       0.00000
       132.400       0.00000
       133.900       0.00000
       136.600       0.00000
       139.800       0.00000
       143.300       0.00000
       147.200       0.00000
       151.000       0.00000
       155.200       0.00000
       158.800       0.00000
       162.000       0.00000
       166.000       0.00000
       170.300       0.00000
       173.400       0.00000
       176.800       0.00000
       180.200       0.00000
       181.700       0.00000
       186.100       0.00000
       191.000       0.00000
       193.900       0.00000
       198.400       0.00000
       201.800       0.00000
       205.000       0.00000
       210.500       0.00000
       216.200       0.00000
       219.800       0.00000
       223.000       0.00000
       226.800       0.00000
       230.000      0.149068
       234.000      0.338277
       240.000      0.690738
       246.500       1.51021
       252.400       2.97921
       256.800       4.53570
       260.000       7.99883
       264.000       13.0204
       268.500       21.2032
       273.500       34.0065
       278.500       52.1511
       284.000       112.249
       290.000       186.170
       296.000       294.764
       301.000       420.096
       308.000       861.964
       318.000       2068.47
       328.000       3780.12
       338.000       7454.54
       348.000       13498.1
       357.000       55497.6
       366.000       128538.
       375.000       176402.
       385.000       289032.
       395.000       665523.
       405.000       919197.
       414.000   1.37433e+06
       422.000   1.72030e+06
       430.000   2.27505e+06
       441.000   3.17666e+06
       451.000   3.89934e+06
       460.000   4.68100e+06
       470.000   6.24973e+06
       480.000   8.03561e+06
       490.000   1.00711e+07
       500.000   1.25860e+07
       506.000   4.82912e+07
       512.000   4.14248e+08
       520.000   4.20826e+08
       530.000   3.96740e+08
       540.000   3.42946e+08
       550.000   5.33027e+08
       560.000   7.02549e+08
       570.000   7.66262e+08
       580.000   6.72728e+08
       590.000   8.00030e+08
       600.000   6.68142e+08
       610.000   9.00296e+08
       620.000   1.06962e+09
       630.000   1.10561e+09
       640.000   1.06958e+09
       650.000   1.18440e+09
       658.000   1.10079e+09
       665.000   1.20816e+09
       675.000   1.24357e+09
       685.000   9.95087e+08
       695.000   1.44398e+09
       705.000   1.05267e+09
       716.000   1.60236e+09
       726.000   1.58011e+09
       735.000   1.60664e+09
       745.000   1.70824e+09
       755.000   1.74300e+09
       765.000   1.73596e+09
       775.000   1.92058e+09
       785.000   2.04112e+09
       795.000   2.05584e+09
       805.000   2.01985e+09
       815.000   2.00785e+09
       825.000   2.17152e+09
       835.000   1.43446e+09
       845.000   2.10777e+09
       855.000   2.10998e+09
       865.000   2.22083e+09
       875.000   2.30056e+09
       885.000   2.44054e+09
       895.000   2.50426e+09
       905.000   2.44141e+09
       915.000   5.08337e+09
       925.000   1.87316e+10
       935.000   2.66367e+10
       945.000   2.85565e+10
       955.000   2.86031e+10
       965.000   2.75724e+10
       975.000   7.28910e+09
       985.000   1.63580e+10
       995.000   1.85153e+10
       1005.00   2.53145e+10
       1015.00   2.67746e+10
       1025.00   2.45916e+10
       1035.00   2.45228e+10
       1045.00   3.05603e+10
       1055.00   2.86515e+10
       1065.00   2.38625e+10
       1075.00   2.53160e+10
       1085.00   2.46118e+10
       1095.00   2.67985e+10
       1105.00   2.57214e+10
       1115.00   2.52855e+10
       1125.00   2.07662e+10
       1135.00   2.48490e+10
       1145.00   2.36999e+10
       1155.00   2.33800e+10
       1165.00   2.24810e+10
       1175.00   1.23517e+10
       1185.00   2.07222e+10
       1195.00   2.05301e+10
       1205.00   1.88027e+10
       1215.00   1.81275e+10
       1225.00   1.99381e+10
       1235.00   2.11901e+10
       1245.00   2.07553e+10
       1255.00   2.03611e+10
       1265.00   2.08783e+10
       1275.00   2.14165e+10
       1285.00   2.13370e+10
       1295.00   1.96128e+10
       1305.00   1.98501e+10
       1315.00   2.10759e+10
       1325.00   2.01819e+10
       1335.00   1.95814e+10
       1345.00   1.97755e+10
       1355.00   1.94576e+10
       1365.00   1.87370e+10
       1375.00   1.81520e+10
       1385.00   1.73468e+10
       1395.00   1.05830e+10
       1405.00   1.09760e+10
       1415.00   1.64241e+10
       1425.00   1.54236e+10
       1435.00   1.62904e+10
       1442.00   1.63573e+10
       1447.00   1.61903e+10
       1455.00   1.55673e+10
       1465.00   1.48714e+10
       1475.00   1.51613e+10
       1485.00   1.50909e+10
       1495.00   1.46967e+10
       1505.00   1.40437e+10
       1512.00   1.30954e+10
       1517.00   1.34174e+10
       1525.00   1.31559e+10
       1535.00   1.11352e+10
       1545.00   9.26665e+09
       1555.00   9.40087e+09
       1565.00   1.11877e+10
       1575.00   1.20713e+10
       1585.00   1.21960e+10
       1595.00   1.20686e+10
       1605.00   1.15849e+10
       1615.00   1.11956e+10
       1625.00   1.13228e+10
       1635.00   1.17323e+10
       1645.00   1.18008e+10
       1655.00   1.16660e+10
       1665.00   1.15868e+10
       1672.00   1.08162e+10
       1677.00   1.24495e+10
       1685.00   1.18174e+10
       1695.00   1.13128e+10
       1705.00   1.12185e+10
       1715.00   1.06309e+10
       1725.00   1.04085e+10
       1735.00   1.07534e+10
       1745.00   1.05854e+10
       1755.00   1.05774e+10
       1765.00   1.05094e+10
       1775.00   1.00195e+10
       1785.00   1.01828e+10
       1795.00   1.01174e+10
       1805.00   1.01942e+10
       1815.00   9.54982e+09
       1825.00   9.69056e+09
       1835.00   9.59082e+09
       1845.00   8.83860e+09
       1855.00   9.06960e+09
       1865.00   9.16377e+09
       1875.00   9.15287e+09
       1885.00   8.41849e+09
       1895.00   7.96531e+09
       1905.00   8.48017e+09
       1915.00   8.13912e+09
       1925.00   7.68899e+09
       1935.00   8.19007e+09
       1945.00   8.37764e+09
       1955.00   7.52598e+09
       1967.00   8.04183e+09
       1976.00   8.36818e+09
       1984.00   7.88135e+09
       1995.00   7.71460e+09
       2005.00   7.90361e+09
       2015.00   7.90478e+09
       2025.00   8.02139e+09
       2035.00   7.46697e+09
       2045.00   7.48069e+09
       2055.00   6.82393e+09
       2065.00   7.31882e+09
       2074.00   7.71962e+09
       2078.00   7.15521e+09
       2085.00   7.28611e+09
       2095.00   6.91432e+09
       2105.00   7.10725e+09
       2115.00   7.14573e+09
       2125.00   7.15238e+09
       2135.00   7.04760e+09
       2145.00   6.77833e+09
       2155.00   6.93305e+09
       2165.00   6.83339e+09
       2175.00   6.75533e+09
       2185.00   6.65426e+09
       2195.00   6.68150e+09
       2205.00   6.60964e+09
       2215.00   6.51201e+09
       2225.00   6.38641e+09
       2235.00   6.27215e+09
       2245.00   6.26468e+09
       2255.00   6.16264e+09
       2265.00   6.13287e+09
       2275.00   6.07609e+09
       2285.00   5.99070e+09
       2295.00   5.55187e+09
       2305.00   5.81295e+09
       2315.00   5.69522e+09
       2325.00   5.25452e+09
       2335.00   5.53043e+09
       2345.00   5.56105e+09
       2355.00   5.47534e+09
       2365.00   5.41499e+09
       2375.00   5.30517e+09
       2385.00   5.22348e+09
       2395.00   5.17194e+09
       2405.00   5.13638e+09
       2415.00   5.06887e+09
       2425.00   5.03682e+09
       2435.00   4.93899e+09
       2445.00   4.90756e+09
       2455.00   4.86791e+09
       2465.00   4.79563e+09
       2475.00   4.71674e+09
       2485.00   4.54763e+09
       2495.00   3.22807e+09
       2505.00   4.30299e+09
       2513.00   4.32856e+09
       2518.00   4.41875e+09
       2525.00   4.45710e+09
       2535.00   4.43173e+09
       2545.00   4.32415e+09
       2555.00   4.30174e+09
       2565.00   4.27370e+09
       2575.00   4.22643e+09
       2585.00   4.17733e+09
       2595.00   4.12679e+09
       2605.00   4.09411e+09
       2615.00   4.02259e+09
       2625.00   3.99008e+09
       2635.00   3.95785e+09
       2645.00   3.90202e+09
       2655.00   3.86606e+09
       2665.00   3.77392e+09
       2675.00   3.73044e+09
       2685.00   3.73447e+09
       2695.00   3.63342e+09
       2705.00   3.59311e+09
       2715.00   3.56725e+09
       2725.00   3.55157e+09
       2735.00   3.49951e+09
       2745.00   3.47686e+09
       2755.00   3.44705e+09
       2765.00   3.39501e+09
       2775.00   3.38859e+09
       2785.00   3.33374e+09
       2795.00   3.23697e+09
       2805.00   3.24994e+09
       2815.00   3.24072e+09
       2825.00   3.20163e+09
       2835.00   3.12583e+09
       2845.00   3.13192e+09
       2855.00   3.08353e+09
       2865.00   3.05667e+09
       2875.00   3.02683e+09
       2885.00   2.99611e+09
       2895.00   2.96142e+09
       2910.00   2.89903e+09
       2930.00   2.85959e+09
       2950.00   2.78172e+09
       2970.00   2.73247e+09
       2990.00   2.66751e+09
       3010.00   2.58374e+09
       3030.00   2.54748e+09
       3050.00   2.51078e+09
       3070.00   2.46902e+09
       3090.00   2.38737e+09
       3110.00   2.37035e+09
       3130.00   2.30963e+09
       3150.00   2.27155e+09
       3170.00   2.22157e+09
       3190.00   2.17714e+09
       3210.00   2.13521e+09
       3230.00   2.08960e+09
       3250.00   2.05919e+09
       3270.00   2.00776e+09
       3290.00   1.97166e+09
       3310.00   1.93380e+09
       3330.00   1.89206e+09
       3350.00   1.85413e+09
       3370.00   1.82068e+09
       3390.00   1.79522e+09
       3410.00   1.76085e+09
       3430.00   1.72023e+09
       3450.00   1.68889e+09
       3470.00   1.66096e+09
       3490.00   1.62911e+09
       3510.00   1.60011e+09
       3530.00   1.57602e+09
       3550.00   1.54557e+09
       3570.00   1.51891e+09
       3590.00   1.48309e+09
       3610.00   1.45606e+09
       3630.00   1.43254e+09
       3640.00   1.42207e+09
       3650.00   1.40860e+09
       3670.00   1.37838e+09
       3690.00   1.31642e+09
       3710.00   1.31376e+09
       3730.00   1.29191e+09
       3750.00   1.32245e+09
       3770.00   1.29690e+09
       3790.00   1.29227e+09
       3810.00   1.30775e+09
       3830.00   1.22735e+09
       3850.00   1.27678e+09
       3870.00   1.23932e+09
       3890.00   1.17273e+09
       3910.00   1.21618e+09
       3930.00   1.18123e+09
       3950.00   1.16661e+09
       3970.00   1.08610e+09
       3990.00   1.13435e+09
       4010.00   1.11425e+09
       4030.00   1.08724e+09
       4050.00   1.07919e+09
       4070.00   1.04362e+09
       4090.00   1.01672e+09
       4110.00   9.67446e+08
       4130.00   9.97855e+08
       4150.00   9.86444e+08
       4170.00   9.77005e+08
       4190.00   9.61284e+08
       4210.00   9.48495e+08
       4230.00   9.33252e+08
       4250.00   9.13017e+08
       4270.00   8.91571e+08
       4290.00   8.81455e+08
       4310.00   8.61977e+08
       4330.00   8.41193e+08
       4350.00   7.95609e+08
       4370.00   8.24621e+08
       4390.00   8.14310e+08
       4410.00   8.02427e+08
       4430.00   7.94852e+08
       4450.00   7.80476e+08
       4470.00   7.62062e+08
       4490.00   7.58615e+08
       4510.00   7.46086e+08
       4530.00   7.36814e+08
       4550.00   7.23508e+08
       4570.00   7.14538e+08
       4590.00   7.01869e+08
       4610.00   6.90811e+08
       4630.00   6.80023e+08
       4650.00   6.53766e+08
       4670.00   6.58836e+08
       4690.00   6.49872e+08
       4710.00   6.35297e+08
       4730.00   6.35560e+08
       4750.00   6.25110e+08
       4770.00   6.19994e+08
       4790.00   6.10657e+08
       4810.00   6.00998e+08
       4830.00   5.91089e+08
       4850.00   5.80299e+08
       4870.00   5.43964e+08
       4890.00   5.67236e+08
       4910.00   5.58686e+08
       4930.00   5.45854e+08
       4950.00   5.41191e+08
       4970.00   5.37012e+08
       4990.00   5.29175e+08
       5010.00   5.13612e+08
       5030.00   5.13765e+08
       5050.00   5.05301e+08
       5070.00   5.00472e+08
       5090.00   4.93290e+08
       5110.00   4.86349e+08
       5130.00   4.78684e+08
       5150.00   4.72332e+08
       5170.00   4.66331e+08
       5190.00   4.60394e+08
       5210.00   4.54451e+08
       5230.00   4.48241e+08
       5250.00   4.41689e+08
       5270.00   4.35480e+08
       5290.00   4.30471e+08
       5310.00   4.24548e+08
       5330.00   4.19220e+08
       5350.00   4.13617e+08
       5370.00   4.08216e+08
       5390.00   4.02444e+08
       5410.00   3.96603e+08
       5430.00   3.92473e+08
       5450.00   3.87264e+08
       5470.00   3.82158e+08
       5490.00   3.77192e+08
       5510.00   3.72498e+08
       5530.00   3.67492e+08
       5550.00   3.63136e+08
       5570.00   3.58287e+08
       5590.00   3.53485e+08
       5610.00   3.49437e+08
       5630.00   3.45021e+08
       5650.00   3.40435e+08
       5670.00   3.35167e+08
       5690.00   3.28905e+08
       5710.00   3.27275e+08
       5730.00   3.23606e+08
       5750.00   3.18579e+08
       5770.00   3.15865e+08
       5790.00   3.11832e+08
       5810.00   3.07680e+08
       5830.00   3.03544e+08
       5850.00   3.00405e+08
       5870.00   2.91823e+08
       5890.00   2.92081e+08
       5910.00   2.89213e+08
       5930.00   2.85347e+08
       5950.00   2.81900e+08
       5970.00   2.79349e+08
       5990.00   2.75397e+08
       6010.00   2.72493e+08
       6030.00   2.68896e+08
       6050.00   2.65896e+08
       6070.00   2.62930e+08
       6090.00   2.59956e+08
       6110.00   2.56774e+08
       6130.00   2.53848e+08
       6150.00   2.50397e+08
       6170.00   2.47549e+08
       6190.00   2.44988e+08
       6210.00   2.42270e+08
       6230.00   2.39348e+08
       6250.00   2.36498e+08
       6270.00   2.33870e+08
       6290.00   2.31271e+08
       6310.00   2.28407e+08
       6330.00   2.26016e+08
       6350.00   2.23268e+08
       6370.00   2.20912e+08
       6390.00   2.18341e+08
       6410.00   2.15807e+08
       6430.00   2.13501e+08
       6450.00   2.11011e+08
       6470.00   2.08250e+08
       6490.00   2.05824e+08
       6510.00   2.03894e+08
       6530.00   2.01525e+08
       6550.00   1.98619e+08
       6561.25   1.84251e+08
       6590.00   1.94160e+08
       6610.00   1.92719e+08
       6630.00   1.90838e+08
       6650.00   1.88533e+08
       6670.00   1.85491e+08
       6690.00   1.83508e+08
       6710.00   1.82524e+08
       6730.00   1.80127e+08
       6750.00   1.78598e+08
       6770.00   1.76838e+08
       6790.00   1.74392e+08
       6810.00   1.72987e+08
       6830.00   1.71112e+08
       6850.00   1.69351e+08
       6870.00   1.67512e+08
       6890.00   1.65430e+08
       6910.00   1.63638e+08
       6930.00   1.62318e+08
       6950.00   1.60605e+08
       6970.00   1.58925e+08
       6990.00   1.57246e+08
       7010.00   1.55606e+08
       7030.00   1.53830e+08
       7050.00   1.52299e+08
       7070.00   1.49042e+08
       7090.00   1.49229e+08
       7110.00   1.47243e+08
       7130.00   1.45803e+08
       7150.00   1.44672e+08
       7170.00   1.43089e+08
       7190.00   1.41718e+08
       7210.00   1.40281e+08
       7230.00   1.37618e+08
       7250.00   1.37160e+08
       7270.00   1.36043e+08
       7290.00   1.33823e+08
       7310.00   1.33282e+08
       7330.00   1.31925e+08
       7350.00   1.30636e+08
       7370.00   1.29345e+08
       7390.00   1.28053e+08
       7410.00   1.26773e+08
       7430.00   1.25518e+08
       7450.00   1.24261e+08
       7470.00   1.22766e+08
       7490.00   1.21702e+08
       7510.00   1.20600e+08
       7530.00   1.19389e+08
       7550.00   1.18288e+08
       7570.00   1.17118e+08
       7590.00   1.15854e+08
       7610.00   1.14700e+08
       7630.00   1.13711e+08
       7650.00   1.12615e+08
       7670.00   1.11561e+08
       7690.00   1.10408e+08
       7710.00   1.09355e+08
       7730.00   1.08272e+08
       7750.00   1.07319e+08
       7770.00   1.06274e+08
       7790.00   1.05307e+08
       7810.00   1.04262e+08
       7830.00   1.03319e+08
       7850.00   1.02383e+08
       7870.00   1.01261e+08
       7890.00   1.00222e+08
       7910.00   9.93968e+07
       7930.00   9.84048e+07
       7950.00   9.75944e+07
       7970.00   9.66248e+07
       7990.00   9.57994e+07
       8010.00   9.48107e+07
       8030.00   9.39826e+07
       8050.00   9.31674e+07
       8070.00   9.23475e+07
       8090.00   9.13850e+07
       8110.00   9.02074e+07
       8130.00   8.98382e+07
       8150.00   8.88987e+07
       8170.00   8.82044e+07
       8190.00   8.71619e+07
       8210.00   8.59888e+07
       8230.00   8.51320e+07
       8250.00   8.46810e+07
       8270.00   8.34787e+07
       8290.00   8.31312e+07
       8310.00   8.24260e+07
       8330.00   8.15855e+07
       8350.00   8.06116e+07
       8370.00   7.97321e+07
       8390.00   7.91276e+07
       8410.00   7.83043e+07
       8430.00   7.78006e+07
       8450.00   7.70160e+07
       8470.00   7.56550e+07
       8490.00   7.65690e+07
       8510.00   7.40663e+07
       8530.00   7.55885e+07
       8550.00   7.21947e+07
       8570.00   7.48589e+07
       8590.00   7.20090e+07
       8610.00   7.11870e+07
       8630.00   7.31387e+07
       8650.00   7.17788e+07
       8670.00   6.76992e+07
       8690.00   7.12093e+07
       8710.00   7.07883e+07
       8730.00   6.95598e+07
       8750.00   6.51531e+07
       8770.00   6.81675e+07
       8790.00   6.84086e+07
       8810.00   6.77974e+07
       8830.00   6.72007e+07
       8850.00   6.54303e+07
       8870.00   6.19274e+07
       8890.00   6.54768e+07
       8910.00   6.49886e+07
       8930.00   6.43908e+07
       8950.00   6.39152e+07
       8970.00   6.34245e+07
       8990.00   6.22430e+07
       9010.00   5.85839e+07
       9030.00   6.06116e+07
       9050.00   6.13284e+07
       9070.00   6.04858e+07
       9090.00   6.01880e+07
       9110.00   5.98196e+07
       9130.00   5.93499e+07
       9150.00   5.88702e+07
       9170.00   5.82956e+07
       9190.00   5.78950e+07
       9210.00   5.66934e+07
       9230.00   5.28262e+07
       9250.00   5.60456e+07
       9270.00   5.59925e+07
       9290.00   5.55596e+07
       9310.00   5.49778e+07
       9330.00   5.45390e+07
       9350.00   5.41421e+07
       9370.00   5.37697e+07
       9390.00   5.33742e+07
       9410.00   5.29178e+07
       9430.00   5.25030e+07
       9450.00   5.20827e+07
       9470.00   5.15143e+07
       9490.00   5.12472e+07
       9510.00   5.05403e+07
       9530.00   4.97145e+07
       9550.00   4.64580e+07
       9570.00   4.94561e+07
       9590.00   4.92992e+07
       9610.00   4.87842e+07
       9630.00   4.83258e+07
       9650.00   4.81500e+07
       9670.00   4.77778e+07
       9690.00   4.73761e+07
       9710.00   4.66138e+07
       9730.00   4.66094e+07
       9750.00   4.62994e+07
       9770.00   4.59404e+07
       9790.00   4.55878e+07
       9810.00   4.52064e+07
       9830.00   4.48939e+07
       9850.00   4.45332e+07
       9870.00   4.41789e+07
       9890.00   4.38001e+07
       9910.00   4.33588e+07
       9930.00   4.31996e+07
       9950.00   4.28739e+07
       9970.00   4.25239e+07
       9990.00   4.22255e+07
       10025.0   4.10577e+07
       10075.0   3.98793e+07
       10125.0   3.99678e+07
       10175.0   3.93903e+07
       10225.0   3.86457e+07
       10275.0   3.79458e+07
       10325.0   3.71586e+07
       10375.0   3.65809e+07
       10425.0   3.59119e+07
       10475.0   3.52677e+07
       10525.0   3.46274e+07
       10575.0   3.40144e+07
       10625.0   3.34080e+07
       10675.0   3.27791e+07
       10725.0   3.22370e+07
       10775.0   3.16686e+07
       10825.0   3.08292e+07
       10875.0   3.05686e+07
       10925.0   2.88874e+07
       10975.0   2.93936e+07
       11025.0   2.89196e+07
       11075.0   2.85169e+07
       11125.0   2.80267e+07
       11175.0   2.75554e+07
       11225.0   2.70775e+07
       11275.0   2.66299e+07
       11325.0   2.61600e+07
       11375.0   2.57360e+07
       11425.0   2.53080e+07
       11475.0   2.48948e+07
       11525.0   2.44887e+07
       11575.0   2.40752e+07
       11625.0   2.36753e+07
       11675.0   2.32742e+07
       11725.0   2.29268e+07
       11775.0   2.25535e+07
       11825.0   2.21877e+07
       11875.0   2.18346e+07
       11925.0   2.14858e+07
       11975.0   2.10332e+07
       12025.0   2.08081e+07
       12075.0   2.04799e+07
       12125.0   2.01547e+07
       12175.0   1.98411e+07
       12225.0   1.95312e+07
       12275.0   1.92284e+07
       12325.0   1.89283e+07
       12375.0   1.86350e+07
       12425.0   1.83516e+07
       12475.0   1.80501e+07
       12525.0   1.77595e+07
       12575.0   1.75164e+07
       12625.0   1.72538e+07
       12675.0   1.69979e+07
       12725.0   1.67424e+07
       12775.0   1.63480e+07
       12825.0   1.56418e+07
       12875.0   1.59948e+07
       12925.0   1.57664e+07
       12975.0   1.54695e+07
       13025.0   1.52948e+07
       13075.0   1.50811e+07
       13125.0   1.48612e+07
       13175.0   1.46446e+07
       13225.0   1.44325e+07
       13275.0   1.42239e+07
       13325.0   1.40149e+07
       13375.0   1.38117e+07
       13425.0   1.36072e+07
       13475.0   1.34241e+07
       13525.0   1.32280e+07
       13575.0   1.30469e+07
       13625.0   1.28545e+07
       13675.0   1.26823e+07
       13725.0   1.24947e+07
       13775.0   1.23317e+07
       13825.0   1.21603e+07
       13875.0   1.19906e+07
       13925.0   1.18164e+07
       13975.0   1.16605e+07
       14025.0   1.14955e+07
       14075.0   1.13463e+07
       14125.0   1.11891e+07
       14175.0   1.10386e+07
       14225.0   1.08902e+07
       14275.0   1.07418e+07
       14325.0   1.05979e+07
       14375.0   1.04554e+07
       14425.0   1.03175e+07
       14475.0   1.01804e+07
       14525.0   1.00436e+07
       14570.0   9.92506e+06
       14620.0   9.79542e+06
       14675.0   9.65479e+06
       14725.0   9.52852e+06
       14775.0   9.40184e+06
       14825.0   9.28162e+06
       14875.0   9.15939e+06
       14925.0   9.03809e+06
       14975.0   8.91332e+06
       15025.0   8.79102e+06
       15075.0   8.66251e+06
       15125.0   8.55758e+06
       15175.0   8.44860e+06
       15225.0   8.35972e+06
       15275.0   8.21854e+06
       15325.0   8.12008e+06
       15375.0   8.05365e+06
       15425.0   7.89180e+06
       15475.0   7.86228e+06
       15525.0   7.77264e+06
       15575.0   7.56767e+06
       15625.0   7.61884e+06
       15675.0   7.46053e+06
       15725.0   7.29037e+06
       15775.0   7.34384e+06
       15825.0   7.24937e+06
       15875.0   6.96445e+06
       15925.0   7.05255e+06
       15975.0   6.99282e+06
       16050.0   6.85128e+06
       16150.0   6.59669e+06
       16250.0   6.54314e+06
       16350.0   6.37146e+06
       16450.0   6.13455e+06
       16550.0   6.09379e+06
       16650.0   5.95246e+06
       16750.0   5.79619e+06
       16850.0   5.58244e+06
       16950.0   5.55230e+06
       17050.0   5.40688e+06
       17150.0   5.30418e+06
       17250.0   5.18538e+06
       17350.0   4.96271e+06
       17450.0   4.95498e+06
       17550.0   4.84804e+06
       17650.0   4.74174e+06
       17750.0   4.63801e+06
       17850.0   4.53440e+06
       17950.0   4.43970e+06
       18050.0   4.34416e+06
       18150.0   4.16296e+06
       18250.0   4.15366e+06
       18350.0   4.07327e+06
       18450.0   3.98729e+06
       18550.0   3.90008e+06
       18650.0   3.80464e+06
       18750.0   3.65830e+06
       18850.0   3.66687e+06
       18950.0   3.59019e+06
       19050.0   3.50931e+06
       19150.0   3.44718e+06
       19250.0   3.37770e+06
       19350.0   3.30978e+06
       19450.0   3.16519e+06
       19550.0   3.17567e+06
       19650.0   3.11631e+06
       19750.0   3.05499e+06
       19850.0   2.99503e+06
       19950.0   2.93668e+06
       20050.0   2.87963e+06
       20150.0   2.82402e+06
       20250.0   2.76974e+06
       20350.0   2.71675e+06
       20450.0   2.66412e+06
       20550.0   2.60918e+06
       20650.0   2.56515e+06
       20750.0   2.51668e+06
       20850.0   2.46990e+06
       20950.0   2.42363e+06
       21050.0   2.37872e+06
       21150.0   2.32705e+06
       21250.0   2.29236e+06
       21350.0   2.25044e+06
       21450.0   2.20887e+06
       21550.0   2.16927e+06
       21650.0   2.07501e+06
       21750.0   2.09125e+06
       21850.0   2.05369e+06
       21950.0   2.01821e+06
       22050.0   1.98251e+06
       22150.0   1.94753e+06
       22250.0   1.91286e+06
       22350.0   1.87987e+06
       22450.0   1.84717e+06
       22550.0   1.81511e+06
       22650.0   1.78385e+06
       22750.0   1.75313e+06
       22850.0   1.72426e+06
       22950.0   1.69911e+06
       23050.0   1.66986e+06
       23150.0   1.64190e+06
       23250.0   1.61338e+06
       23350.0   1.58404e+06
       23450.0   1.55638e+06
       23550.0   1.52994e+06
       23650.0   1.50349e+06
       23750.0   1.47837e+06
       23850.0   1.45388e+06
       23950.0   1.42981e+06
       24050.0   1.40602e+06
       24150.0   1.38239e+06
       24250.0   1.36256e+06
       24350.0   1.33881e+06
       24450.0   1.31641e+06
       24550.0   1.29914e+06
       24650.0   1.27573e+06
       24750.0   1.25394e+06
       24850.0   1.24130e+06
       24950.0   1.20928e+06
       25050.0   1.20319e+06
       25150.0   1.18429e+06
       25250.0   1.15118e+06
       25350.0   1.14698e+06
       25450.0   1.13025e+06
       25550.0   1.11201e+06
       25650.0   1.07896e+06
       25750.0   1.07895e+06
       25850.0   1.06278e+06
       25950.0   1.04666e+06
       26050.0   1.02870e+06
       26150.0       995234.
       26250.0       972576.
       26350.0       984687.
       26450.0       970686.
       26550.0       955478.
       26650.0       941266.
       26750.0       909076.
       26850.0       913604.
       26950.0       901442.
       27050.0       888354.
       27150.0       875484.
       27250.0       862830.
       27350.0       850438.
       27450.0       838204.
       27550.0       809447.
       27650.0       811240.
       27750.0       802958.
       27850.0       791616.
       27950.0       780464.
       28050.0       769403.
       28150.0       758764.
       28250.0       748209.
       28350.0       737784.
       28450.0       727580.
       28550.0       717269.
       28650.0       706304.
       28750.0       681163.
       28850.0       688444.
       28950.0       679111.
       29050.0       669890.
       29150.0       660824.
       29250.0       651954.
       29350.0       643189.
       29450.0       634572.
       29550.0       626099.
       29650.0       617812.
       29750.0       609622.
       29850.0       601570.
       29950.0       593611.
       30050.0       585871.
       30150.0       578012.
       30250.0       570656.
       30350.0       551810.
       30450.0       551727.
       30550.0       548726.
       30650.0       541622.
       30750.0       534440.
       30850.0       527735.
       30950.0       521184.
       31050.0       514550.
       31150.0       507990.
       31250.0       501542.
       31350.0       495319.
       31450.0       489089.
       31550.0       483004.
       31650.0       476948.
       31750.0       471033.
       31850.0       465221.
       31950.0       459471.
       32100.0       450983.
       32300.0       440035.
       32500.0       429357.
       32700.0       419047.
       32900.0       402865.
       33100.0       399456.
       33300.0       390425.
       33500.0       381313.
       33700.0       372388.
       33900.0       363746.
       34100.0       355344.
       34300.0       346986.
       34500.0       338891.
       34700.0       331022.
       34900.0       323497.
       35100.0       316243.
       35300.0       309284.
       35500.0       302191.
       35700.0       295389.
       35900.0       289608.
       36100.0       282390.
       36300.0       277076.
       36500.0       270115.
       36700.0       265361.
       36900.0       258356.
       37100.0       253826.
       37300.0       247234.
       37500.0       239739.
       37700.0       238445.
       37900.0       233483.
       38100.0       227568.
       38300.0       223202.
       38500.0       219333.
       38700.0       214859.
       38900.0       210449.
       39100.0       204325.
       39300.0       202092.
       39500.0       198051.
       39700.0       194108.
       39900.0       190264.
       40100.0       185759.
       40300.0       181143.
       40500.0       176474.
       40700.0       175796.
       40900.0       172401.
       41100.0       169082.
       41300.0       165708.
       41500.0       162679.
       41700.0       157483.
       41900.0       156577.
       42100.0       153639.
       42300.0       150765.
       42500.0       147883.
       42700.0       145215.
       42900.0       142288.
       43100.0       139916.
       43300.0       137359.
       43500.0       134858.
       43700.0       130630.
       43900.0       129804.
       44100.0       127690.
       44300.0       125407.
       44500.0       123175.
       44700.0       121101.
       44900.0       118963.
       45100.0       116873.
       45300.0       114828.
       45500.0       112827.
       45700.0       110871.
       45900.0       108956.
       46100.0       107046.
       46300.0       105247.
       46500.0       101669.
       46700.0       99955.2
       46900.0       99835.8
       47100.0       98291.8
       47300.0       96644.0
       47500.0       95027.1
       47700.0       93448.7
       47900.0       91901.5
       48100.0       90385.0
       48300.0       88900.0
       48500.0       87446.0
       48700.0       86020.8
       48900.0       84623.8
       49100.0       83256.0
       49300.0       81915.4
       49500.0       80601.3
       49700.0       79313.4
       49900.0       78051.0
       50100.0       76813.7
       50300.0       75601.0
       50500.0       74412.5
       50700.0       73247.6
       50900.0       72104.6
       51100.0       70957.0
       51300.0       68622.5
       51500.0       68803.6
       51700.0       67748.0
       51900.0       66710.8
       52100.0       65693.0
       52300.0       64695.7
       52500.0       63715.8
       52700.0       62754.3
       52900.0       61812.2
       53100.0       60886.5
       53300.0       59978.2
       53500.0       59087.0
       53700.0       58212.7
       53900.0       57353.5
       54100.0       56510.7
       54300.0       55683.7
       54500.0       54871.2
       54700.0       54072.8
       54900.0       53290.8
       55100.0       52521.2
       55300.0       51766.3
       55500.0       51023.3
       55700.0       50295.6
       55900.0       49579.5
       56100.0       48875.9
       56300.0       48185.8
       56500.0       47507.7
       56700.0       46840.4
       56900.0       46185.9
       57100.0       45541.7
       57300.0       44909.9
       57500.0       44288.1
       57700.0       43677.2
       57900.0       43074.8
       58100.0       42486.4
       58300.0       41906.1
       58500.0       41359.2
       58700.0       40797.9
       58900.0       40227.0
       59100.0       38919.8
       59300.0       39169.8
       59500.0       38647.3
       59700.0       38130.8
       59900.0       37624.6
       60100.0       37126.4
       60300.0       36636.0
       60500.0       36153.4
       60700.0       35679.3
       60900.0       35211.7
       61100.0       34753.5
       61300.0       34301.5
       61500.0       33856.7
       61700.0       33419.8
       61900.0       32989.9
       62100.0       32566.7
       62300.0       32150.2
       62500.0       31740.4
       62700.0       31336.0
       62900.0       30939.0
       63100.0       30548.2
       63300.0       30163.7
       63500.0       29785.3
       63700.0       29412.8
       63900.0       29045.4
       64200.0       28505.9
       64600.0       27805.5
       65000.0       27126.4
       65400.0       26467.9
       65800.0       25829.5
       66200.0       25209.7
       66600.0       24608.8
       67000.0       24025.5
       67400.0       23459.2
       67800.0       22909.5
       68200.0       22375.9
       68600.0       21857.9
       69000.0       21354.4
       69400.0       20865.7
       69800.0       20390.6
       70200.0       19928.8
       70600.0       19479.9
       71000.0       19043.5
       71400.0       18619.4
       71800.0       18207.2
       72200.0       17806.5
       72600.0       17416.4
       73000.0       17036.6
       73400.0       16667.6
       73800.0       16308.2
       74200.0       15935.1
       74600.0       15549.4
       75000.0       15112.1
       75400.0       14964.8
       75800.0       14650.5
       76200.0       14344.6
       76600.0       14046.9
       77000.0       13756.5
       77400.0       13473.2
       77800.0       13197.4
       78200.0       12929.1
       78600.0       12667.3
       79000.0       12412.0
       79400.0       12163.0
       79800.0       11920.1
       80200.0       11683.7
       80600.0       11452.6
       81000.0       11227.3
       81400.0       11007.5
       81800.0       10793.1
       82200.0       10584.1
       82600.0       10379.6
       83000.0       10180.3
       83400.0       9985.94
       83800.0       9795.88
       84200.0       9610.57
       84600.0       9429.37
       85000.0       9252.71
       85400.0       9079.97
       85800.0       8911.07
       86200.0       8746.42
       86600.0       8585.44
       87000.0       8428.03
       87400.0       8274.13
       87800.0       8124.14
       88200.0       7977.00
       88600.0       7833.63
       89000.0       7692.99
       89400.0       7555.95
       89800.0       7421.52
       90200.0       7290.09
       90600.0       7162.06
       91000.0       7036.46
       91400.0       6913.22
       91800.0       6793.20
       92200.0       6675.89
       92600.0       6560.35
       93000.0       6447.84
       93400.0       6337.89
       93800.0       6230.00
       94200.0       6124.56
       94600.0       6021.10
       95000.0       5919.99
       95400.0       5820.78
       95800.0       5723.83
       96200.0       5628.71
       96600.0       5535.76
       97000.0       5444.55
       97400.0       5355.45
       97800.0       5268.01
       98200.0       5182.21
       98600.0       5098.40
       99000.0       5016.15
       99400.0       4935.45
       99800.0       4856.63
       100200.       4778.90
       200000.       295.846
       400000.       18.0416
       600000.       3.50862
       800000.       1.09787
   1.00000e+06      0.445823
   1.20000e+06      0.213486
   1.40000e+06      0.114553
   1.60000e+06     0.0668064
