       90.9000       0.00000
       93.5000       0.00000
       96.1000       0.00000
       97.7000       0.00000
       99.6000       0.00000
       102.000       0.00000
       103.800       0.00000
       105.600       0.00000
       107.700       0.00000
       110.400       0.00000
       114.000       0.00000
       117.800       0.00000
       121.300       0.00000
       124.800       0.00000
       127.100       0.00000
       128.400       0.00000
       130.500       0.00000
       132.400       0.00000
       133.900       0.00000
       136.600       0.00000
       139.800       0.00000
       143.300       0.00000
       147.200       0.00000
       151.000       0.00000
       155.200       0.00000
       158.800       0.00000
       162.000       0.00000
       166.000       0.00000
       170.300       0.00000
       173.400       0.00000
       176.800       0.00000
       180.200       0.00000
       181.700       0.00000
       186.100       0.00000
       191.000       0.00000
       193.900       0.00000
       198.400       0.00000
       201.800       0.00000
       205.000       0.00000
       210.500       0.00000
       216.200       0.00000
       219.800       0.00000
       223.000       0.00000
       226.800       0.00000
       230.000       0.00000
       234.000       0.00000
       240.000       0.00000
       246.500       0.00000
       252.400       0.00000
       256.800       0.00000
       260.000       0.00000
       264.000       0.00000
       268.500       0.00000
       273.500       0.00000
       278.500       0.00000
       284.000       0.00000
       290.000       0.00000
       296.000       0.00000
       301.000       0.00000
       308.000       0.00000
       318.000       0.00000
       328.000       0.00000
       338.000       0.00000
       348.000       0.00000
       357.000       0.00000
       366.000       0.00000
       375.000       0.00000
       385.000       0.00000
       395.000       0.00000
       405.000       0.00000
       414.000       0.00000
       422.000       0.00000
       430.000       0.00000
       441.000       0.00000
       451.000       0.00000
       460.000       0.00000
       470.000       0.00000
       480.000       0.00000
       490.000       0.00000
       500.000       0.00000
       506.000   9.05924e-14
       512.000   2.16142e-13
       520.000   5.14967e-13
       530.000   1.49016e-12
       540.000   4.00851e-12
       550.000   4.62837e-13
       560.000   1.09582e-12
       570.000   2.50887e-12
       580.000   5.53158e-12
       590.000   1.19924e-11
       600.000   2.51143e-11
       610.000   5.12631e-11
       620.000   1.01945e-10
       630.000   1.97914e-10
       640.000   3.75562e-10
       650.000   6.97937e-10
       658.000   1.12828e-09
       665.000   1.69783e-09
       675.000   3.00004e-09
       685.000   5.20731e-09
       695.000   8.87337e-09
       705.000   1.48092e-08
       716.000   2.57363e-08
       726.000   4.17117e-08
       735.000   6.36172e-08
       745.000   1.00267e-07
       755.000   1.55999e-07
       765.000   2.39650e-07
       775.000   3.63474e-07
       785.000   5.45118e-07
       795.000   7.99030e-07
       805.000   1.17776e-06
       815.000   1.71320e-06
       825.000   2.45890e-06
       835.000   3.49366e-06
       845.000   4.91780e-06
       855.000   6.85925e-06
       865.000   9.48038e-06
       875.000   1.29519e-05
       885.000   1.76560e-05
       895.000   2.38132e-05
       905.000   3.17207e-05
       915.000     0.0342364
       925.000     0.0801431
       935.000      0.104729
       945.000      0.137682
       955.000      0.195837
       965.000      0.258069
       975.000      0.322816
       985.000      0.423510
       995.000      0.521854
       1005.00      0.717150
       1015.00      0.914670
       1025.00      0.973681
       1035.00       1.42934
       1045.00       1.82244
       1055.00       2.26971
       1065.00       2.72776
       1075.00       3.42297
       1085.00       4.20565
       1095.00       4.99574
       1105.00       24.9701
       1115.00       46.9813
       1125.00       64.4382
       1135.00       79.3891
       1145.00       98.6894
       1155.00       105.172
       1165.00       137.502
       1175.00       155.265
       1185.00       148.334
       1195.00       81.4863
       1205.00       79.5220
       1215.00       21.7894
       1225.00       98.8330
       1235.00       238.790
       1245.00       616.491
       1255.00       1116.68
       1265.00       1172.74
       1275.00       2160.88
       1285.00       3381.90
       1295.00       4403.88
       1305.00       3106.49
       1315.00       6131.26
       1325.00       7697.16
       1335.00       8290.62
       1345.00       11688.3
       1355.00       12151.9
       1365.00       13348.8
       1375.00       14924.0
       1385.00       16480.7
       1395.00       19595.2
       1405.00       22321.1
       1415.00       22479.0
       1425.00       26563.4
       1435.00       26785.4
       1442.00       32336.3
       1447.00       41266.0
       1455.00       47234.0
       1465.00       45478.5
       1475.00       50405.0
       1485.00       59544.7
       1495.00       71517.3
       1505.00       82176.2
       1512.00       79434.7
       1517.00       81176.0
       1525.00       360495.
       1535.00       468166.
       1545.00   1.03435e+06
       1555.00       819357.
       1565.00       646628.
       1575.00   1.27725e+06
       1585.00   1.60186e+06
       1595.00   2.27917e+06
       1605.00   1.77717e+06
       1615.00   1.47372e+06
       1625.00   1.08464e+06
       1635.00   1.26911e+06
       1645.00   1.91134e+06
       1655.00   1.00958e+06
       1665.00   1.72831e+06
       1672.00       420071.
       1677.00   4.06746e+06
       1685.00   4.82360e+06
       1695.00   4.17927e+06
       1705.00   3.45845e+06
       1715.00   4.66234e+06
       1725.00   5.08144e+06
       1735.00   6.36026e+06
       1745.00   5.60216e+06
       1755.00   7.53014e+06
       1765.00   5.46915e+06
       1775.00   7.19353e+06
       1785.00   6.12362e+06
       1795.00   9.19510e+06
       1805.00   9.03105e+06
       1815.00   1.00659e+07
       1825.00   8.57710e+06
       1835.00   7.42659e+06
       1845.00   6.77612e+06
       1855.00   8.00719e+06
       1865.00   9.10658e+06
       1875.00   8.38861e+06
       1885.00   8.76985e+06
       1895.00   9.86836e+06
       1905.00   8.83800e+06
       1915.00   9.34834e+06
       1925.00   9.21487e+06
       1935.00   6.41973e+06
       1945.00   1.03508e+07
       1955.00   1.04936e+07
       1967.00   1.17272e+07
       1976.00   1.14971e+07
       1984.00   1.12160e+07
       1995.00   1.08541e+07
       2005.00   9.91676e+06
       2015.00   9.06237e+06
       2025.00   8.71355e+06
       2035.00   1.01451e+07
       2045.00   1.14018e+07
       2055.00   1.02028e+07
       2065.00   9.56000e+06
       2074.00   1.23385e+07
       2078.00   1.30161e+07
       2085.00   1.23421e+07
       2095.00   1.15877e+07
       2105.00   1.03802e+07
       2115.00   1.06040e+07
       2125.00   1.09358e+07
       2135.00   8.26568e+06
       2145.00   1.02022e+07
       2155.00   1.05296e+07
       2165.00   9.12244e+06
       2175.00   9.24898e+06
       2185.00   9.81394e+06
       2195.00   1.11267e+07
       2205.00   1.02016e+07
       2215.00   8.40963e+06
       2225.00   7.99937e+06
       2235.00   1.05955e+07
       2245.00   9.43914e+06
       2255.00   7.84277e+06
       2265.00   7.92935e+06
       2275.00   9.11905e+06
       2285.00   1.00207e+07
       2295.00   8.89429e+06
       2305.00   9.42495e+06
       2315.00   8.42775e+06
       2325.00   3.73781e+06
       2335.00   5.30531e+06
       2345.00   4.21218e+06
       2355.00   7.34302e+06
       2365.00   4.19883e+06
       2375.00   5.83093e+06
       2385.00   3.23838e+06
       2395.00   4.41290e+06
       2405.00   4.19378e+06
       2415.00   5.31917e+06
       2425.00   8.43646e+06
       2435.00   8.08964e+06
       2445.00   8.90524e+06
       2455.00   8.88285e+06
       2465.00   8.51456e+06
       2475.00   7.88932e+06
       2485.00   8.08584e+06
       2495.00   7.72279e+06
       2505.00   1.02794e+07
       2513.00   7.28863e+06
       2518.00   7.40469e+06
       2525.00   6.26522e+06
       2535.00   6.48791e+06
       2545.00   6.71272e+06
       2555.00   8.17977e+06
       2565.00   7.06997e+06
       2575.00   8.23615e+06
       2585.00   7.59299e+06
       2595.00   6.76143e+06
       2605.00   5.95461e+06
       2615.00   5.46103e+06
       2625.00   7.28571e+06
       2635.00   8.84092e+06
       2645.00   1.26223e+07
       2655.00   1.30051e+07
       2665.00   1.03632e+07
       2675.00   1.16289e+07
       2685.00   1.12979e+07
       2695.00   1.05601e+07
       2705.00   1.13302e+07
       2715.00   9.71772e+06
       2725.00   9.86874e+06
       2735.00   1.07511e+07
       2745.00   6.23216e+06
       2755.00   7.50977e+06
       2765.00   8.72885e+06
       2775.00   1.05261e+07
       2785.00   8.48299e+06
       2795.00   3.30169e+06
       2805.00   4.28647e+06
       2815.00   1.03294e+07
       2825.00   1.26856e+07
       2835.00   1.19897e+07
       2845.00   1.14555e+07
       2855.00   1.05624e+07
       2865.00   1.26257e+07
       2875.00   1.21456e+07
       2885.00   1.24038e+07
       2895.00   1.17091e+07
       2910.00   1.41094e+07
       2930.00   1.32478e+07
       2950.00   1.30220e+07
       2970.00   1.38304e+07
       2990.00   1.42098e+07
       3010.00   1.48362e+07
       3030.00   1.46024e+07
       3050.00   1.46274e+07
       3070.00   1.48048e+07
       3090.00   1.53867e+07
       3110.00   1.47372e+07
       3130.00   1.46748e+07
       3150.00   1.53506e+07
       3170.00   1.52486e+07
       3190.00   1.41291e+07
       3210.00   1.49704e+07
       3230.00   1.42612e+07
       3250.00   1.50749e+07
       3270.00   1.54375e+07
       3290.00   1.55901e+07
       3310.00   1.60762e+07
       3330.00   1.56493e+07
       3350.00   1.55217e+07
       3370.00   1.53042e+07
       3390.00   1.54664e+07
       3410.00   1.58091e+07
       3430.00   1.60575e+07
       3450.00   1.59444e+07
       3470.00   1.56957e+07
       3490.00   1.55723e+07
       3510.00   1.61867e+07
       3530.00   1.62321e+07
       3550.00   1.67420e+07
       3570.00   1.59345e+07
       3590.00   1.59019e+07
       3610.00   1.60343e+07
       3630.00   1.62753e+07
       3640.00   1.59943e+07
       3650.00   1.66760e+07
       3670.00   1.56729e+07
       3690.00   1.88945e+07
       3710.00   2.68097e+07
       3730.00   2.86402e+07
       3750.00   3.81084e+07
       3770.00   4.06871e+07
       3790.00   5.11955e+07
       3810.00   5.89150e+07
       3830.00   4.58993e+07
       3850.00   6.28846e+07
       3870.00   6.85776e+07
       3890.00   4.19176e+07
       3910.00   6.50920e+07
       3930.00   4.44176e+07
       3950.00   6.15783e+07
       3970.00   3.41715e+07
       3990.00   6.47442e+07
       4010.00   6.76728e+07
       4030.00   6.66711e+07
       4050.00   6.58604e+07
       4070.00   6.42208e+07
       4090.00   5.71533e+07
       4110.00   4.40133e+07
       4130.00   6.18184e+07
       4150.00   6.36696e+07
       4170.00   6.20377e+07
       4190.00   6.15005e+07
       4210.00   6.10621e+07
       4230.00   5.95597e+07
       4250.00   5.95761e+07
       4270.00   5.74180e+07
       4290.00   5.84089e+07
       4310.00   5.46232e+07
       4330.00   4.69022e+07
       4350.00   4.01169e+07
       4370.00   5.57060e+07
       4390.00   5.49669e+07
       4410.00   5.36269e+07
       4430.00   5.33645e+07
       4450.00   5.36792e+07
       4470.00   5.31943e+07
       4490.00   5.26336e+07
       4510.00   5.38255e+07
       4530.00   5.14328e+07
       4550.00   5.01701e+07
       4570.00   5.20967e+07
       4590.00   4.96857e+07
       4610.00   5.10867e+07
       4630.00   4.92316e+07
       4650.00   4.96906e+07
       4670.00   4.92832e+07
       4690.00   4.76717e+07
       4710.00   4.61010e+07
       4730.00   4.76485e+07
       4750.00   4.76204e+07
       4770.00   4.66589e+07
       4790.00   4.62833e+07
       4810.00   4.54660e+07
       4830.00   4.44605e+07
       4850.00   3.71277e+07
       4870.00   2.96309e+07
       4890.00   4.21929e+07
       4910.00   4.27828e+07
       4930.00   4.18055e+07
       4950.00   4.23248e+07
       4970.00   4.24485e+07
       4990.00   4.06837e+07
       5010.00   3.90898e+07
       5030.00   4.00586e+07
       5050.00   3.93578e+07
       5070.00   3.98247e+07
       5090.00   3.92579e+07
       5110.00   3.89872e+07
       5130.00   3.79981e+07
       5150.00   3.71553e+07
       5170.00   3.64470e+07
       5190.00   3.61498e+07
       5210.00   3.60449e+07
       5230.00   3.56127e+07
       5250.00   3.60650e+07
       5270.00   3.41138e+07
       5290.00   3.53089e+07
       5310.00   3.44956e+07
       5330.00   3.37453e+07
       5350.00   3.44543e+07
       5370.00   3.38950e+07
       5390.00   3.34767e+07
       5410.00   3.27636e+07
       5430.00   3.27003e+07
       5450.00   3.29554e+07
       5470.00   3.24681e+07
       5490.00   3.24320e+07
       5510.00   3.19426e+07
       5530.00   3.15752e+07
       5550.00   3.15608e+07
       5570.00   3.10031e+07
       5590.00   3.08238e+07
       5610.00   3.06643e+07
       5630.00   3.04742e+07
       5650.00   3.00629e+07
       5670.00   2.96039e+07
       5690.00   2.96254e+07
       5710.00   2.93293e+07
       5730.00   2.93188e+07
       5750.00   2.88782e+07
       5770.00   2.86863e+07
       5790.00   2.83379e+07
       5810.00   2.81197e+07
       5830.00   2.78960e+07
       5850.00   2.76197e+07
       5870.00   2.73739e+07
       5890.00   2.67713e+07
       5910.00   2.68601e+07
       5930.00   2.66214e+07
       5950.00   2.63448e+07
       5970.00   2.61633e+07
       5990.00   2.57852e+07
       6010.00   2.54710e+07
       6030.00   2.53934e+07
       6050.00   2.51775e+07
       6070.00   2.50456e+07
       6090.00   2.47259e+07
       6110.00   2.44291e+07
       6130.00   2.40434e+07
       6150.00   2.34908e+07
       6170.00   2.36653e+07
       6190.00   2.36582e+07
       6210.00   2.34963e+07
       6230.00   2.31302e+07
       6250.00   2.24105e+07
       6270.00   2.28992e+07
       6290.00   2.27176e+07
       6310.00   2.22597e+07
       6330.00   2.22086e+07
       6350.00   2.18559e+07
       6370.00   2.17143e+07
       6390.00   2.16201e+07
       6410.00   2.12543e+07
       6430.00   2.12170e+07
       6450.00   2.08022e+07
       6470.00   2.09375e+07
       6490.00   2.04393e+07
       6510.00   2.03868e+07
       6530.00   2.01269e+07
       6550.00   1.81189e+07
       6561.25   1.43169e+07
       6590.00   1.92286e+07
       6610.00   1.95909e+07
       6630.00   1.95552e+07
       6650.00   1.94122e+07
       6670.00   1.92435e+07
       6690.00   1.91412e+07
       6710.00   1.89745e+07
       6730.00   1.87912e+07
       6750.00   1.86189e+07
       6770.00   1.85542e+07
       6790.00   1.83781e+07
       6810.00   1.82378e+07
       6830.00   1.80294e+07
       6850.00   1.78978e+07
       6870.00   1.77977e+07
       6890.00   1.76628e+07
       6910.00   1.75094e+07
       6930.00   1.73575e+07
       6950.00   1.72250e+07
       6970.00   1.70642e+07
       6990.00   1.69629e+07
       7010.00   1.66906e+07
       7030.00   1.66339e+07
       7050.00   1.65344e+07
       7070.00   1.64221e+07
       7090.00   1.62951e+07
       7110.00   1.58220e+07
       7130.00   1.59194e+07
       7150.00   1.58518e+07
       7170.00   1.57239e+07
       7190.00   1.55601e+07
       7210.00   1.54644e+07
       7230.00   1.53077e+07
       7250.00   1.52133e+07
       7270.00   1.51546e+07
       7290.00   1.49475e+07
       7310.00   1.48229e+07
       7330.00   1.47687e+07
       7350.00   1.46759e+07
       7370.00   1.46040e+07
       7390.00   1.44230e+07
       7410.00   1.42018e+07
       7430.00   1.41009e+07
       7450.00   1.40355e+07
       7470.00   1.38551e+07
       7490.00   1.38134e+07
       7510.00   1.37366e+07
       7530.00   1.36883e+07
       7550.00   1.36443e+07
       7570.00   1.35072e+07
       7590.00   1.34198e+07
       7610.00   1.33259e+07
       7630.00   1.32257e+07
       7650.00   1.30872e+07
       7670.00   1.29389e+07
       7690.00   1.29023e+07
       7710.00   1.27436e+07
       7730.00   1.27363e+07
       7750.00   1.26230e+07
       7770.00   1.22611e+07
       7790.00   1.24763e+07
       7810.00   1.23705e+07
       7830.00   1.22269e+07
       7850.00   1.20822e+07
       7870.00   1.20293e+07
       7890.00   1.19103e+07
       7910.00   1.18357e+07
       7930.00   1.17677e+07
       7950.00   1.16353e+07
       7970.00   1.16766e+07
       7990.00   1.14394e+07
       8010.00   1.14716e+07
       8030.00   1.13748e+07
       8050.00   1.13148e+07
       8070.00   1.12241e+07
       8090.00   1.11457e+07
       8110.00   1.10959e+07
       8130.00   1.10300e+07
       8150.00   1.09493e+07
       8170.00   1.08720e+07
       8190.00   1.06247e+07
       8210.00   1.06104e+07
       8230.00   1.05372e+07
       8250.00   1.04806e+07
       8270.00   1.04917e+07
       8290.00   1.02860e+07
       8310.00   1.00647e+07
       8330.00   9.76452e+06
       8350.00   9.79399e+06
       8370.00   9.51278e+06
       8390.00   9.56168e+06
       8410.00   9.56100e+06
       8430.00   9.91274e+06
       8450.00   9.80995e+06
       8470.00   9.19916e+06
       8490.00   1.05566e+07
       8510.00   8.99844e+06
       8530.00   1.08441e+07
       8550.00   8.50372e+06
       8570.00   1.10596e+07
       8590.00   9.84865e+06
       8610.00   9.43095e+06
       8630.00   1.10535e+07
       8650.00   1.05488e+07
       8670.00   8.16771e+06
       8690.00   1.04594e+07
       8710.00   1.08966e+07
       8730.00   1.05343e+07
       8750.00   8.24932e+06
       8770.00   1.01357e+07
       8790.00   1.06884e+07
       8810.00   1.06045e+07
       8830.00   1.02927e+07
       8850.00   9.54254e+06
       8870.00   8.01805e+06
       8890.00   1.00837e+07
       8910.00   1.02283e+07
       8930.00   1.01669e+07
       8950.00   1.01996e+07
       8970.00   1.00732e+07
       8990.00   9.80095e+06
       9010.00   7.91049e+06
       9030.00   8.78982e+06
       9050.00   9.71604e+06
       9070.00   9.49555e+06
       9090.00   9.36035e+06
       9110.00   9.55852e+06
       9130.00   9.56956e+06
       9150.00   9.55657e+06
       9170.00   9.43518e+06
       9190.00   9.26168e+06
       9210.00   8.82667e+06
       9230.00   6.95285e+06
       9250.00   8.50745e+06
       9270.00   8.79256e+06
       9290.00   9.06729e+06
       9310.00   9.04620e+06
       9330.00   8.97326e+06
       9350.00   8.93707e+06
       9370.00   8.89210e+06
       9390.00   8.74616e+06
       9410.00   8.46906e+06
       9430.00   8.63653e+06
       9450.00   8.59411e+06
       9470.00   8.55112e+06
       9490.00   8.49546e+06
       9510.00   8.35896e+06
       9530.00   7.89790e+06
       9550.00   6.36087e+06
       9570.00   7.90113e+06
       9590.00   8.16232e+06
       9610.00   8.08759e+06
       9630.00   7.94922e+06
       9650.00   8.04010e+06
       9670.00   7.90736e+06
       9690.00   7.89602e+06
       9710.00   7.93705e+06
       9730.00   7.86943e+06
       9750.00   7.77813e+06
       9770.00   7.77671e+06
       9790.00   7.72492e+06
       9810.00   7.66331e+06
       9830.00   7.60409e+06
       9850.00   7.49753e+06
       9870.00   7.46795e+06
       9890.00   7.38886e+06
       9910.00   7.37594e+06
       9930.00   7.33403e+06
       9950.00   7.29469e+06
       9970.00   7.27189e+06
       9990.00   7.20694e+06
       10025.0   6.74137e+06
       10075.0   6.39998e+06
       10125.0   6.82348e+06
       10175.0   6.79151e+06
       10225.0   6.71048e+06
       10275.0   6.61821e+06
       10325.0   6.48536e+06
       10375.0   6.39675e+06
       10425.0   6.30018e+06
       10475.0   6.13168e+06
       10525.0   6.05928e+06
       10575.0   5.99437e+06
       10625.0   5.90338e+06
       10675.0   5.70969e+06
       10725.0   5.69228e+06
       10775.0   5.61556e+06
       10825.0   5.53872e+06
       10875.0   5.43376e+06
       10925.0   4.76675e+06
       10975.0   5.13377e+06
       11025.0   5.24847e+06
       11075.0   5.18430e+06
       11125.0   5.09458e+06
       11175.0   5.02435e+06
       11225.0   4.96026e+06
       11275.0   4.78894e+06
       11325.0   4.72853e+06
       11375.0   4.72286e+06
       11425.0   4.62851e+06
       11475.0   4.61344e+06
       11525.0   4.55194e+06
       11575.0   4.47896e+06
       11625.0   4.36051e+06
       11675.0   4.27598e+06
       11725.0   4.29850e+06
       11775.0   4.15475e+06
       11825.0   4.13666e+06
       11875.0   4.05007e+06
       11925.0   4.07022e+06
       11975.0   3.96616e+06
       12025.0   3.94210e+06
       12075.0   3.87387e+06
       12125.0   3.82712e+06
       12175.0   3.78838e+06
       12225.0   3.72973e+06
       12275.0   3.67465e+06
       12325.0   3.62729e+06
       12375.0   3.58549e+06
       12425.0   3.54718e+06
       12475.0   3.48588e+06
       12525.0   3.44297e+06
       12575.0   3.37157e+06
       12625.0   3.34421e+06
       12675.0   3.31413e+06
       12725.0   3.27068e+06
       12775.0   3.18765e+06
       12825.0   2.80531e+06
       12875.0   3.11651e+06
       12925.0   3.09966e+06
       12975.0   3.06351e+06
       13025.0   3.02760e+06
       13075.0   2.99105e+06
       13125.0   2.94906e+06
       13175.0   2.89763e+06
       13225.0   2.87641e+06
       13275.0   2.83982e+06
       13325.0   2.80539e+06
       13375.0   2.76866e+06
       13425.0   2.73303e+06
       13475.0   2.69805e+06
       13525.0   2.65672e+06
       13575.0   2.62144e+06
       13625.0   2.59757e+06
       13675.0   2.56028e+06
       13725.0   2.50506e+06
       13775.0   2.49584e+06
       13825.0   2.46659e+06
       13875.0   2.44552e+06
       13925.0   2.40389e+06
       13975.0   2.38171e+06
       14025.0   2.35365e+06
       14075.0   2.32821e+06
       14125.0   2.29495e+06
       14175.0   2.27016e+06
       14225.0   2.24027e+06
       14275.0   2.21222e+06
       14325.0   2.18872e+06
       14375.0   2.16605e+06
       14425.0   2.09729e+06
       14475.0   2.11159e+06
       14525.0   2.06404e+06
       14570.0   2.06338e+06
       14620.0   2.03572e+06
       14675.0   2.01664e+06
       14725.0   1.98889e+06
       14775.0   1.95475e+06
       14825.0   1.93301e+06
       14875.0   1.89450e+06
       14925.0   1.87895e+06
       14975.0   1.84593e+06
       15025.0   1.80463e+06
       15075.0   1.78356e+06
       15125.0   1.76998e+06
       15175.0   1.75801e+06
       15225.0   1.77589e+06
       15275.0   1.69712e+06
       15325.0   1.69665e+06
       15375.0   1.73201e+06
       15425.0   1.63324e+06
       15475.0   1.70498e+06
       15525.0   1.70089e+06
       15575.0   1.56311e+06
       15625.0   1.70789e+06
       15675.0   1.61882e+06
       15725.0   1.52718e+06
       15775.0   1.64453e+06
       15825.0   1.63145e+06
       15875.0   1.43259e+06
       15925.0   1.57076e+06
       15975.0   1.59283e+06
       16050.0   1.54054e+06
       16150.0   1.43854e+06
       16250.0   1.50228e+06
       16350.0   1.44070e+06
       16450.0   1.34578e+06
       16550.0   1.40650e+06
       16650.0   1.37716e+06
       16750.0   1.32059e+06
       16850.0   1.23514e+06
       16950.0   1.29042e+06
       17050.0   1.25845e+06
       17150.0   1.23765e+06
       17250.0   1.20152e+06
       17350.0   1.09340e+06
       17450.0   1.14344e+06
       17550.0   1.13037e+06
       17650.0   1.10589e+06
       17750.0   1.08684e+06
       17850.0   1.06363e+06
       17950.0   1.04720e+06
       18050.0   1.01920e+06
       18150.0       938262.
       18250.0       969870.
       18350.0       964520.
       18450.0       945505.
       18550.0       924499.
       18650.0       905817.
       18750.0       826216.
       18850.0       867687.
       18950.0       851692.
       19050.0       842224.
       19150.0       825715.
       19250.0       809503.
       19350.0       791268.
       19450.0       725224.
       19550.0       762386.
       19650.0       750792.
       19750.0       735048.
       19850.0       723377.
       19950.0       710189.
       20050.0       697500.
       20150.0       685092.
       20250.0       672003.
       20350.0       659329.
       20450.0       648663.
       20550.0       636888.
       20650.0       624461.
       20750.0       613802.
       20850.0       603284.
       20950.0       592534.
       21050.0       582012.
       21150.0       570272.
       21250.0       560688.
       21350.0       550976.
       21450.0       543051.
       21550.0       532466.
       21650.0       490168.
       21750.0       512485.
       21850.0       506589.
       21950.0       498935.
       22050.0       489577.
       22150.0       480666.
       22250.0       474293.
       22350.0       466393.
       22450.0       458734.
       22550.0       449941.
       22650.0       443568.
       22750.0       436481.
       22850.0       431674.
       22950.0       431596.
       23050.0       422790.
       23150.0       413395.
       23250.0       404940.
       23350.0       396456.
       23450.0       388978.
       23550.0       381348.
       23650.0       374708.
       23750.0       368694.
       23850.0       362569.
       23950.0       356953.
       24050.0       350467.
       24150.0       343941.
       24250.0       344473.
       24350.0       334336.
       24450.0       328727.
       24550.0       329236.
       24650.0       320841.
       24750.0       316274.
       24850.0       318144.
       24950.0       298454.
       25050.0       311565.
       25150.0       305454.
       25250.0       284828.
       25350.0       295459.
       25450.0       293124.
       25550.0       286592.
       25650.0       267023.
       25750.0       278891.
       25850.0       275773.
       25950.0       272505.
       26050.0       265376.
       26150.0       248365.
       26250.0       242370.
       26350.0       255081.
       26450.0       253484.
       26550.0       249622.
       26650.0       244628.
       26750.0       227329.
       26850.0       238249.
       26950.0       236448.
       27050.0       232957.
       27150.0       229992.
       27250.0       226806.
       27350.0       223629.
       27450.0       220178.
       27550.0       205146.
       27650.0       210569.
       27750.0       211549.
       27850.0       208862.
       27950.0       206102.
       28050.0       203318.
       28150.0       200554.
       28250.0       197877.
       28350.0       195307.
       28450.0       192372.
       28550.0       190075.
       28650.0       185625.
       28750.0       173775.
       28850.0       182100.
       28950.0       180089.
       29050.0       178026.
       29150.0       175303.
       29250.0       173380.
       29350.0       171199.
       29450.0       168992.
       29550.0       166858.
       29650.0       164731.
       29750.0       162621.
       29850.0       160578.
       29950.0       158483.
       30050.0       156491.
       30150.0       154447.
       30250.0       152362.
       30350.0       143592.
       30450.0       145300.
       30550.0       146805.
       30650.0       145138.
       30750.0       143367.
       30850.0       141335.
       30950.0       139782.
       31050.0       138020.
       31150.0       136129.
       31250.0       134604.
       31350.0       133064.
       31450.0       131377.
       31550.0       129959.
       31650.0       128477.
       31750.0       126795.
       31850.0       125435.
       31950.0       123917.
       32100.0       121701.
       32300.0       118903.
       32500.0       116127.
       32700.0       113397.
       32900.0       106805.
       33100.0       108300.
       33300.0       106317.
       33500.0       103789.
       33700.0       101028.
       33900.0       98584.4
       34100.0       96265.0
       34300.0       94111.4
       34500.0       92080.2
       34700.0       89998.7
       34900.0       87995.8
       35100.0       86173.3
       35300.0       84356.1
       35500.0       82329.2
       35700.0       80392.5
       35900.0       79633.7
       36100.0       76863.2
       36300.0       76433.1
       36500.0       73530.6
       36700.0       73441.9
       36900.0       70171.6
       37100.0       70295.7
       37300.0       67851.5
       37500.0       64622.2
       37700.0       66149.0
       37900.0       64943.8
       38100.0       62457.5
       38300.0       61606.6
       38500.0       61186.8
       38700.0       59874.3
       38900.0       58588.0
       39100.0       55826.6
       39300.0       56496.5
       39500.0       55411.5
       39700.0       54376.6
       39900.0       53210.5
       40100.0       51561.1
       40300.0       50122.8
       40500.0       48735.5
       40700.0       49319.8
       40900.0       48399.5
       41100.0       47577.2
       41300.0       46689.1
       41500.0       45752.3
       41700.0       43466.5
       41900.0       44061.1
       42100.0       43284.2
       42300.0       42574.8
       42500.0       41797.5
       42700.0       41055.6
       42900.0       40321.6
       43100.0       39599.5
       43300.0       38888.9
       43500.0       38203.6
       43700.0       36389.0
       43900.0       36666.1
       44100.0       36210.3
       44300.0       35600.0
       44500.0       34980.1
       44700.0       34552.8
       44900.0       33948.6
       45100.0       33385.1
       45300.0       32810.1
       45500.0       32260.2
       45700.0       31702.5
       45900.0       31165.8
       46100.0       30661.9
       46300.0       30121.7
       46500.0       28741.1
       46700.0       28067.1
       46900.0       28588.6
       47100.0       28205.4
       47300.0       27750.2
       47500.0       27279.9
       47700.0       26847.9
       47900.0       26425.5
       48100.0       25999.4
       48300.0       25582.7
       48500.0       25176.8
       48700.0       24778.2
       48900.0       24385.3
       49100.0       23994.8
       49300.0       23623.8
       49500.0       23255.0
       49700.0       22892.8
       49900.0       22534.1
       50100.0       22189.5
       50300.0       21845.1
       50500.0       21514.4
       50700.0       21188.1
       50900.0       20863.5
       51100.0       20502.8
       51300.0       19537.3
       51500.0       19912.8
       51700.0       19636.5
       51900.0       19345.5
       52100.0       19054.4
       52300.0       18773.9
       52500.0       18497.2
       52700.0       18225.5
       52900.0       17960.1
       53100.0       17696.8
       53300.0       17439.5
       53500.0       17187.0
       53700.0       16935.1
       53900.0       16694.2
       54100.0       16456.5
       54300.0       16217.9
       54500.0       15987.5
       54700.0       15756.2
       54900.0       15539.1
       55100.0       15322.3
       55300.0       15105.7
       55500.0       14894.3
       55700.0       14681.9
       55900.0       14468.5
       56100.0       14280.6
       56300.0       14085.4
       56500.0       13892.6
       56700.0       13702.2
       56900.0       13515.3
       57100.0       13333.0
       57300.0       13150.6
       57500.0       12973.8
       57700.0       12798.0
       57900.0       12624.3
       58100.0       12458.3
       58300.0       12293.2
       58500.0       12159.7
       58700.0       11996.1
       58900.0       11800.8
       59100.0       11291.7
       59300.0       11513.5
       59500.0       11366.0
       59700.0       11230.8
       59900.0       11083.5
       60100.0       10940.0
       60300.0       10801.2
       60500.0       10662.0
       60700.0       10524.4
       60900.0       10388.3
       61100.0       10250.8
       61300.0       10126.8
       61500.0       9998.33
       61700.0       9873.25
       61900.0       9747.91
       62100.0       9626.61
       62300.0       9502.10
       62500.0       9386.80
       62700.0       9268.36
       62900.0       9155.90
       63100.0       9039.86
       63300.0       8929.33
       63500.0       8820.38
       63700.0       8713.93
       63900.0       8606.69
       64200.0       8451.22
       64600.0       8247.58
       65000.0       8050.26
       65400.0       7860.05
       65800.0       7673.76
       66200.0       7492.76
       66600.0       7318.35
       67000.0       7149.07
       67400.0       6983.69
       67800.0       6823.75
       68200.0       6668.21
       68600.0       6516.47
       69000.0       6367.07
       69400.0       6224.50
       69800.0       6086.33
       70200.0       5951.96
       70600.0       5820.00
       71000.0       5694.45
       71400.0       5568.90
       71800.0       5448.27
       72200.0       5326.93
       72600.0       5215.43
       73000.0       5105.55
       73400.0       4996.56
       73800.0       4891.43
       74200.0       4787.92
       74600.0       4648.04
       75000.0       4515.21
       75400.0       4495.19
       75800.0       4403.81
       76200.0       4314.36
       76600.0       4226.59
       77000.0       4141.18
       77400.0       4057.92
       77800.0       3976.72
       78200.0       3897.45
       78600.0       3820.08
       79000.0       3744.61
       79400.0       3671.00
       79800.0       3599.09
       80200.0       3528.90
       80600.0       3460.56
       81000.0       3394.08
       81400.0       3328.62
       81800.0       3265.18
       82200.0       3203.32
       82600.0       3142.77
       83000.0       3083.46
       83400.0       3024.60
       83800.0       2967.52
       84200.0       2913.19
       84600.0       2860.18
       85000.0       2807.83
       85400.0       2756.12
       85800.0       2705.92
       86200.0       2656.73
       86600.0       2609.04
       87000.0       2562.16
       87400.0       2516.12
       87800.0       2471.40
       88200.0       2427.19
       88600.0       2384.31
       89000.0       2342.47
       89400.0       2301.62
       89800.0       2261.26
       90200.0       2222.12
       90600.0       2183.87
       91000.0       2145.97
       91400.0       2109.32
       91800.0       2073.46
       92200.0       2038.18
       92600.0       2003.73
       93000.0       1969.94
       93400.0       1936.87
       93800.0       1904.50
       94200.0       1872.82
       94600.0       1841.69
       95000.0       1811.31
       95400.0       1781.29
       95800.0       1752.41
       96200.0       1723.74
       96600.0       1695.81
       97000.0       1668.40
       97400.0       1641.34
       97800.0       1615.06
       98200.0       1589.20
       98600.0       1563.97
       99000.0       1539.21
       99400.0       1514.87
       99800.0       1490.92
       100200.       1467.55
       200000.       94.2768
       400000.       5.87535
       600000.       1.15112
       800000.      0.361461
   1.00000e+06      0.147049
   1.20000e+06     0.0704931
   1.40000e+06     0.0378518
   1.60000e+06     0.0220844
