       90.9000       0.00000
       93.5000       0.00000
       96.1000       0.00000
       97.7000       0.00000
       99.6000       0.00000
       102.000       0.00000
       103.800       0.00000
       105.600       0.00000
       107.700       0.00000
       110.400       0.00000
       114.000       0.00000
       117.800       0.00000
       121.300       0.00000
       124.800       0.00000
       127.100       0.00000
       128.400       0.00000
       130.500       0.00000
       132.400       0.00000
       133.900       0.00000
       136.600       0.00000
       139.800       0.00000
       143.300       0.00000
       147.200       0.00000
       151.000       0.00000
       155.200       0.00000
       158.800       0.00000
       162.000       0.00000
       166.000       0.00000
       170.300       0.00000
       173.400       0.00000
       176.800       0.00000
       180.200       0.00000
       181.700       0.00000
       186.100       0.00000
       191.000       0.00000
       193.900       0.00000
       198.400       0.00000
       201.800       0.00000
       205.000       0.00000
       210.500       0.00000
       216.200       0.00000
       219.800       0.00000
       223.000       0.00000
       226.800       0.00000
       230.000       0.00000
       234.000       0.00000
       240.000       0.00000
       246.500       0.00000
       252.400       0.00000
       256.800       0.00000
       260.000       0.00000
       264.000       0.00000
       268.500       0.00000
       273.500       0.00000
       278.500       0.00000
       284.000       0.00000
       290.000       0.00000
       296.000       0.00000
       301.000       0.00000
       308.000       0.00000
       318.000       0.00000
       328.000       0.00000
       338.000       0.00000
       348.000       0.00000
       357.000       0.00000
       366.000       0.00000
       375.000       0.00000
       385.000       0.00000
       395.000       0.00000
       405.000       0.00000
       414.000       0.00000
       422.000       0.00000
       430.000       0.00000
       441.000       0.00000
       451.000       0.00000
       460.000       0.00000
       470.000       0.00000
       480.000       0.00000
       490.000       0.00000
       500.000       0.00000
       506.000       0.00000
       512.000       0.00000
       520.000       0.00000
       530.000       0.00000
       540.000       0.00000
       550.000       0.00000
       560.000       0.00000
       570.000       0.00000
       580.000       0.00000
       590.000       0.00000
       600.000       0.00000
       610.000       0.00000
       620.000       0.00000
       630.000       0.00000
       640.000       0.00000
       650.000       0.00000
       658.000       0.00000
       665.000       0.00000
       675.000       0.00000
       685.000       0.00000
       695.000       0.00000
       705.000       0.00000
       716.000       0.00000
       726.000       0.00000
       735.000       0.00000
       745.000       0.00000
       755.000       0.00000
       765.000       0.00000
       775.000       0.00000
       785.000       0.00000
       795.000       0.00000
       805.000       0.00000
       815.000       0.00000
       825.000       0.00000
       835.000       0.00000
       845.000       0.00000
       855.000       0.00000
       865.000       0.00000
       875.000       0.00000
       885.000       0.00000
       895.000       0.00000
       905.000       0.00000
       915.000       0.00000
       925.000   5.63230e-12
       935.000   8.32386e-12
       945.000   1.35438e-11
       955.000   1.34649e-11
       965.000   3.18436e-11
       975.000   3.27374e-11
       985.000   5.64460e-11
       995.000   9.62274e-11
       1005.00   1.31696e-10
       1015.00   1.91407e-10
       1025.00   2.84076e-10
       1035.00   6.63237e-10
       1045.00   9.92655e-10
       1055.00   1.07093e-09
       1065.00   2.59753e-09
       1075.00   3.79167e-09
       1085.00   7.06243e-09
       1095.00   1.01602e-08
       1105.00   1.35376e-08
       1115.00   1.89895e-08
       1125.00   4.32565e-08
       1135.00   7.54762e-08
       1145.00   1.22066e-07
       1155.00   1.80082e-07
       1165.00   2.29951e-07
       1175.00   3.63489e-07
       1185.00   4.38858e-07
       1195.00   4.92828e-07
       1205.00   4.02098e-07
       1215.00   2.12782e-07
       1225.00   6.66209e-07
       1235.00   1.85699e-06
       1245.00   2.82568e-06
       1255.00   4.02677e-06
       1265.00   5.10939e-06
       1275.00   7.04806e-06
       1285.00   7.35106e-06
       1295.00   9.37072e-06
       1305.00   1.17692e-05
       1315.00   1.48681e-05
       1325.00   1.72865e-05
       1335.00   1.97021e-05
       1345.00   2.68393e-05
       1355.00   3.45352e-05
       1365.00   3.98138e-05
       1375.00   4.38377e-05
       1385.00   5.31014e-05
       1395.00   6.07001e-05
       1405.00   8.30590e-05
       1415.00   0.000104381
       1425.00   0.000117591
       1435.00   0.000163670
       1442.00   0.000222719
       1447.00   0.000195993
       1455.00   0.000230573
       1465.00   0.000338723
       1475.00   0.000406510
       1485.00   0.000443215
       1495.00   0.000640367
       1505.00   0.000870612
       1512.00   0.000575063
       1517.00   0.000820092
       1525.00    0.00137134
       1535.00    0.00191049
       1545.00    0.00150473
       1555.00    0.00228248
       1565.00    0.00226156
       1575.00    0.00432068
       1585.00    0.00451346
       1595.00    0.00447022
       1605.00    0.00473336
       1615.00    0.00510030
       1625.00    0.00525614
       1635.00    0.00670885
       1645.00    0.00867725
       1655.00    0.00830051
       1665.00     0.0117587
       1672.00     0.0108698
       1677.00     0.0146575
       1685.00     0.0191349
       1695.00     0.0259683
       1705.00     0.0279286
       1715.00     0.0306523
       1725.00     0.0403226
       1735.00     0.0465984
       1745.00     0.0622918
       1755.00     0.0646797
       1765.00     0.0830634
       1775.00     0.0763846
       1785.00      0.134483
       1795.00      0.117450
       1805.00      0.193220
       1815.00      0.146039
       1825.00      0.224220
       1835.00      0.202707
       1845.00      0.280288
       1855.00      0.234784
       1865.00      0.374886
       1875.00      0.355275
       1885.00      0.441604
       1895.00      0.540753
       1905.00      0.575888
       1915.00      0.804800
       1925.00      0.693087
       1935.00      0.542010
       1945.00      0.955841
       1955.00       1.31697
       1967.00       1.41809
       1976.00       1.64072
       1984.00       2.05475
       1995.00       1.86528
       2005.00       2.14829
       2015.00       2.43460
       2025.00       2.31709
       2035.00       2.86003
       2045.00       3.00482
       2055.00       3.54533
       2065.00       3.41840
       2074.00       3.30875
       2078.00       5.55968
       2085.00       7.09667
       2095.00       7.71636
       2105.00       7.04901
       2115.00       7.12484
       2125.00       8.09304
       2135.00       10.2567
       2145.00       8.30342
       2155.00       9.87492
       2165.00       9.86027
       2175.00       10.7183
       2185.00       10.0104
       2195.00       15.9762
       2205.00       13.5760
       2215.00       16.4138
       2225.00       14.8679
       2235.00       23.7748
       2245.00       26.4129
       2255.00       32.0297
       2265.00       18.2402
       2275.00       33.1992
       2285.00       32.8415
       2295.00       52.0203
       2305.00       22.2187
       2315.00       64.2264
       2325.00       51.6148
       2335.00       78.2589
       2345.00       50.2552
       2355.00       44.9181
       2365.00       59.5484
       2375.00       57.7128
       2385.00       95.1591
       2395.00       87.5487
       2405.00       149.018
       2415.00       97.9642
       2425.00       123.155
       2435.00       172.721
       2445.00       231.369
       2455.00       265.260
       2465.00       176.702
       2475.00       301.612
       2485.00       122.611
       2495.00       142.352
       2505.00       267.463
       2513.00       194.564
       2518.00       205.016
       2525.00       243.247
       2535.00       496.462
       2545.00       600.603
       2555.00       663.085
       2565.00       389.521
       2575.00       592.939
       2585.00       463.258
       2595.00       543.835
       2605.00       724.035
       2615.00       672.506
       2625.00       972.467
       2635.00       1424.62
       2645.00       1200.89
       2655.00       1550.42
       2665.00       1437.60
       2675.00       1244.50
       2685.00       1640.91
       2695.00       1218.37
       2705.00       1814.24
       2715.00       1806.83
       2725.00       1613.89
       2735.00       1705.16
       2745.00       2278.12
       2755.00       2197.64
       2765.00       2831.83
       2775.00       3657.12
       2785.00       2598.96
       2795.00       3165.11
       2805.00       3276.56
       2815.00       3527.26
       2825.00       3768.99
       2835.00       3436.70
       2845.00       2763.47
       2855.00       1518.66
       2865.00       3958.54
       2875.00       4251.33
       2885.00       5824.39
       2895.00       6733.57
       2910.00       9189.93
       2930.00       8730.51
       2950.00       8220.75
       2970.00       8115.11
       2990.00       9278.67
       3010.00       9776.17
       3030.00       11332.0
       3050.00       13317.7
       3070.00       15141.7
       3090.00       14902.9
       3110.00       22960.4
       3130.00       21740.8
       3150.00       32563.4
       3170.00       47488.2
       3190.00       34393.3
       3210.00       40524.5
       3230.00       39092.5
       3250.00       71765.1
       3270.00       99427.8
       3290.00       121350.
       3310.00       94525.6
       3330.00       105081.
       3350.00       98948.6
       3370.00       56196.6
       3390.00       71660.8
       3410.00       77111.1
       3430.00       88411.5
       3450.00       83876.1
       3470.00       81942.1
       3490.00       117209.
       3510.00       164540.
       3530.00       149405.
       3550.00       212407.
       3570.00       85388.0
       3590.00       80580.8
       3610.00       130542.
       3630.00       165946.
       3640.00       193142.
       3650.00       247023.
       3670.00       321743.
       3690.00       216818.
       3710.00       168118.
       3730.00       77266.4
       3750.00       95741.1
       3770.00       230424.
       3790.00       256518.
       3810.00       214228.
       3830.00       88937.6
       3850.00       158729.
       3870.00       144020.
       3890.00       168821.
       3910.00       258150.
       3930.00       103317.
       3950.00       218821.
       3970.00       148210.
       3990.00       472141.
       4010.00       588684.
       4030.00       493619.
       4050.00       491007.
       4070.00       412780.
       4090.00       702289.
       4110.00       491250.
       4130.00       524714.
       4150.00       491297.
       4170.00       514760.
       4190.00       519943.
       4210.00       440643.
       4230.00       257521.
       4250.00       448176.
       4270.00       434504.
       4290.00       441413.
       4310.00       449677.
       4330.00       706346.
       4350.00       801322.
       4370.00       846519.
       4390.00       665472.
       4410.00       683121.
       4430.00       767133.
       4450.00       814472.
       4470.00       945347.
       4490.00       985063.
       4510.00   1.22389e+06
       4530.00       934166.
       4550.00   1.07586e+06
       4570.00   1.20352e+06
       4590.00   1.12741e+06
       4610.00   1.16537e+06
       4630.00   1.16494e+06
       4650.00   1.11901e+06
       4670.00   1.24668e+06
       4690.00   1.18647e+06
       4710.00   1.10405e+06
       4730.00   1.09071e+06
       4750.00   1.05797e+06
       4770.00       931838.
       4790.00   1.00397e+06
       4810.00   1.18791e+06
       4830.00   1.19238e+06
       4850.00   1.23867e+06
       4870.00   1.13703e+06
       4890.00   1.19201e+06
       4910.00   1.18558e+06
       4930.00   1.08633e+06
       4950.00   1.08807e+06
       4970.00   1.02758e+06
       4990.00       907463.
       5010.00       793757.
       5030.00       866419.
       5050.00       802963.
       5070.00       765848.
       5090.00       736576.
       5110.00       756719.
       5130.00       713811.
       5150.00       662000.
       5170.00       636042.
       5190.00       712423.
       5210.00       854857.
       5230.00   1.20675e+06
       5250.00   1.35132e+06
       5270.00   1.03482e+06
       5290.00   1.37248e+06
       5310.00   1.51809e+06
       5330.00   1.22971e+06
       5350.00   1.40018e+06
       5370.00   1.35606e+06
       5390.00   1.33072e+06
       5410.00   1.30004e+06
       5430.00   1.29125e+06
       5450.00   1.30462e+06
       5470.00   1.39117e+06
       5490.00   1.43442e+06
       5510.00   1.38171e+06
       5530.00   1.49862e+06
       5550.00   1.51952e+06
       5570.00   1.47475e+06
       5590.00   1.38862e+06
       5610.00   1.49605e+06
       5630.00   1.54831e+06
       5650.00   1.60995e+06
       5670.00   1.55678e+06
       5690.00   1.58972e+06
       5710.00   1.51286e+06
       5730.00   1.66112e+06
       5750.00   1.63898e+06
       5770.00   1.64993e+06
       5790.00   1.56821e+06
       5810.00   1.64894e+06
       5830.00   1.70681e+06
       5850.00   1.64375e+06
       5870.00   1.65280e+06
       5890.00   1.43407e+06
       5910.00   1.64819e+06
       5930.00   1.64898e+06
       5950.00   1.64994e+06
       5970.00   1.68393e+06
       5990.00   1.66284e+06
       6010.00   1.64136e+06
       6030.00   1.68706e+06
       6050.00   1.71102e+06
       6070.00   1.69578e+06
       6090.00   1.64474e+06
       6110.00   1.64983e+06
       6130.00   1.53061e+06
       6150.00   1.62794e+06
       6170.00   1.45481e+06
       6190.00   1.64522e+06
       6210.00   1.61666e+06
       6230.00   1.57339e+06
       6250.00   1.52177e+06
       6270.00   1.58414e+06
       6290.00   1.63046e+06
       6310.00   1.58645e+06
       6330.00   1.61330e+06
       6350.00   1.62763e+06
       6370.00   1.62513e+06
       6390.00   1.66157e+06
       6410.00   1.61610e+06
       6430.00   1.62593e+06
       6450.00   1.58815e+06
       6470.00   1.57547e+06
       6490.00   1.55736e+06
       6510.00   1.62888e+06
       6530.00   1.66256e+06
       6550.00   1.62836e+06
       6561.25   1.61314e+06
       6590.00   1.63642e+06
       6610.00   1.65084e+06
       6630.00   1.65058e+06
       6650.00   1.65217e+06
       6670.00   1.61332e+06
       6690.00   1.62397e+06
       6710.00   1.55180e+06
       6730.00   1.60655e+06
       6750.00   1.56951e+06
       6770.00   1.58475e+06
       6790.00   1.55900e+06
       6810.00   1.57455e+06
       6830.00   1.60064e+06
       6850.00   1.56601e+06
       6870.00   1.58221e+06
       6890.00   1.59899e+06
       6910.00   1.60308e+06
       6930.00   1.59502e+06
       6950.00   1.59856e+06
       6970.00   1.62531e+06
       6990.00   1.59682e+06
       7010.00   1.59738e+06
       7030.00   1.61781e+06
       7050.00   1.63161e+06
       7070.00   1.58870e+06
       7090.00   1.53501e+06
       7110.00   1.48279e+06
       7130.00   1.44121e+06
       7150.00   1.40921e+06
       7170.00   1.46907e+06
       7190.00   1.44050e+06
       7210.00   1.44890e+06
       7230.00   1.51614e+06
       7250.00   1.51502e+06
       7270.00   1.54305e+06
       7290.00   1.54090e+06
       7310.00   1.55652e+06
       7330.00   1.54306e+06
       7350.00   1.54758e+06
       7370.00   1.58046e+06
       7390.00   1.56329e+06
       7410.00   1.54512e+06
       7430.00   1.57360e+06
       7450.00   1.56428e+06
       7470.00   1.58130e+06
       7490.00   1.57454e+06
       7510.00   1.58667e+06
       7530.00   1.59600e+06
       7550.00   1.60090e+06
       7570.00   1.59239e+06
       7590.00   1.57878e+06
       7610.00   1.57413e+06
       7630.00   1.56997e+06
       7650.00   1.55591e+06
       7670.00   1.47275e+06
       7690.00   1.53040e+06
       7710.00   1.48533e+06
       7730.00   1.51107e+06
       7750.00   1.49250e+06
       7770.00   1.52083e+06
       7790.00   1.52054e+06
       7810.00   1.51727e+06
       7830.00   1.49570e+06
       7850.00   1.48779e+06
       7870.00   1.52330e+06
       7890.00   1.51032e+06
       7910.00   1.48957e+06
       7930.00   1.48644e+06
       7950.00   1.46669e+06
       7970.00   1.51147e+06
       7990.00   1.50739e+06
       8010.00   1.50158e+06
       8030.00   1.49843e+06
       8050.00   1.49524e+06
       8070.00   1.49599e+06
       8090.00   1.48555e+06
       8110.00   1.49805e+06
       8130.00   1.51207e+06
       8150.00   1.50998e+06
       8170.00   1.50559e+06
       8190.00   1.41737e+06
       8210.00   1.47056e+06
       8230.00   1.48250e+06
       8250.00   1.48113e+06
       8270.00   1.50196e+06
       8290.00   1.49247e+06
       8310.00   1.46238e+06
       8330.00   1.43593e+06
       8350.00   1.45289e+06
       8370.00   1.45294e+06
       8390.00   1.37779e+06
       8410.00   1.44715e+06
       8430.00   1.38007e+06
       8450.00   1.40404e+06
       8470.00   1.39899e+06
       8490.00   1.41028e+06
       8510.00   1.35221e+06
       8530.00   1.41194e+06
       8550.00   1.34170e+06
       8570.00   1.42419e+06
       8590.00   1.40796e+06
       8610.00   1.40331e+06
       8630.00   1.41406e+06
       8650.00   1.42953e+06
       8670.00   1.32171e+06
       8690.00   1.35554e+06
       8710.00   1.40698e+06
       8730.00   1.40657e+06
       8750.00   1.40202e+06
       8770.00   1.39749e+06
       8790.00   1.40425e+06
       8810.00   1.35100e+06
       8830.00   1.37392e+06
       8850.00   1.39312e+06
       8870.00   1.38157e+06
       8890.00   1.40363e+06
       8910.00   1.40384e+06
       8930.00   1.37994e+06
       8950.00   1.36950e+06
       8970.00   1.37562e+06
       8990.00   1.38111e+06
       9010.00   1.32255e+06
       9030.00   1.36035e+06
       9050.00   1.38613e+06
       9070.00   1.38108e+06
       9090.00   1.33347e+06
       9110.00   1.34319e+06
       9130.00   1.36181e+06
       9150.00   1.35892e+06
       9170.00   1.35686e+06
       9190.00   1.36702e+06
       9210.00   1.34074e+06
       9230.00   1.34900e+06
       9250.00   1.32878e+06
       9270.00   1.32827e+06
       9290.00   1.31876e+06
       9310.00   1.33491e+06
       9330.00   1.32950e+06
       9350.00   1.32020e+06
       9370.00   1.30032e+06
       9390.00   1.31932e+06
       9410.00   1.29223e+06
       9430.00   1.31476e+06
       9450.00   1.28490e+06
       9470.00   1.30871e+06
       9490.00   1.31069e+06
       9510.00   1.30273e+06
       9530.00   1.29743e+06
       9550.00   1.27300e+06
       9570.00   1.27678e+06
       9590.00   1.29784e+06
       9610.00   1.27416e+06
       9630.00   1.28431e+06
       9650.00   1.23834e+06
       9670.00   1.24200e+06
       9690.00   1.26878e+06
       9710.00   1.25377e+06
       9730.00   1.23923e+06
       9750.00   1.24247e+06
       9770.00   1.24970e+06
       9790.00   1.21913e+06
       9810.00   1.26189e+06
       9830.00   1.24580e+06
       9850.00   1.26059e+06
       9870.00   1.25065e+06
       9890.00   1.24837e+06
       9910.00   1.24606e+06
       9930.00   1.24384e+06
       9950.00   1.24230e+06
       9970.00   1.24077e+06
       9990.00   1.23845e+06
       10025.0   1.22671e+06
       10075.0   1.21627e+06
       10125.0   1.21553e+06
       10175.0   1.20296e+06
       10225.0   1.19706e+06
       10275.0   1.19547e+06
       10325.0   1.17434e+06
       10375.0   1.16819e+06
       10425.0   1.17168e+06
       10475.0   1.15770e+06
       10525.0   1.15894e+06
       10575.0   1.14373e+06
       10625.0   1.14100e+06
       10675.0   1.12455e+06
       10725.0   1.12100e+06
       10775.0   1.11237e+06
       10825.0   1.09289e+06
       10875.0   1.09768e+06
       10925.0   1.10195e+06
       10975.0   1.08924e+06
       11025.0   1.08865e+06
       11075.0   1.08699e+06
       11125.0   1.07839e+06
       11175.0   1.06683e+06
       11225.0   1.06659e+06
       11275.0   1.04506e+06
       11325.0   1.04655e+06
       11375.0   1.03140e+06
       11425.0   1.01641e+06
       11475.0   1.03330e+06
       11525.0   1.03280e+06
       11575.0   1.01926e+06
       11625.0       999750.
       11675.0   1.00259e+06
       11725.0   1.00993e+06
       11775.0       987103.
       11825.0       980740.
       11875.0       969666.
       11925.0       988017.
       11975.0       950544.
       12025.0       970480.
       12075.0       958946.
       12125.0       963046.
       12175.0       962345.
       12225.0       956506.
       12275.0       948904.
       12325.0       943726.
       12375.0       941256.
       12425.0       931695.
       12475.0       932448.
       12525.0       921152.
       12575.0       922203.
       12625.0       916000.
       12675.0       906982.
       12725.0       907965.
       12775.0       907612.
       12825.0       879340.
       12875.0       889727.
       12925.0       877670.
       12975.0       888373.
       13025.0       879101.
       13075.0       881492.
       13125.0       853597.
       13175.0       858460.
       13225.0       867619.
       13275.0       854190.
       13325.0       855515.
       13375.0       854458.
       13425.0       856237.
       13475.0       852031.
       13525.0       848668.
       13575.0       838380.
       13625.0       831304.
       13675.0       836719.
       13725.0       838134.
       13775.0       831941.
       13825.0       831749.
       13875.0       821597.
       13925.0       827209.
       13975.0       824985.
       14025.0       813099.
       14075.0       819827.
       14125.0       811219.
       14175.0       816175.
       14225.0       804639.
       14275.0       784018.
       14325.0       804477.
       14375.0       805399.
       14425.0       787243.
       14475.0       800405.
       14525.0       789565.
       14570.0       789842.
       14620.0       793843.
       14675.0       791787.
       14725.0       780129.
       14775.0       780898.
       14825.0       782067.
       14875.0       762006.
       14925.0       785880.
       14975.0       776239.
       15025.0       730463.
       15075.0       750773.
       15125.0       773451.
       15175.0       770113.
       15225.0       768053.
       15275.0       771559.
       15325.0       766965.
       15375.0       770702.
       15425.0       772143.
       15475.0       769285.
       15525.0       758664.
       15575.0       755804.
       15625.0       761421.
       15675.0       747832.
       15725.0       751143.
       15775.0       717504.
       15825.0       739469.
       15875.0       723592.
       15925.0       735811.
       15975.0       737546.
       16050.0       739560.
       16150.0       728365.
       16250.0       724878.
       16350.0       718772.
       16450.0       706495.
       16550.0       698300.
       16650.0       684460.
       16750.0       662334.
       16850.0       655478.
       16950.0       649287.
       17050.0       628747.
       17150.0       616518.
       17250.0       603832.
       17350.0       593525.
       17450.0       582771.
       17550.0       572821.
       17650.0       563725.
       17750.0       550372.
       17850.0       544151.
       17950.0       532435.
       18050.0       520296.
       18150.0       511776.
       18250.0       501059.
       18350.0       490903.
       18450.0       476764.
       18550.0       474451.
       18650.0       460918.
       18750.0       450164.
       18850.0       447012.
       18950.0       428574.
       19050.0       431934.
       19150.0       422668.
       19250.0       416143.
       19350.0       401882.
       19450.0       392940.
       19550.0       391040.
       19650.0       386358.
       19750.0       372797.
       19850.0       367588.
       19950.0       363893.
       20050.0       363280.
       20150.0       357568.
       20250.0       347513.
       20350.0       342150.
       20450.0       339218.
       20550.0       332739.
       20650.0       325416.
       20750.0       320984.
       20850.0       315468.
       20950.0       307228.
       21050.0       305149.
       21150.0       299011.
       21250.0       294802.
       21350.0       291047.
       21450.0       286120.
       21550.0       281394.
       21650.0       276020.
       21750.0       270565.
       21850.0       267147.
       21950.0       262975.
       22050.0       253443.
       22150.0       255445.
       22250.0       247781.
       22350.0       245230.
       22450.0       241801.
       22550.0       239210.
       22650.0       232623.
       22750.0       231965.
       22850.0       226490.
       22950.0       203864.
       23050.0       211622.
       23150.0       209994.
       23250.0       188413.
       23350.0       195613.
       23450.0       198182.
       23550.0       177625.
       23650.0       187219.
       23750.0       187396.
       23850.0       169774.
       23950.0       177028.
       24050.0       178191.
       24150.0       164426.
       24250.0       168742.
       24350.0       169862.
       24450.0       161285.
       24550.0       159292.
       24650.0       163273.
       24750.0       157762.
       24850.0       151937.
       24950.0       154764.
       25050.0       155969.
       25150.0       147590.
       25250.0       149767.
       25350.0       148946.
       25450.0       145218.
       25550.0       143703.
       25650.0       142671.
       25750.0       142252.
       25850.0       137077.
       25950.0       137304.
       26050.0       136641.
       26150.0       134782.
       26250.0       132046.
       26350.0       131219.
       26450.0       129540.
       26550.0       128186.
       26650.0       125131.
       26750.0       126287.
       26850.0       124512.
       26950.0       122443.
       27050.0       121344.
       27150.0       119941.
       27250.0       118494.
       27350.0       116874.
       27450.0       115789.
       27550.0       114567.
       27650.0       112676.
       27750.0       111141.
       27850.0       110034.
       27950.0       109002.
       28050.0       107488.
       28150.0       105956.
       28250.0       104782.
       28350.0       103735.
       28450.0       102225.
       28550.0       100983.
       28650.0       99747.3
       28750.0       98644.4
       28850.0       97355.2
       28950.0       96148.9
       29050.0       94840.8
       29150.0       93734.5
       29250.0       91606.4
       29350.0       91328.7
       29450.0       90223.0
       29550.0       89182.0
       29650.0       88204.3
       29750.0       87169.7
       29850.0       85973.5
       29950.0       84829.2
       30050.0       83865.1
       30150.0       82965.7
       30250.0       81771.7
       30350.0       80828.8
       30450.0       80014.4
       30550.0       78946.5
       30650.0       77918.9
       30750.0       77134.0
       30850.0       75870.8
       30950.0       75216.1
       31050.0       74415.9
       31150.0       72995.4
       31250.0       72629.3
       31350.0       71768.0
       31450.0       70927.7
       31550.0       69971.6
       31650.0       69075.1
       31750.0       68472.5
       31850.0       67671.8
       31950.0       66920.4
       32100.0       65711.5
       32300.0       64163.6
       32500.0       62716.5
       32700.0       61250.5
       32900.0       59885.1
       33100.0       58493.1
       33300.0       57092.7
       33500.0       56003.5
       33700.0       54720.4
       33900.0       53417.8
       34100.0       52154.8
       34300.0       51228.1
       34500.0       50167.4
       34700.0       49068.3
       34900.0       48025.0
       35100.0       47038.9
       35300.0       45978.3
       35500.0       45058.2
       35700.0       44084.8
       35900.0       43162.3
       36100.0       42312.5
       36300.0       41438.7
       36500.0       40524.9
       36700.0       39645.2
       36900.0       38740.8
       37100.0       37935.5
       37300.0       37310.5
       37500.0       36466.2
       37700.0       35849.7
       37900.0       35118.2
       38100.0       34462.4
       38300.0       33828.7
       38500.0       33175.7
       38700.0       32370.8
       38900.0       31854.6
       39100.0       31288.0
       39300.0       30687.5
       39500.0       29986.3
       39700.0       29486.6
       39900.0       28775.2
       40100.0       28346.0
       40300.0       27891.4
       40500.0       27285.8
       40700.0       26838.7
       40900.0       26362.9
       41100.0       25872.7
       41300.0       25426.2
       41500.0       24943.3
       41700.0       24492.3
       41900.0       23952.2
       42100.0       23495.6
       42300.0       23221.3
       42500.0       22757.1
       42700.0       22399.8
       42900.0       21049.2
       43100.0       19771.8
       43300.0       19773.2
       43500.0       18628.2
       43700.0       17955.4
       43900.0       17551.7
       44100.0       16650.6
       44300.0       16323.8
       44500.0       16051.6
       44700.0       15297.4
       44900.0       15353.2
       45100.0       14850.0
       45300.0       14415.0
       45500.0       14407.6
       45700.0       14310.2
       45900.0       13740.9
       46100.0       13858.8
       46300.0       13598.5
       46500.0       13548.9
       46700.0       13514.4
       46900.0       13255.4
       47100.0       12994.6
       47300.0       13117.8
       47500.0       12754.8
       47700.0       12602.1
       47900.0       12518.5
       48100.0       12129.7
       48300.0       12276.2
       48500.0       12051.7
       48700.0       11746.2
       48900.0       11576.0
       49100.0       11487.0
       49300.0       11262.6
       49500.0       11056.9
       49700.0       11007.8
       49900.0       10843.4
       50100.0       10705.9
       50300.0       10585.2
       50500.0       10318.9
       50700.0       10269.7
       50900.0       10156.5
       51100.0       9929.53
       51300.0       9946.74
       51500.0       9718.50
       51700.0       9711.81
       51900.0       9499.49
       52100.0       9435.58
       52300.0       9244.27
       52500.0       9203.09
       52700.0       9158.06
       52900.0       8908.01
       53100.0       8827.13
       53300.0       8755.58
       53500.0       8655.88
       53700.0       8574.67
       53900.0       8478.35
       54100.0       8375.62
       54300.0       8188.95
       54500.0       8181.47
       54700.0       8067.23
       54900.0       7960.56
       55100.0       7872.97
       55300.0       7897.92
       55500.0       7660.58
       55700.0       7674.76
       55900.0       7537.72
       56100.0       7463.00
       56300.0       7335.91
       56500.0       7305.19
       56700.0       7221.05
       56900.0       7086.83
       57100.0       7065.58
       57300.0       6966.54
       57500.0       6890.82
       57700.0       6790.97
       57900.0       6750.88
       58100.0       6633.50
       58300.0       6565.56
       58500.0       6498.07
       58700.0       6392.31
       58900.0       6322.26
       59100.0       6264.55
       59300.0       6190.01
       59500.0       6109.09
       59700.0       6055.86
       59900.0       5980.74
       60100.0       5912.11
       60300.0       5838.87
       60500.0       5752.26
       60700.0       5686.40
       60900.0       5623.31
       61100.0       5545.89
       61300.0       5492.32
       61500.0       5430.66
       61700.0       5369.28
       61900.0       5309.37
       62100.0       5250.71
       62300.0       5181.14
       62500.0       5112.06
       62700.0       5047.30
       62900.0       5000.11
       63100.0       4936.11
       63300.0       4892.65
       63500.0       4826.19
       63700.0       4781.17
       63900.0       4716.32
       64200.0       4637.15
       64600.0       4527.99
       65000.0       4424.20
       65400.0       4323.83
       65800.0       4226.78
       66200.0       4128.75
       66600.0       4035.48
       67000.0       3944.38
       67400.0       3853.67
       67800.0       3767.52
       68200.0       3681.82
       68600.0       3601.46
       69000.0       3521.29
       69400.0       3443.27
       69800.0       3368.04
       70200.0       3292.47
       70600.0       3221.86
       71000.0       3152.25
       71400.0       3084.44
       71800.0       3017.80
       72200.0       2953.74
       72600.0       2890.76
       73000.0       2829.83
       73400.0       2769.00
       73800.0       2711.81
       74200.0       2652.20
       74600.0       2598.05
       75000.0       2544.55
       75400.0       2490.86
       75800.0       2443.66
       76200.0       2393.87
       76600.0       2345.50
       77000.0       2297.74
       77400.0       2252.24
       77800.0       2207.41
       78200.0       2163.64
       78600.0       2120.88
       79000.0       2079.17
       79400.0       2038.61
       79800.0       1999.06
       80200.0       1958.85
       80600.0       1921.76
       81000.0       1885.37
       81400.0       1849.15
       81800.0       1814.61
       82200.0       1780.33
       82600.0       1746.73
       83000.0       1713.96
       83400.0       1681.26
       83800.0       1649.58
       84200.0       1620.08
       84600.0       1590.00
       85000.0       1561.15
       85400.0       1532.97
       85800.0       1505.31
       86200.0       1478.14
       86600.0       1451.65
       87000.0       1425.49
       87400.0       1400.24
       87800.0       1375.35
       88200.0       1350.84
       88600.0       1327.20
       89000.0       1303.74
       89400.0       1281.35
       89800.0       1258.24
       90200.0       1237.38
       90600.0       1216.10
       91000.0       1193.93
       91400.0       1174.62
       91800.0       1154.34
       92200.0       1135.44
       92600.0       1116.25
       93000.0       1097.57
       93400.0       1079.16
       93800.0       1061.24
       94200.0       1043.67
       94600.0       1026.36
       95000.0       1009.51
       95400.0       992.993
       95800.0       976.837
       96200.0       960.955
       96600.0       945.423
       97000.0       930.195
       97400.0       914.548
       97800.0       900.505
       98200.0       886.308
       98600.0       872.273
       99000.0       858.512
       99400.0       844.982
       99800.0       831.754
       100200.       818.785
       200000.       53.2160
       400000.       3.36091
       600000.      0.663475
       800000.      0.209280
   1.00000e+06     0.0854048
   1.20000e+06     0.0410322
   1.40000e+06     0.0220676
   1.60000e+06     0.0128902
