       90.9000       0.00000
       93.5000       0.00000
       96.1000       0.00000
       97.7000       0.00000
       99.6000       0.00000
       102.000       0.00000
       103.800       0.00000
       105.600       0.00000
       107.700       0.00000
       110.400       0.00000
       114.000       0.00000
       117.800       0.00000
       121.300       0.00000
       124.800       0.00000
       127.100       0.00000
       128.400       0.00000
       130.500       0.00000
       132.400       0.00000
       133.900       0.00000
       136.600       0.00000
       139.800       0.00000
       143.300       0.00000
       147.200       0.00000
       151.000       0.00000
       155.200       0.00000
       158.800       0.00000
       162.000       0.00000
       166.000       0.00000
       170.300       0.00000
       173.400       0.00000
       176.800       0.00000
       180.200       0.00000
       181.700       0.00000
       186.100       0.00000
       191.000       0.00000
       193.900       0.00000
       198.400       0.00000
       201.800       0.00000
       205.000       0.00000
       210.500       0.00000
       216.200       0.00000
       219.800       0.00000
       223.000       0.00000
       226.800       0.00000
       230.000       0.00000
       234.000       0.00000
       240.000       0.00000
       246.500       0.00000
       252.400       0.00000
       256.800       0.00000
       260.000       0.00000
       264.000       0.00000
       268.500       0.00000
       273.500       0.00000
       278.500       0.00000
       284.000       0.00000
       290.000       0.00000
       296.000       0.00000
       301.000       0.00000
       308.000       0.00000
       318.000       0.00000
       328.000       0.00000
       338.000       0.00000
       348.000       0.00000
       357.000       0.00000
       366.000       0.00000
       375.000       0.00000
       385.000       0.00000
       395.000       0.00000
       405.000       0.00000
       414.000       0.00000
       422.000       0.00000
       430.000       0.00000
       441.000       0.00000
       451.000       0.00000
       460.000       0.00000
       470.000       0.00000
       480.000       0.00000
       490.000       0.00000
       500.000       0.00000
       506.000       0.00000
       512.000       0.00000
       520.000       0.00000
       530.000       0.00000
       540.000       0.00000
       550.000       0.00000
       560.000       0.00000
       570.000       0.00000
       580.000       0.00000
       590.000       0.00000
       600.000       0.00000
       610.000       0.00000
       620.000       0.00000
       630.000       0.00000
       640.000       0.00000
       650.000       0.00000
       658.000       0.00000
       665.000       0.00000
       675.000       0.00000
       685.000       0.00000
       695.000       0.00000
       705.000       0.00000
       716.000       0.00000
       726.000       0.00000
       735.000       0.00000
       745.000       0.00000
       755.000       0.00000
       765.000       0.00000
       775.000       0.00000
       785.000       0.00000
       795.000       0.00000
       805.000       0.00000
       815.000       0.00000
       825.000       0.00000
       835.000       0.00000
       845.000       0.00000
       855.000       0.00000
       865.000       0.00000
       875.000       0.00000
       885.000       0.00000
       895.000       0.00000
       905.000       0.00000
       915.000       0.00000
       925.000   2.24257e-13
       935.000   3.11335e-13
       945.000   5.84148e-13
       955.000   6.14318e-13
       965.000   1.46614e-12
       975.000   1.96417e-12
       985.000   3.21117e-12
       995.000   5.73719e-12
       1005.00   8.59372e-12
       1015.00   1.31213e-11
       1025.00   2.18051e-11
       1035.00   4.57468e-11
       1045.00   7.05353e-11
       1055.00   8.25505e-11
       1065.00   1.88148e-10
       1075.00   2.85802e-10
       1085.00   5.70460e-10
       1095.00   8.29230e-10
       1105.00   1.15442e-09
       1115.00   1.81286e-09
       1125.00   4.08335e-09
       1135.00   8.01231e-09
       1145.00   1.35911e-08
       1155.00   2.11459e-08
       1165.00   2.93590e-08
       1175.00   5.10130e-08
       1185.00   6.10667e-08
       1195.00   7.39096e-08
       1205.00   6.24656e-08
       1215.00   3.38623e-08
       1225.00   1.10908e-07
       1235.00   3.09293e-07
       1245.00   4.96766e-07
       1255.00   7.63471e-07
       1265.00   9.70251e-07
       1275.00   1.40315e-06
       1285.00   1.51059e-06
       1295.00   1.95818e-06
       1305.00   2.61340e-06
       1315.00   3.32303e-06
       1325.00   3.99235e-06
       1335.00   4.64132e-06
       1345.00   6.43515e-06
       1355.00   8.43220e-06
       1365.00   9.69494e-06
       1375.00   1.02706e-05
       1385.00   1.26577e-05
       1395.00   1.48538e-05
       1405.00   2.05291e-05
       1415.00   2.59241e-05
       1425.00   2.85893e-05
       1435.00   4.08815e-05
       1442.00   5.64308e-05
       1447.00   4.87077e-05
       1455.00   5.74147e-05
       1465.00   8.52434e-05
       1475.00   0.000103162
       1485.00   0.000111255
       1495.00   0.000163410
       1505.00   0.000224572
       1512.00   0.000144477
       1517.00   0.000211113
       1525.00   0.000292896
       1535.00   0.000378805
       1545.00   0.000321425
       1555.00   0.000458616
       1565.00   0.000482198
       1575.00   0.000785482
       1585.00   0.000872971
       1595.00   0.000914688
       1605.00    0.00100782
       1615.00    0.00115322
       1625.00    0.00124249
       1635.00    0.00159051
       1645.00    0.00199696
       1655.00    0.00207881
       1665.00    0.00278095
       1672.00    0.00272200
       1677.00    0.00338281
       1685.00    0.00425795
       1695.00    0.00562665
       1705.00    0.00613144
       1715.00    0.00699274
       1725.00    0.00888023
       1735.00     0.0103016
       1745.00     0.0133618
       1755.00     0.0143095
       1765.00     0.0174892
       1775.00     0.0177793
       1785.00     0.0273329
       1795.00     0.0261418
       1805.00     0.0383307
       1815.00     0.0330766
       1825.00     0.0468608
       1835.00     0.0454239
       1845.00     0.0610246
       1855.00     0.0556015
       1865.00     0.0794624
       1875.00     0.0802695
       1885.00     0.0969365
       1895.00      0.117508
       1905.00      0.128341
       1915.00      0.168897
       1925.00      0.157072
       1935.00      0.130660
       1945.00      0.212025
       1955.00      0.277618
       1967.00      0.308115
       1976.00      0.351290
       1984.00      0.426024
       1995.00      0.411078
       2005.00      0.472972
       2015.00      0.537925
       2025.00      0.537421
       2035.00      0.650941
       2045.00      0.695263
       2055.00      0.803770
       2065.00      0.813638
       2074.00      0.808449
       2078.00       1.27465
       2085.00       1.64004
       2095.00       1.78364
       2105.00       1.69660
       2115.00       1.79993
       2125.00       2.04483
       2135.00       2.50714
       2145.00       2.14942
       2155.00       2.54259
       2165.00       2.56481
       2175.00       2.81372
       2185.00       2.72592
       2195.00       4.02712
       2205.00       3.63711
       2215.00       4.25979
       2225.00       3.99451
       2235.00       5.83857
       2245.00       6.57167
       2255.00       7.80721
       2265.00       5.23089
       2275.00       8.52291
       2285.00       8.60793
       2295.00       12.7388
       2305.00       6.53259
       2315.00       15.7842
       2325.00       13.5802
       2335.00       19.3844
       2345.00       13.5332
       2355.00       12.7752
       2365.00       15.9961
       2375.00       16.0520
       2385.00       24.2136
       2395.00       23.2415
       2405.00       37.2437
       2415.00       26.2241
       2425.00       31.6144
       2435.00       43.7852
       2445.00       56.4551
       2455.00       64.3196
       2465.00       46.3989
       2475.00       73.4196
       2485.00       36.7474
       2495.00       41.5909
       2505.00       69.7024
       2513.00       54.8347
       2518.00       61.3136
       2525.00       70.4934
       2535.00       125.015
       2545.00       149.744
       2555.00       162.147
       2565.00       104.609
       2575.00       147.775
       2585.00       123.395
       2595.00       139.368
       2605.00       181.181
       2615.00       172.338
       2625.00       240.889
       2635.00       333.490
       2645.00       285.611
       2655.00       359.493
       2665.00       341.725
       2675.00       304.959
       2685.00       392.119
       2695.00       312.701
       2705.00       450.870
       2715.00       454.761
       2725.00       421.324
       2735.00       435.947
       2745.00       582.318
       2755.00       559.485
       2765.00       707.119
       2775.00       897.035
       2785.00       664.699
       2795.00       872.380
       2805.00       875.077
       2815.00       860.979
       2825.00       917.111
       2835.00       854.358
       2845.00       739.356
       2855.00       466.856
       2865.00       1033.32
       2875.00       1070.58
       2885.00       1478.77
       2895.00       1686.94
       2910.00       2047.84
       2930.00       2189.93
       2950.00       2130.08
       2970.00       2103.33
       2990.00       2446.78
       3010.00       2636.88
       3030.00       3043.50
       3050.00       3601.83
       3070.00       3664.22
       3090.00       3655.96
       3110.00       5000.04
       3130.00       5079.78
       3150.00       6632.13
       3170.00       9229.22
       3190.00       8099.48
       3210.00       9852.15
       3230.00       10517.4
       3250.00       15407.7
       3270.00       19613.9
       3290.00       24985.0
       3310.00       22163.5
       3330.00       25968.8
       3350.00       25061.8
       3370.00       18480.1
       3390.00       24381.1
       3410.00       26749.3
       3430.00       28762.1
       3450.00       25227.1
       3470.00       25277.8
       3490.00       32751.8
       3510.00       44143.2
       3530.00       42531.8
       3550.00       60922.6
       3570.00       29925.8
       3590.00       26577.9
       3610.00       40445.0
       3630.00       51951.3
       3640.00       58828.6
       3650.00       65697.7
       3670.00       88892.7
       3690.00       66345.1
       3710.00       52704.7
       3730.00       27678.9
       3750.00       34647.1
       3770.00       75426.1
       3790.00       83169.1
       3810.00       76944.2
       3830.00       36491.9
       3850.00       61496.8
       3870.00       56564.0
       3890.00       61426.2
       3910.00       87166.4
       3930.00       40566.2
       3950.00       78596.1
       3970.00       57536.6
       3990.00       147781.
       4010.00       186312.
       4030.00       148406.
       4050.00       165874.
       4070.00       147893.
       4090.00       219519.
       4110.00       163152.
       4130.00       179923.
       4150.00       175108.
       4170.00       184696.
       4190.00       184517.
       4210.00       131740.
       4230.00       66749.9
       4250.00       132647.
       4270.00       155668.
       4290.00       158902.
       4310.00       171485.
       4330.00       246205.
       4350.00       276757.
       4370.00       292319.
       4390.00       243255.
       4410.00       245548.
       4430.00       249421.
       4450.00       271497.
       4470.00       311741.
       4490.00       328591.
       4510.00       384156.
       4530.00       304125.
       4550.00       346987.
       4570.00       390712.
       4590.00       355396.
       4610.00       377491.
       4630.00       368859.
       4650.00       352887.
       4670.00       387097.
       4690.00       372635.
       4710.00       355824.
       4730.00       342735.
       4750.00       330087.
       4770.00       263562.
       4790.00       292448.
       4810.00       339668.
       4830.00       352041.
       4850.00       386844.
       4870.00       390170.
       4890.00       408884.
       4910.00       413077.
       4930.00       393224.
       4950.00       353844.
       4970.00       307688.
       4990.00       295104.
       5010.00       264371.
       5030.00       288717.
       5050.00       278709.
       5070.00       269362.
       5090.00       268035.
       5110.00       276213.
       5130.00       266706.
       5150.00       250775.
       5170.00       232982.
       5190.00       265889.
       5210.00       305308.
       5230.00       450665.
       5250.00       494667.
       5270.00       405313.
       5290.00       527561.
       5310.00       568354.
       5330.00       491559.
       5350.00       535274.
       5370.00       527505.
       5390.00       529978.
       5410.00       527573.
       5430.00       521125.
       5450.00       457606.
       5470.00       490830.
       5490.00       512759.
       5510.00       494054.
       5530.00       561322.
       5550.00       577549.
       5570.00       584326.
       5590.00       552423.
       5610.00       529901.
       5630.00       577524.
       5650.00       625722.
       5670.00       614308.
       5690.00       646255.
       5710.00       631476.
       5730.00       691549.
       5750.00       690791.
       5770.00       668528.
       5790.00       667064.
       5810.00       668885.
       5830.00       695583.
       5850.00       677845.
       5870.00       660081.
       5890.00       584977.
       5910.00       657011.
       5930.00       660386.
       5950.00       662520.
       5970.00       682474.
       5990.00       690209.
       6010.00       695479.
       6030.00       723427.
       6050.00       738506.
       6070.00       744659.
       6090.00       737237.
       6110.00       736445.
       6130.00       699856.
       6150.00       728948.
       6170.00       597729.
       6190.00       661980.
       6210.00       629022.
       6230.00       601937.
       6250.00       604823.
       6270.00       635028.
       6290.00       672141.
       6310.00       682467.
       6330.00       690140.
       6350.00       698104.
       6370.00       704386.
       6390.00       711719.
       6410.00       692321.
       6430.00       697935.
       6450.00       677494.
       6470.00       676084.
       6490.00       670448.
       6510.00       706924.
       6530.00       722054.
       6550.00       709143.
       6561.25       711430.
       6590.00       718491.
       6610.00       718047.
       6630.00       716430.
       6650.00       725595.
       6670.00       680130.
       6690.00       623924.
       6710.00       570751.
       6730.00       563487.
       6750.00       552455.
       6770.00       547363.
       6790.00       537712.
       6810.00       559156.
       6830.00       581988.
       6850.00       587394.
       6870.00       602114.
       6890.00       630438.
       6910.00       658764.
       6930.00       663172.
       6950.00       692977.
       6970.00       723250.
       6990.00       731099.
       7010.00       760880.
       7030.00       775706.
       7050.00       793595.
       7070.00       754668.
       7090.00       611575.
       7110.00       506408.
       7130.00       478945.
       7150.00       468340.
       7170.00       494736.
       7190.00       499967.
       7210.00       506104.
       7230.00       558938.
       7250.00       594326.
       7270.00       637784.
       7290.00       667507.
       7310.00       711145.
       7330.00       728585.
       7350.00       753217.
       7370.00       785894.
       7390.00       801789.
       7410.00       815511.
       7430.00       831054.
       7450.00       831145.
       7470.00       851343.
       7490.00       855398.
       7510.00       865744.
       7530.00       875835.
       7550.00       877876.
       7570.00       878436.
       7590.00       875317.
       7610.00       856281.
       7630.00       799640.
       7650.00       748150.
       7670.00       699811.
       7690.00       685791.
       7710.00       672985.
       7730.00       671777.
       7750.00       674900.
       7770.00       665565.
       7790.00       694123.
       7810.00       692734.
       7830.00       681888.
       7850.00       665701.
       7870.00       705264.
       7890.00       695339.
       7910.00       695380.
       7930.00       712365.
       7950.00       721959.
       7970.00       738979.
       7990.00       758948.
       8010.00       779060.
       8030.00       777755.
       8050.00       792615.
       8070.00       807087.
       8090.00       814498.
       8110.00       832824.
       8130.00       849707.
       8150.00       858019.
       8170.00       861782.
       8190.00       817982.
       8210.00       862515.
       8230.00       872122.
       8250.00       864799.
       8270.00       874557.
       8290.00       870945.
       8310.00       853774.
       8330.00       831166.
       8350.00       842696.
       8370.00       838566.
       8390.00       799197.
       8410.00       821820.
       8430.00       739679.
       8450.00       673606.
       8470.00       689386.
       8490.00       694975.
       8510.00       674077.
       8530.00       706490.
       8550.00       700715.
       8570.00       734021.
       8590.00       746690.
       8610.00       762536.
       8630.00       779087.
       8650.00       794068.
       8670.00       752419.
       8690.00       782983.
       8710.00       816189.
       8730.00       823575.
       8750.00       823702.
       8770.00       827198.
       8790.00       839529.
       8810.00       825480.
       8830.00       829862.
       8850.00       842085.
       8870.00       838962.
       8890.00       849301.
       8910.00       851567.
       8930.00       844969.
       8950.00       842420.
       8970.00       846300.
       8990.00       852280.
       9010.00       827711.
       9030.00       844978.
       9050.00       856196.
       9070.00       857920.
       9090.00       836002.
       9110.00       840416.
       9130.00       850522.
       9150.00       849733.
       9170.00       850824.
       9190.00       852433.
       9210.00       824397.
       9230.00       810480.
       9250.00       806627.
       9270.00       798985.
       9290.00       781930.
       9310.00       792656.
       9330.00       794022.
       9350.00       783604.
       9370.00       776573.
       9390.00       793392.
       9410.00       787343.
       9430.00       790107.
       9450.00       784404.
       9470.00       799284.
       9490.00       800604.
       9510.00       800614.
       9530.00       800990.
       9550.00       790493.
       9570.00       797681.
       9590.00       810088.
       9610.00       797990.
       9630.00       810318.
       9650.00       782326.
       9670.00       787554.
       9690.00       805330.
       9710.00       797540.
       9730.00       789291.
       9750.00       795686.
       9770.00       801825.
       9790.00       782987.
       9810.00       810919.
       9830.00       802243.
       9850.00       811724.
       9870.00       809327.
       9890.00       808753.
       9910.00       807026.
       9930.00       805078.
       9950.00       805422.
       9970.00       804543.
       9990.00       805591.
       10025.0       797914.
       10075.0       794059.
       10125.0       793659.
       10175.0       786861.
       10225.0       780517.
       10275.0       778328.
       10325.0       766072.
       10375.0       763536.
       10425.0       765832.
       10475.0       759053.
       10525.0       760666.
       10575.0       754029.
       10625.0       754792.
       10675.0       745886.
       10725.0       743893.
       10775.0       742651.
       10825.0       733492.
       10875.0       736892.
       10925.0       736444.
       10975.0       733158.
       11025.0       729623.
       11075.0       727442.
       11125.0       723627.
       11175.0       717890.
       11225.0       717309.
       11275.0       706575.
       11325.0       706754.
       11375.0       695750.
       11425.0       687134.
       11475.0       698153.
       11525.0       697810.
       11575.0       690782.
       11625.0       678914.
       11675.0       679165.
       11725.0       683634.
       11775.0       668928.
       11825.0       669803.
       11875.0       660995.
       11925.0       670379.
       11975.0       652261.
       12025.0       662584.
       12075.0       655997.
       12125.0       656466.
       12175.0       653957.
       12225.0       650686.
       12275.0       646796.
       12325.0       642675.
       12375.0       640739.
       12425.0       635251.
       12475.0       634454.
       12525.0       627381.
       12575.0       627477.
       12625.0       623840.
       12675.0       618459.
       12725.0       618029.
       12775.0       617009.
       12825.0       601236.
       12875.0       606689.
       12925.0       599591.
       12975.0       604669.
       13025.0       599547.
       13075.0       599355.
       13125.0       583819.
       13175.0       586406.
       13225.0       590726.
       13275.0       584082.
       13325.0       582062.
       13375.0       582773.
       13425.0       581241.
       13475.0       579052.
       13525.0       576179.
       13575.0       572453.
       13625.0       565682.
       13675.0       568846.
       13725.0       568189.
       13775.0       564925.
       13825.0       563842.
       13875.0       557007.
       13925.0       559795.
       13975.0       557976.
       14025.0       552319.
       14075.0       554145.
       14125.0       550588.
       14175.0       550423.
       14225.0       546728.
       14275.0       533975.
       14325.0       543656.
       14375.0       542250.
       14425.0       536452.
       14475.0       539441.
       14525.0       535715.
       14570.0       534097.
       14620.0       534962.
       14675.0       533584.
       14725.0       529028.
       14775.0       527404.
       14825.0       528789.
       14875.0       520388.
       14925.0       528221.
       14975.0       524767.
       15025.0       506812.
       15075.0       514280.
       15125.0       521738.
       15175.0       517586.
       15225.0       520270.
       15275.0       520180.
       15325.0       517994.
       15375.0       519953.
       15425.0       519945.
       15475.0       519673.
       15525.0       515597.
       15575.0       514715.
       15625.0       515160.
       15675.0       512799.
       15725.0       510746.
       15775.0       499642.
       15825.0       508133.
       15875.0       505430.
       15925.0       509228.
       15975.0       507315.
       16050.0       510643.
       16150.0       503328.
       16250.0       502131.
       16350.0       500630.
       16450.0       493295.
       16550.0       487269.
       16650.0       477778.
       16750.0       463725.
       16850.0       461103.
       16950.0       454079.
       17050.0       443623.
       17150.0       434789.
       17250.0       427737.
       17350.0       421619.
       17450.0       413373.
       17550.0       406523.
       17650.0       400382.
       17750.0       392523.
       17850.0       387688.
       17950.0       380153.
       18050.0       372172.
       18150.0       366698.
       18250.0       360032.
       18350.0       353490.
       18450.0       344467.
       18550.0       342712.
       18650.0       335342.
       18750.0       330832.
       18850.0       325019.
       18950.0       315083.
       19050.0       314369.
       19150.0       308567.
       19250.0       304211.
       19350.0       294122.
       19450.0       288665.
       19550.0       285917.
       19650.0       284868.
       19750.0       274380.
       19850.0       270054.
       19950.0       267865.
       20050.0       268058.
       20150.0       263641.
       20250.0       257828.
       20350.0       254864.
       20450.0       251413.
       20550.0       247242.
       20650.0       242954.
       20750.0       239454.
       20850.0       235464.
       20950.0       230269.
       21050.0       228094.
       21150.0       224090.
       21250.0       221318.
       21350.0       218415.
       21450.0       215082.
       21550.0       211573.
       21650.0       208835.
       21750.0       204499.
       21850.0       202260.
       21950.0       198826.
       22050.0       191254.
       22150.0       193601.
       22250.0       188045.
       22350.0       186622.
       22450.0       184171.
       22550.0       182356.
       22650.0       177518.
       22750.0       177126.
       22850.0       173760.
       22950.0       156199.
       23050.0       161951.
       23150.0       161090.
       23250.0       145197.
       23350.0       150368.
       23450.0       152082.
       23550.0       137907.
       23650.0       144355.
       23750.0       144651.
       23850.0       132513.
       23950.0       137293.
       24050.0       138062.
       24150.0       128608.
       24250.0       131630.
       24350.0       132470.
       24450.0       126398.
       24550.0       125170.
       24650.0       127579.
       24750.0       123881.
       24850.0       120366.
       24950.0       121540.
       25050.0       122408.
       25150.0       116779.
       25250.0       117847.
       25350.0       117365.
       25450.0       114874.
       25550.0       113734.
       25650.0       112901.
       25750.0       112383.
       25850.0       109356.
       25950.0       108940.
       26050.0       108333.
       26150.0       107082.
       26250.0       105530.
       26350.0       104595.
       26450.0       103412.
       26550.0       102447.
       26650.0       100391.
       26750.0       100690.
       26850.0       99319.1
       26950.0       97966.2
       27050.0       96975.4
       27150.0       95966.0
       27250.0       94836.8
       27350.0       93671.1
       27450.0       92734.9
       27550.0       91849.5
       27650.0       90535.8
       27750.0       89400.2
       27850.0       88487.3
       27950.0       87609.3
       28050.0       86478.2
       28150.0       85270.6
       28250.0       84417.8
       28350.0       83560.9
       28450.0       82513.7
       28550.0       81516.1
       28650.0       80585.4
       28750.0       79697.6
       28850.0       78734.2
       28950.0       77809.1
       29050.0       76747.6
       29150.0       75885.0
       29250.0       74266.2
       29350.0       74045.2
       29450.0       73317.4
       29550.0       72472.5
       29650.0       71663.1
       29750.0       70858.6
       29850.0       69957.6
       29950.0       69096.5
       30050.0       68374.5
       30150.0       67615.0
       30250.0       66720.0
       30350.0       66043.8
       30450.0       65334.4
       30550.0       64536.1
       30650.0       63750.7
       30750.0       63101.7
       30850.0       62154.9
       30950.0       61667.4
       31050.0       60973.8
       31150.0       60043.3
       31250.0       59621.1
       31350.0       58904.0
       31450.0       58263.4
       31550.0       57607.0
       31650.0       56871.2
       31750.0       56371.5
       31850.0       55747.0
       31950.0       55132.9
       32100.0       54216.6
       32300.0       53012.9
       32500.0       51880.9
       32700.0       50733.8
       32900.0       49662.9
       33100.0       48572.9
       33300.0       47505.4
       33500.0       46577.3
       33700.0       45568.3
       33900.0       44583.1
       34100.0       43530.3
       34300.0       42787.2
       34500.0       41919.1
       34700.0       41061.8
       34900.0       40221.4
       35100.0       39418.8
       35300.0       38601.5
       35500.0       37839.0
       35700.0       37067.4
       35900.0       36334.0
       36100.0       35623.2
       36300.0       34920.1
       36500.0       34221.7
       36700.0       33519.7
       36900.0       32830.9
       37100.0       32185.0
       37300.0       31616.0
       37500.0       31006.4
       37700.0       30437.1
       37900.0       29854.4
       38100.0       29297.9
       38300.0       28756.4
       38500.0       28217.0
       38700.0       27589.0
       38900.0       27154.2
       39100.0       26675.0
       39300.0       26182.3
       39500.0       25630.5
       39700.0       25210.3
       39900.0       24660.1
       40100.0       24274.1
       40300.0       23887.7
       40500.0       23392.8
       40700.0       23033.8
       40900.0       22628.9
       41100.0       22221.9
       41300.0       21842.2
       41500.0       21454.3
       41700.0       21078.3
       41900.0       20638.1
       42100.0       20299.4
       42300.0       20008.1
       42500.0       19647.8
       42700.0       19327.4
       42900.0       18247.3
       43100.0       17178.7
       43300.0       17106.4
       43500.0       16178.2
       43700.0       15580.6
       43900.0       15189.6
       44100.0       14507.8
       44300.0       14160.3
       44500.0       13910.8
       44700.0       13329.4
       44900.0       13314.6
       45100.0       12874.9
       45300.0       12578.8
       45500.0       12522.0
       45700.0       12420.0
       45900.0       12005.1
       46100.0       12072.3
       46300.0       11855.9
       46500.0       11833.1
       46700.0       11818.1
       46900.0       11560.8
       47100.0       11369.6
       47300.0       11466.8
       47500.0       11134.4
       47700.0       11013.9
       47900.0       10968.5
       48100.0       10617.6
       48300.0       10734.5
       48500.0       10553.6
       48700.0       10279.5
       48900.0       10118.8
       49100.0       10072.7
       49300.0       9864.16
       49500.0       9687.60
       49700.0       9659.81
       49900.0       9525.95
       50100.0       9381.75
       50300.0       9291.06
       50500.0       9067.53
       50700.0       9031.75
       50900.0       8938.52
       51100.0       8749.51
       51300.0       8775.62
       51500.0       8572.51
       51700.0       8561.14
       51900.0       8381.72
       52100.0       8336.78
       52300.0       8173.43
       52500.0       8133.41
       52700.0       8092.82
       52900.0       7883.39
       53100.0       7816.63
       53300.0       7754.64
       53500.0       7674.65
       53700.0       7607.14
       53900.0       7521.23
       54100.0       7436.50
       54300.0       7271.43
       54500.0       7268.26
       54700.0       7176.17
       54900.0       7081.86
       55100.0       7006.47
       55300.0       7028.81
       55500.0       6821.81
       55700.0       6836.30
       55900.0       6720.56
       56100.0       6653.81
       56300.0       6544.94
       56500.0       6518.27
       56700.0       6444.71
       56900.0       6330.72
       57100.0       6309.67
       57300.0       6223.48
       57500.0       6154.96
       57700.0       6073.10
       57900.0       6034.59
       58100.0       5935.08
       58300.0       5875.81
       58500.0       5816.22
       58700.0       5725.16
       58900.0       5662.67
       59100.0       5612.00
       59300.0       5545.18
       59500.0       5476.04
       59700.0       5428.63
       59900.0       5361.25
       60100.0       5302.89
       60300.0       5237.31
       60500.0       5161.99
       60700.0       5104.82
       60900.0       5051.23
       61100.0       4984.21
       61300.0       4934.59
       61500.0       4878.85
       61700.0       4822.92
       61900.0       4770.77
       62100.0       4717.23
       62300.0       4661.07
       62500.0       4600.23
       62700.0       4542.19
       62900.0       4498.11
       63100.0       4442.39
       63300.0       4401.77
       63500.0       4343.81
       63700.0       4302.84
       63900.0       4246.23
       64200.0       4175.29
       64600.0       4079.24
       65000.0       3987.19
       65400.0       3897.43
       65800.0       3810.60
       66200.0       3724.03
       66600.0       3640.53
       67000.0       3559.59
       67400.0       3479.74
       67800.0       3402.25
       68200.0       3326.09
       68600.0       3254.43
       69000.0       3183.18
       69400.0       3113.90
       69800.0       3046.53
       70200.0       2980.26
       70600.0       2916.43
       71000.0       2854.29
       71400.0       2793.72
       71800.0       2734.26
       72200.0       2677.01
       72600.0       2620.87
       73000.0       2566.35
       73400.0       2511.88
       73800.0       2460.72
       74200.0       2407.65
       74600.0       2359.69
       75000.0       2310.95
       75400.0       2263.10
       75800.0       2220.92
       76200.0       2176.38
       76600.0       2132.98
       77000.0       2090.41
       77400.0       2049.30
       77800.0       2009.12
       78200.0       1969.83
       78600.0       1931.47
       79000.0       1893.85
       79400.0       1857.55
       79800.0       1821.94
       80200.0       1785.77
       80600.0       1752.84
       81000.0       1719.60
       81400.0       1687.39
       81800.0       1655.96
       82200.0       1625.05
       82600.0       1594.82
       83000.0       1565.27
       83400.0       1535.61
       83800.0       1507.26
       84200.0       1480.38
       84600.0       1453.25
       85000.0       1427.20
       85400.0       1401.77
       85800.0       1376.81
       86200.0       1352.25
       86600.0       1328.23
       87000.0       1304.55
       87400.0       1281.78
       87800.0       1259.23
       88200.0       1237.18
       88600.0       1215.72
       89000.0       1194.59
       89400.0       1174.07
       89800.0       1153.12
       90200.0       1134.17
       90600.0       1114.90
       91000.0       1094.62
       91400.0       1077.07
       91800.0       1058.63
       92200.0       1041.67
       92600.0       1024.25
       93000.0       1007.27
       93400.0       990.587
       93800.0       974.278
       94200.0       958.294
       94600.0       942.588
       95000.0       927.237
       95400.0       912.192
       95800.0       897.489
       96200.0       883.040
       96600.0       868.878
       97000.0       855.041
       97400.0       841.043
       97800.0       828.072
       98200.0       815.050
       98600.0       802.251
       99000.0       789.708
       99400.0       777.379
       99800.0       765.335
       100200.       753.495
       200000.       49.4073
       400000.       3.10332
       600000.      0.611287
       800000.      0.192862
   1.00000e+06     0.0787856
   1.20000e+06     0.0378980
   1.40000e+06     0.0204088
   1.60000e+06     0.0119375
