       90.9000       0.00000
       93.5000       0.00000
       96.1000       0.00000
       97.7000       0.00000
       99.6000       0.00000
       102.000       0.00000
       103.800       0.00000
       105.600       0.00000
       107.700       0.00000
       110.400       0.00000
       114.000       0.00000
       117.800       0.00000
       121.300       0.00000
       124.800       0.00000
       127.100       0.00000
       128.400       0.00000
       130.500       0.00000
       132.400       0.00000
       133.900       0.00000
       136.600       0.00000
       139.800       0.00000
       143.300       0.00000
       147.200       0.00000
       151.000       0.00000
       155.200       0.00000
       158.800       0.00000
       162.000       0.00000
       166.000       0.00000
       170.300       0.00000
       173.400       0.00000
       176.800       0.00000
       180.200       0.00000
       181.700       0.00000
       186.100       0.00000
       191.000       0.00000
       193.900       0.00000
       198.400       0.00000
       201.800       0.00000
       205.000       0.00000
       210.500       0.00000
       216.200       0.00000
       219.800       0.00000
       223.000       0.00000
       226.800       0.00000
       230.000       0.00000
       234.000       0.00000
       240.000       0.00000
       246.500       0.00000
       252.400       0.00000
       256.800       0.00000
       260.000       0.00000
       264.000       0.00000
       268.500       0.00000
       273.500       0.00000
       278.500       0.00000
       284.000       0.00000
       290.000       0.00000
       296.000       0.00000
       301.000       0.00000
       308.000       0.00000
       318.000       0.00000
       328.000       0.00000
       338.000       0.00000
       348.000       0.00000
       357.000       0.00000
       366.000       0.00000
       375.000       0.00000
       385.000       0.00000
       395.000       0.00000
       405.000       0.00000
       414.000       0.00000
       422.000       0.00000
       430.000       0.00000
       441.000       0.00000
       451.000       0.00000
       460.000       0.00000
       470.000       0.00000
       480.000       0.00000
       490.000       0.00000
       500.000       0.00000
       506.000   9.50846e-15
       512.000   1.92243e-14
       520.000   4.18750e-14
       530.000   1.06728e-13
       540.000   2.59357e-13
       550.000   6.11972e-13
       560.000   1.39316e-12
       570.000   3.07217e-12
       580.000   6.53365e-12
       590.000   1.36774e-11
       600.000   2.76907e-11
       610.000   5.47044e-11
       620.000   1.05404e-10
       630.000   1.98455e-10
       640.000   3.65693e-10
       650.000   6.60139e-10
       658.000   1.04362e-09
       665.000   1.54066e-09
       675.000   2.65069e-09
       685.000   4.48359e-09
       695.000   7.45037e-09
       705.000   1.21344e-08
       716.000   2.05452e-08
       726.000   3.25407e-08
       735.000   4.86387e-08
       745.000   7.50101e-08
       755.000   1.14243e-07
       765.000   1.71923e-07
       775.000   2.55509e-07
       785.000   3.75737e-07
       795.000   5.40325e-07
       805.000   7.81627e-07
       815.000   1.11648e-06
       825.000   1.57423e-06
       835.000   2.19849e-06
       845.000   3.04218e-06
       855.000   4.17353e-06
       865.000   5.67594e-06
       875.000   7.63327e-06
       885.000   1.02453e-05
       895.000   1.36113e-05
       905.000   1.79169e-05
       915.000     0.0192067
       925.000     0.0435741
       935.000     0.0582575
       945.000     0.0773014
       955.000      0.107225
       965.000      0.141254
       975.000      0.182491
       985.000      0.237557
       995.000      0.303279
       1005.00      0.402458
       1015.00      0.514070
       1025.00      0.618618
       1035.00      0.823111
       1045.00       1.03754
       1055.00       1.29822
       1065.00       1.60404
       1075.00       1.99853
       1085.00       2.47046
       1095.00       3.01328
       1105.00       12.7379
       1115.00       23.8543
       1125.00       33.2728
       1135.00       43.8808
       1145.00       55.0717
       1155.00       59.4031
       1165.00       78.7283
       1175.00       93.6024
       1185.00       95.0448
       1195.00       63.7529
       1205.00       66.5286
       1215.00       25.2333
       1225.00       83.5692
       1235.00       174.491
       1245.00       408.199
       1255.00       626.917
       1265.00       643.153
       1275.00       927.235
       1285.00       1258.08
       1295.00       1509.26
       1305.00       1436.33
       1315.00       2041.55
       1325.00       2368.80
       1335.00       2669.33
       1345.00       3244.75
       1355.00       3434.85
       1365.00       3900.09
       1375.00       4194.27
       1385.00       4420.27
       1395.00       5076.12
       1405.00       5704.13
       1415.00       6149.88
       1425.00       6792.60
       1435.00       7173.56
       1442.00       8577.04
       1447.00       8789.92
       1455.00       9816.76
       1465.00       10210.5
       1475.00       11242.4
       1485.00       12477.3
       1495.00       14506.6
       1505.00       16331.3
       1512.00       16193.6
       1517.00       16889.3
       1525.00       25677.2
       1535.00       31334.7
       1545.00       36023.4
       1555.00       40575.2
       1565.00       38792.4
       1575.00       59980.7
       1585.00       72434.6
       1595.00       87446.8
       1605.00       84114.2
       1615.00       86571.2
       1625.00       77120.1
       1635.00       96881.9
       1645.00       136183.
       1655.00       82888.2
       1665.00       146821.
       1672.00       93580.8
       1677.00   1.29555e+06
       1685.00   1.31860e+06
       1695.00       891859.
       1705.00   1.14641e+06
       1715.00   1.88453e+06
       1725.00   2.12874e+06
       1735.00   2.67934e+06
       1745.00   2.43963e+06
       1755.00   3.19240e+06
       1765.00   2.17291e+06
       1775.00   2.98706e+06
       1785.00   3.05608e+06
       1795.00   4.37551e+06
       1805.00   3.61221e+06
       1815.00   3.92384e+06
       1825.00   3.64704e+06
       1835.00   3.31192e+06
       1845.00   2.51358e+06
       1855.00   3.51525e+06
       1865.00   4.64070e+06
       1875.00   4.16912e+06
       1885.00   4.37724e+06
       1895.00   5.06133e+06
       1905.00   4.72597e+06
       1915.00   5.17970e+06
       1925.00   4.46541e+06
       1935.00   2.32192e+06
       1945.00   5.61477e+06
       1955.00   5.89645e+06
       1967.00   6.96317e+06
       1976.00   6.42344e+06
       1984.00   6.72414e+06
       1995.00   6.68778e+06
       2005.00   5.94256e+06
       2015.00   6.10084e+06
       2025.00   5.20406e+06
       2035.00   6.70782e+06
       2045.00   7.50538e+06
       2055.00   7.20779e+06
       2065.00   6.68918e+06
       2074.00   8.17146e+06
       2078.00   9.99128e+06
       2085.00   1.00205e+07
       2095.00   9.33624e+06
       2105.00   8.31217e+06
       2115.00   8.88931e+06
       2125.00   8.60645e+06
       2135.00   7.19786e+06
       2145.00   8.96910e+06
       2155.00   8.95501e+06
       2165.00   8.03739e+06
       2175.00   8.14124e+06
       2185.00   9.15426e+06
       2195.00   9.83810e+06
       2205.00   9.19893e+06
       2215.00   7.66250e+06
       2225.00   7.80989e+06
       2235.00   9.88581e+06
       2245.00   9.08858e+06
       2255.00   7.57087e+06
       2265.00   7.59523e+06
       2275.00   8.35913e+06
       2285.00   9.67003e+06
       2295.00   8.34568e+06
       2305.00   9.36114e+06
       2315.00   8.68011e+06
       2325.00   6.18547e+06
       2335.00   6.40768e+06
       2345.00   4.51780e+06
       2355.00   8.02841e+06
       2365.00   4.93239e+06
       2375.00   6.54917e+06
       2385.00   3.76126e+06
       2395.00   4.91422e+06
       2405.00   4.92783e+06
       2415.00   5.41581e+06
       2425.00   8.19686e+06
       2435.00   7.89649e+06
       2445.00   9.12392e+06
       2455.00   9.26352e+06
       2465.00   9.08559e+06
       2475.00   7.96250e+06
       2485.00   7.20612e+06
       2495.00   6.96147e+06
       2505.00   1.00027e+07
       2513.00   5.52374e+06
       2518.00   4.09920e+06
       2525.00   4.55418e+06
       2535.00   5.64607e+06
       2545.00   6.07990e+06
       2555.00   8.20401e+06
       2565.00   7.13582e+06
       2575.00   8.52251e+06
       2585.00   8.29208e+06
       2595.00   7.85570e+06
       2605.00   7.11655e+06
       2615.00   6.24025e+06
       2625.00   8.64761e+06
       2635.00   1.03081e+07
       2645.00   1.32792e+07
       2655.00   1.48319e+07
       2665.00   1.12957e+07
       2675.00   1.29114e+07
       2685.00   1.32784e+07
       2695.00   1.12920e+07
       2705.00   1.26426e+07
       2715.00   1.06918e+07
       2725.00   1.08286e+07
       2735.00   1.21356e+07
       2745.00   7.45059e+06
       2755.00   8.90699e+06
       2765.00   1.02702e+07
       2775.00   1.13910e+07
       2785.00   7.84379e+06
       2795.00   3.03819e+06
       2805.00   3.90768e+06
       2815.00   1.08666e+07
       2825.00   1.42136e+07
       2835.00   1.39134e+07
       2845.00   1.31488e+07
       2855.00   1.04080e+07
       2865.00   1.48324e+07
       2875.00   1.51073e+07
       2885.00   1.45469e+07
       2895.00   1.43239e+07
       2910.00   1.73593e+07
       2930.00   1.60484e+07
       2950.00   1.58008e+07
       2970.00   1.68345e+07
       2990.00   1.71006e+07
       3010.00   1.78758e+07
       3030.00   1.76036e+07
       3050.00   1.79555e+07
       3070.00   1.84142e+07
       3090.00   1.88225e+07
       3110.00   1.83872e+07
       3130.00   1.83014e+07
       3150.00   1.84787e+07
       3170.00   1.84839e+07
       3190.00   1.69586e+07
       3210.00   1.81940e+07
       3230.00   1.66141e+07
       3250.00   1.81455e+07
       3270.00   1.93331e+07
       3290.00   1.91245e+07
       3310.00   1.97967e+07
       3330.00   1.94730e+07
       3350.00   1.93033e+07
       3370.00   1.86493e+07
       3390.00   1.89422e+07
       3410.00   1.87699e+07
       3430.00   1.88405e+07
       3450.00   1.91070e+07
       3470.00   1.89493e+07
       3490.00   1.92654e+07
       3510.00   1.96060e+07
       3530.00   1.91070e+07
       3550.00   2.04022e+07
       3570.00   1.87300e+07
       3590.00   1.82819e+07
       3610.00   1.87300e+07
       3630.00   1.88258e+07
       3640.00   1.88340e+07
       3650.00   2.03572e+07
       3670.00   1.95650e+07
       3690.00   1.81466e+07
       3710.00   1.91106e+07
       3730.00   1.85291e+07
       3750.00   2.10120e+07
       3770.00   2.22827e+07
       3790.00   2.47682e+07
       3810.00   2.74241e+07
       3830.00   2.23264e+07
       3850.00   2.91574e+07
       3870.00   3.09949e+07
       3890.00   2.31053e+07
       3910.00   3.01151e+07
       3930.00   1.94552e+07
       3950.00   2.71637e+07
       3970.00   1.84917e+07
       3990.00   3.07511e+07
       4010.00   3.31652e+07
       4030.00   3.34770e+07
       4050.00   3.29038e+07
       4070.00   3.21059e+07
       4090.00   2.95406e+07
       4110.00   2.50587e+07
       4130.00   3.20124e+07
       4150.00   3.33080e+07
       4170.00   3.31951e+07
       4190.00   3.28790e+07
       4210.00   3.28734e+07
       4230.00   3.19169e+07
       4250.00   3.23722e+07
       4270.00   3.14849e+07
       4290.00   3.13497e+07
       4310.00   2.91105e+07
       4330.00   2.72146e+07
       4350.00   2.43051e+07
       4370.00   3.13763e+07
       4390.00   3.12435e+07
       4410.00   3.10634e+07
       4430.00   3.07625e+07
       4450.00   3.08766e+07
       4470.00   3.10779e+07
       4490.00   3.07867e+07
       4510.00   3.20534e+07
       4530.00   3.04712e+07
       4550.00   3.04605e+07
       4570.00   3.15239e+07
       4590.00   3.02538e+07
       4610.00   3.06868e+07
       4630.00   2.99706e+07
       4650.00   3.01733e+07
       4670.00   3.03852e+07
       4690.00   2.94638e+07
       4710.00   2.84109e+07
       4730.00   2.96428e+07
       4750.00   2.96208e+07
       4770.00   2.93431e+07
       4790.00   2.90543e+07
       4810.00   2.86341e+07
       4830.00   2.80373e+07
       4850.00   2.43584e+07
       4870.00   2.04703e+07
       4890.00   2.66083e+07
       4910.00   2.72186e+07
       4930.00   2.68835e+07
       4950.00   2.74216e+07
       4970.00   2.75812e+07
       4990.00   2.63559e+07
       5010.00   2.56341e+07
       5030.00   2.64893e+07
       5050.00   2.61470e+07
       5070.00   2.66006e+07
       5090.00   2.61201e+07
       5110.00   2.62233e+07
       5130.00   2.57000e+07
       5150.00   2.51002e+07
       5170.00   2.45244e+07
       5190.00   2.43498e+07
       5210.00   2.46559e+07
       5230.00   2.46632e+07
       5250.00   2.50293e+07
       5270.00   2.34493e+07
       5290.00   2.45350e+07
       5310.00   2.45296e+07
       5330.00   2.34653e+07
       5350.00   2.41063e+07
       5370.00   2.38291e+07
       5390.00   2.36577e+07
       5410.00   2.31214e+07
       5430.00   2.33935e+07
       5450.00   2.34822e+07
       5470.00   2.31546e+07
       5490.00   2.31975e+07
       5510.00   2.30368e+07
       5530.00   2.28274e+07
       5550.00   2.28442e+07
       5570.00   2.23890e+07
       5590.00   2.22351e+07
       5610.00   2.22444e+07
       5630.00   2.22602e+07
       5650.00   2.21241e+07
       5670.00   2.17445e+07
       5690.00   2.18025e+07
       5710.00   2.15611e+07
       5730.00   2.18824e+07
       5750.00   2.14729e+07
       5770.00   2.14420e+07
       5790.00   2.12278e+07
       5810.00   2.11701e+07
       5830.00   2.11138e+07
       5850.00   2.08398e+07
       5870.00   2.07177e+07
       5890.00   2.02297e+07
       5910.00   2.04349e+07
       5930.00   2.03005e+07
       5950.00   2.02164e+07
       5970.00   2.00802e+07
       5990.00   1.98906e+07
       6010.00   1.96364e+07
       6030.00   1.95510e+07
       6050.00   1.95835e+07
       6070.00   1.94874e+07
       6090.00   1.92397e+07
       6110.00   1.90514e+07
       6130.00   1.86456e+07
       6150.00   1.85056e+07
       6170.00   1.83858e+07
       6190.00   1.86457e+07
       6210.00   1.85209e+07
       6230.00   1.82556e+07
       6250.00   1.77841e+07
       6270.00   1.81777e+07
       6290.00   1.80747e+07
       6310.00   1.77332e+07
       6330.00   1.76796e+07
       6350.00   1.75470e+07
       6370.00   1.74351e+07
       6390.00   1.74184e+07
       6410.00   1.70806e+07
       6430.00   1.70620e+07
       6450.00   1.68631e+07
       6470.00   1.67995e+07
       6490.00   1.65235e+07
       6510.00   1.64808e+07
       6530.00   1.61105e+07
       6550.00   1.45222e+07
       6561.25   1.18225e+07
       6590.00   1.53848e+07
       6610.00   1.59497e+07
       6630.00   1.59907e+07
       6650.00   1.59390e+07
       6670.00   1.58072e+07
       6690.00   1.58121e+07
       6710.00   1.56778e+07
       6730.00   1.56139e+07
       6750.00   1.54413e+07
       6770.00   1.54234e+07
       6790.00   1.53048e+07
       6810.00   1.51899e+07
       6830.00   1.50930e+07
       6850.00   1.49263e+07
       6870.00   1.49098e+07
       6890.00   1.48297e+07
       6910.00   1.47163e+07
       6930.00   1.46268e+07
       6950.00   1.45357e+07
       6970.00   1.44276e+07
       6990.00   1.43621e+07
       7010.00   1.41093e+07
       7030.00   1.41092e+07
       7050.00   1.40604e+07
       7070.00   1.39643e+07
       7090.00   1.38722e+07
       7110.00   1.36057e+07
       7130.00   1.36006e+07
       7150.00   1.35364e+07
       7170.00   1.34244e+07
       7190.00   1.32806e+07
       7210.00   1.32715e+07
       7230.00   1.31852e+07
       7250.00   1.31247e+07
       7270.00   1.30754e+07
       7290.00   1.28705e+07
       7310.00   1.28594e+07
       7330.00   1.27816e+07
       7350.00   1.27575e+07
       7370.00   1.26842e+07
       7390.00   1.24873e+07
       7410.00   1.22670e+07
       7430.00   1.23075e+07
       7450.00   1.22748e+07
       7470.00   1.21970e+07
       7490.00   1.21111e+07
       7510.00   1.20687e+07
       7530.00   1.20226e+07
       7550.00   1.19914e+07
       7570.00   1.18828e+07
       7590.00   1.18026e+07
       7610.00   1.17243e+07
       7630.00   1.16727e+07
       7650.00   1.15827e+07
       7670.00   1.13931e+07
       7690.00   1.14180e+07
       7710.00   1.13094e+07
       7730.00   1.13058e+07
       7750.00   1.11735e+07
       7770.00   1.09763e+07
       7790.00   1.11261e+07
       7810.00   1.10284e+07
       7830.00   1.09009e+07
       7850.00   1.08142e+07
       7870.00   1.08049e+07
       7890.00   1.07327e+07
       7910.00   1.06490e+07
       7930.00   1.05090e+07
       7950.00   1.04717e+07
       7970.00   1.05112e+07
       7990.00   1.04114e+07
       8010.00   1.03254e+07
       8030.00   1.02735e+07
       8050.00   1.01981e+07
       8070.00   1.01759e+07
       8090.00   1.00693e+07
       8110.00   1.00678e+07
       8130.00   1.00229e+07
       8150.00   9.95332e+06
       8170.00   9.89110e+06
       8190.00   9.66312e+06
       8210.00   9.66081e+06
       8230.00   9.59334e+06
       8250.00   9.56681e+06
       8270.00   9.60652e+06
       8290.00   9.53885e+06
       8310.00   9.42752e+06
       8330.00   9.28566e+06
       8350.00   9.31310e+06
       8370.00   9.27671e+06
       8390.00   9.14102e+06
       8410.00   9.12689e+06
       8430.00   9.02373e+06
       8450.00   8.87502e+06
       8470.00   8.82738e+06
       8490.00   8.82451e+06
       8510.00   8.44911e+06
       8530.00   8.79372e+06
       8550.00   8.11515e+06
       8570.00   8.79902e+06
       8590.00   8.44819e+06
       8610.00   8.34343e+06
       8630.00   8.69227e+06
       8650.00   8.50007e+06
       8670.00   7.56178e+06
       8690.00   8.35714e+06
       8710.00   8.54128e+06
       8730.00   8.35933e+06
       8750.00   7.53682e+06
       8770.00   8.18382e+06
       8790.00   8.38066e+06
       8810.00   8.31596e+06
       8830.00   8.18797e+06
       8850.00   7.83163e+06
       8870.00   7.14992e+06
       8890.00   8.02682e+06
       8910.00   8.11848e+06
       8930.00   8.05853e+06
       8950.00   8.08793e+06
       8970.00   8.00508e+06
       8990.00   7.84038e+06
       9010.00   6.84407e+06
       9030.00   7.32847e+06
       9050.00   7.78414e+06
       9070.00   7.66055e+06
       9090.00   7.52475e+06
       9110.00   7.66470e+06
       9130.00   7.72109e+06
       9150.00   7.68692e+06
       9170.00   7.61042e+06
       9190.00   7.51488e+06
       9210.00   7.19360e+06
       9230.00   6.16616e+06
       9250.00   7.00339e+06
       9270.00   7.21301e+06
       9290.00   7.36052e+06
       9310.00   7.35327e+06
       9330.00   7.30360e+06
       9350.00   7.27626e+06
       9370.00   7.25511e+06
       9390.00   7.18877e+06
       9410.00   6.91446e+06
       9430.00   7.07072e+06
       9450.00   7.01846e+06
       9470.00   7.02162e+06
       9490.00   6.97155e+06
       9510.00   6.84771e+06
       9530.00   6.56098e+06
       9550.00   5.62395e+06
       9570.00   6.54039e+06
       9590.00   6.72083e+06
       9610.00   6.68146e+06
       9630.00   6.61270e+06
       9650.00   6.64924e+06
       9670.00   6.56899e+06
       9690.00   6.57520e+06
       9710.00   6.59649e+06
       9730.00   6.55945e+06
       9750.00   6.47233e+06
       9770.00   6.47822e+06
       9790.00   6.44432e+06
       9810.00   6.41024e+06
       9830.00   6.37404e+06
       9850.00   6.31790e+06
       9870.00   6.27221e+06
       9890.00   6.22106e+06
       9910.00   6.19252e+06
       9930.00   6.18327e+06
       9950.00   6.14930e+06
       9970.00   6.11708e+06
       9990.00   6.06279e+06
       10025.0   5.73376e+06
       10075.0   5.49291e+06
       10125.0   5.81767e+06
       10175.0   5.77482e+06
       10225.0   5.72966e+06
       10275.0   5.66654e+06
       10325.0   5.56761e+06
       10375.0   5.50533e+06
       10425.0   5.43358e+06
       10475.0   5.31145e+06
       10525.0   5.27097e+06
       10575.0   5.20979e+06
       10625.0   5.13150e+06
       10675.0   4.97280e+06
       10725.0   4.96944e+06
       10775.0   4.91077e+06
       10825.0   4.83047e+06
       10875.0   4.74124e+06
       10925.0   4.23743e+06
       10975.0   4.48853e+06
       11025.0   4.61558e+06
       11075.0   4.58690e+06
       11125.0   4.52233e+06
       11175.0   4.46324e+06
       11225.0   4.42028e+06
       11275.0   4.29345e+06
       11325.0   4.24886e+06
       11375.0   4.23314e+06
       11425.0   4.15259e+06
       11475.0   4.15453e+06
       11525.0   4.10608e+06
       11575.0   4.04510e+06
       11625.0   3.95044e+06
       11675.0   3.88682e+06
       11725.0   3.90937e+06
       11775.0   3.78223e+06
       11825.0   3.76917e+06
       11875.0   3.70170e+06
       11925.0   3.73033e+06
       11975.0   3.62779e+06
       12025.0   3.61852e+06
       12075.0   3.56201e+06
       12125.0   3.53192e+06
       12175.0   3.50755e+06
       12225.0   3.46177e+06
       12275.0   3.41437e+06
       12325.0   3.37606e+06
       12375.0   3.33974e+06
       12425.0   3.30559e+06
       12475.0   3.26583e+06
       12525.0   3.22108e+06
       12575.0   3.16883e+06
       12625.0   3.14000e+06
       12675.0   3.10519e+06
       12725.0   3.06595e+06
       12775.0   2.96605e+06
       12825.0   2.59597e+06
       12875.0   2.91197e+06
       12925.0   2.92534e+06
       12975.0   2.90597e+06
       13025.0   2.87371e+06
       13075.0   2.84979e+06
       13125.0   2.80559e+06
       13175.0   2.76654e+06
       13225.0   2.75363e+06
       13275.0   2.71796e+06
       13325.0   2.69103e+06
       13375.0   2.65831e+06
       13425.0   2.63311e+06
       13475.0   2.60303e+06
       13525.0   2.56878e+06
       13575.0   2.53170e+06
       13625.0   2.51579e+06
       13675.0   2.48393e+06
       13725.0   2.43667e+06
       13775.0   2.42496e+06
       13825.0   2.40135e+06
       13875.0   2.38583e+06
       13925.0   2.34813e+06
       13975.0   2.32847e+06
       14025.0   2.30040e+06
       14075.0   2.28200e+06
       14125.0   2.24699e+06
       14175.0   2.23248e+06
       14225.0   2.19596e+06
       14275.0   2.16803e+06
       14325.0   2.15861e+06
       14375.0   2.14162e+06
       14425.0   2.06452e+06
       14475.0   2.09127e+06
       14525.0   2.04261e+06
       14570.0   2.04386e+06
       14620.0   2.01898e+06
       14675.0   2.00265e+06
       14725.0   1.97117e+06
       14775.0   1.94439e+06
       14825.0   1.93250e+06
       14875.0   1.89791e+06
       14925.0   1.90500e+06
       14975.0   1.87449e+06
       15025.0   1.84318e+06
       15075.0   1.81987e+06
       15125.0   1.81806e+06
       15175.0   1.80005e+06
       15225.0   1.77167e+06
       15275.0   1.75751e+06
       15325.0   1.73354e+06
       15375.0   1.71703e+06
       15425.0   1.68723e+06
       15475.0   1.67823e+06
       15525.0   1.65791e+06
       15575.0   1.62771e+06
       15625.0   1.63907e+06
       15675.0   1.59474e+06
       15725.0   1.57167e+06
       15775.0   1.57171e+06
       15825.0   1.56300e+06
       15875.0   1.48291e+06
       15925.0   1.52308e+06
       15975.0   1.53895e+06
       16050.0   1.49111e+06
       16150.0   1.42924e+06
       16250.0   1.45920e+06
       16350.0   1.39464e+06
       16450.0   1.32903e+06
       16550.0   1.37289e+06
       16650.0   1.34726e+06
       16750.0   1.27840e+06
       16850.0   1.20944e+06
       16950.0   1.26516e+06
       17050.0   1.23599e+06
       17150.0   1.21558e+06
       17250.0   1.17334e+06
       17350.0   1.06054e+06
       17450.0   1.11352e+06
       17550.0   1.11251e+06
       17650.0   1.09134e+06
       17750.0   1.07318e+06
       17850.0   1.05189e+06
       17950.0   1.03351e+06
       18050.0   1.00268e+06
       18150.0       907351.
       18250.0       944454.
       18350.0       949986.
       18450.0       931283.
       18550.0       912872.
       18650.0       887426.
       18750.0       791711.
       18850.0       850225.
       18950.0       836323.
       19050.0       833317.
       19150.0       816460.
       19250.0       799500.
       19350.0       775360.
       19450.0       695956.
       19550.0       747966.
       19650.0       741787.
       19750.0       728045.
       19850.0       717248.
       19950.0       704254.
       20050.0       692496.
       20150.0       680981.
       20250.0       666739.
       20350.0       653006.
       20450.0       645041.
       20550.0       633212.
       20650.0       619700.
       20750.0       610066.
       20850.0       599756.
       20950.0       588088.
       21050.0       578764.
       21150.0       567493.
       21250.0       557676.
       21350.0       548629.
       21450.0       539792.
       21550.0       525976.
       21650.0       471570.
       21750.0       504171.
       21850.0       502249.
       21950.0       497011.
       22050.0       486710.
       22150.0       479046.
       22250.0       472596.
       22350.0       464779.
       22450.0       457023.
       22550.0       447800.
       22650.0       441644.
       22750.0       434793.
       22850.0       427922.
       22950.0       423607.
       23050.0       417812.
       23150.0       410435.
       23250.0       403839.
       23350.0       396407.
       23450.0       390417.
       23550.0       383800.
       23650.0       377739.
       23750.0       371065.
       23850.0       364774.
       23950.0       359488.
       24050.0       353470.
       24150.0       347823.
       24250.0       342564.
       24350.0       336751.
       24450.0       331790.
       24550.0       326098.
       24650.0       321691.
       24750.0       316686.
       24850.0       311372.
       24950.0       306152.
       25050.0       305376.
       25150.0       299503.
       25250.0       292426.
       25350.0       290112.
       25450.0       286621.
       25550.0       280919.
       25650.0       273545.
       25750.0       273709.
       25850.0       269667.
       25950.0       266619.
       26050.0       260413.
       26150.0       251511.
       26250.0       231655.
       26350.0       248190.
       26450.0       247679.
       26550.0       244561.
       26650.0       238937.
       26750.0       230530.
       26850.0       233504.
       26950.0       232049.
       27050.0       229276.
       27150.0       226185.
       27250.0       223056.
       27350.0       219731.
       27450.0       215738.
       27550.0       205260.
       27650.0       206607.
       27750.0       207444.
       27850.0       205408.
       27950.0       202909.
       28050.0       200158.
       28150.0       197535.
       28250.0       194855.
       28350.0       192372.
       28450.0       189319.
       28550.0       186525.
       28650.0       181356.
       28750.0       171916.
       28850.0       178294.
       28950.0       177212.
       29050.0       175320.
       29150.0       172745.
       29250.0       170703.
       29350.0       168671.
       29450.0       166412.
       29550.0       164377.
       29650.0       162314.
       29750.0       160216.
       29850.0       158219.
       29950.0       156072.
       30050.0       154075.
       30150.0       151977.
       30250.0       149327.
       30350.0       140243.
       30450.0       141509.
       30550.0       144015.
       30650.0       142756.
       30750.0       141272.
       30850.0       139233.
       30950.0       137631.
       31050.0       136023.
       31150.0       133796.
       31250.0       132605.
       31350.0       131098.
       31450.0       129458.
       31550.0       127855.
       31650.0       126529.
       31750.0       124855.
       31850.0       123530.
       31950.0       122083.
       32100.0       119829.
       32300.0       117101.
       32500.0       114308.
       32700.0       111431.
       32900.0       103781.
       33100.0       105247.
       33300.0       104126.
       33500.0       101953.
       33700.0       99409.7
       33900.0       97164.9
       34100.0       94949.6
       34300.0       92958.6
       34500.0       90985.0
       34700.0       88900.5
       34900.0       86978.2
       35100.0       85066.4
       35300.0       83183.1
       35500.0       81405.5
       35700.0       79573.7
       35900.0       77900.3
       36100.0       76253.2
       36300.0       74686.2
       36500.0       72956.6
       36700.0       71514.7
       36900.0       69632.1
       37100.0       68322.3
       37300.0       65536.4
       37500.0       63344.3
       37700.0       64338.6
       37900.0       63155.2
       38100.0       61663.4
       38300.0       60553.6
       38500.0       59651.6
       38700.0       58372.6
       38900.0       57069.4
       39100.0       55622.1
       39300.0       55035.4
       39500.0       53994.2
       39700.0       52990.2
       39900.0       51790.6
       40100.0       50443.6
       40300.0       49406.0
       40500.0       46882.0
       40700.0       47891.6
       40900.0       47142.8
       41100.0       46343.9
       41300.0       45489.7
       41500.0       44459.6
       41700.0       42992.0
       41900.0       42810.0
       42100.0       42074.8
       42300.0       41471.5
       42500.0       40681.7
       42700.0       39977.1
       42900.0       39259.3
       43100.0       38553.0
       43300.0       37838.0
       43500.0       37112.6
       43700.0       35712.3
       43900.0       35571.4
       44100.0       35179.8
       44300.0       34617.1
       44500.0       34025.1
       44700.0       33485.6
       44900.0       32905.8
       45100.0       32349.8
       45300.0       31794.9
       45500.0       31252.1
       45700.0       30712.2
       45900.0       30184.1
       46100.0       29687.0
       46300.0       29098.9
       46500.0       27354.2
       46700.0       27246.5
       46900.0       27588.4
       47100.0       27296.9
       47300.0       26869.5
       47500.0       26416.6
       47700.0       25993.6
       47900.0       25581.6
       48100.0       25165.7
       48300.0       24762.4
       48500.0       24363.2
       48700.0       23976.0
       48900.0       23597.5
       49100.0       23213.5
       49300.0       22856.6
       49500.0       22490.8
       49700.0       22145.5
       49900.0       21801.9
       50100.0       21461.5
       50300.0       21128.9
       50500.0       20806.8
       50700.0       20489.1
       50900.0       20165.5
       51100.0       19746.8
       51300.0       18854.5
       51500.0       19197.0
       51700.0       18976.8
       51900.0       18696.6
       52100.0       18410.4
       52300.0       18137.6
       52500.0       17873.9
       52700.0       17609.7
       52900.0       17350.2
       53100.0       17095.5
       53300.0       16846.8
       53500.0       16600.0
       53700.0       16351.1
       53900.0       16122.4
       54100.0       15894.0
       54300.0       15655.7
       54500.0       15438.3
       54700.0       15202.2
       54900.0       15001.7
       55100.0       14792.5
       55300.0       14579.7
       55500.0       14379.4
       55700.0       14175.6
       55900.0       13959.8
       56100.0       13783.8
       56300.0       13591.0
       56500.0       13408.8
       56700.0       13222.9
       56900.0       13039.4
       57100.0       12863.8
       57300.0       12688.1
       57500.0       12516.9
       57700.0       12344.2
       57900.0       12174.8
       58100.0       12014.1
       58300.0       11855.4
       58500.0       11702.9
       58700.0       11539.1
       58900.0       11308.8
       59100.0       10818.2
       59300.0       11051.8
       59500.0       10926.5
       59700.0       10804.8
       59900.0       10664.5
       60100.0       10520.7
       60300.0       10390.9
       60500.0       10257.3
       60700.0       10122.4
       60900.0       9989.00
       61100.0       9852.67
       61300.0       9739.36
       61500.0       9616.95
       61700.0       9494.63
       61900.0       9374.09
       62100.0       9257.34
       62300.0       9129.18
       62500.0       9022.82
       62700.0       8909.10
       62900.0       8802.83
       63100.0       8686.28
       63300.0       8585.21
       63500.0       8479.18
       63700.0       8374.95
       63900.0       8272.05
       64200.0       8123.08
       64600.0       7924.94
       65000.0       7733.36
       65400.0       7552.65
       65800.0       7373.65
       66200.0       7198.94
       66600.0       7031.53
       67000.0       6867.17
       67400.0       6707.04
       67800.0       6554.12
       68200.0       6404.25
       68600.0       6257.97
       69000.0       6115.44
       69400.0       5977.57
       69800.0       5844.76
       70200.0       5713.29
       70600.0       5587.97
       71000.0       5466.81
       71400.0       5346.54
       71800.0       5229.92
       72200.0       5114.17
       72600.0       5005.86
       73000.0       4900.46
       73400.0       4794.82
       73800.0       4694.36
       74200.0       4591.68
       74600.0       4403.32
       75000.0       4311.87
       75400.0       4309.12
       75800.0       4225.01
       76200.0       4138.60
       76600.0       4054.33
       77000.0       3971.33
       77400.0       3891.84
       77800.0       3813.77
       78200.0       3737.46
       78600.0       3663.11
       79000.0       3590.56
       79400.0       3519.58
       79800.0       3450.72
       80200.0       3382.70
       80600.0       3317.03
       81000.0       3253.63
       81400.0       3190.00
       81800.0       3129.32
       82200.0       3070.28
       82600.0       3011.85
       83000.0       2955.11
       83400.0       2898.51
       83800.0       2844.29
       84200.0       2792.04
       84600.0       2740.75
       85000.0       2690.40
       85400.0       2640.83
       85800.0       2592.57
       86200.0       2545.29
       86600.0       2499.58
       87000.0       2454.60
       87400.0       2410.43
       87800.0       2367.50
       88200.0       2324.77
       88600.0       2283.91
       89000.0       2243.50
       89400.0       2204.42
       89800.0       2165.35
       90200.0       2128.08
       90600.0       2091.62
       91000.0       2054.93
       91400.0       2019.81
       91800.0       1985.61
       92200.0       1951.94
       92600.0       1918.76
       93000.0       1886.48
       93400.0       1854.64
       93800.0       1823.70
       94200.0       1793.26
       94600.0       1763.56
       95000.0       1734.30
       95400.0       1705.42
       95800.0       1677.91
       96200.0       1650.26
       96600.0       1623.67
       97000.0       1597.37
       97400.0       1571.05
       97800.0       1546.14
       98200.0       1521.42
       98600.0       1497.28
       99000.0       1473.63
       99400.0       1450.17
       99800.0       1427.30
       100200.       1404.93
       200000.       90.2684
       400000.       5.63542
       600000.       1.10529
       800000.      0.347316
   1.00000e+06      0.141394
   1.20000e+06     0.0678246
   1.40000e+06     0.0364371
   1.60000e+06     0.0212691
