       90.9000       0.00000
       93.5000       0.00000
       96.1000       0.00000
       97.7000       0.00000
       99.6000       0.00000
       102.000       0.00000
       103.800       0.00000
       105.600       0.00000
       107.700       0.00000
       110.400       0.00000
       114.000       0.00000
       117.800       0.00000
       121.300       0.00000
       124.800       0.00000
       127.100       0.00000
       128.400       0.00000
       130.500       0.00000
       132.400       0.00000
       133.900       0.00000
       136.600       0.00000
       139.800       0.00000
       143.300       0.00000
       147.200       0.00000
       151.000       0.00000
       155.200       0.00000
       158.800       0.00000
       162.000       0.00000
       166.000       0.00000
       170.300       0.00000
       173.400       0.00000
       176.800       0.00000
       180.200       0.00000
       181.700       0.00000
       186.100       0.00000
       191.000       0.00000
       193.900       0.00000
       198.400       0.00000
       201.800       0.00000
       205.000       0.00000
       210.500       0.00000
       216.200       0.00000
       219.800       0.00000
       223.000       0.00000
       226.800       0.00000
       230.000   5.16363e-16
       234.000   1.45075e-15
       240.000   6.43712e-15
       246.500   2.98887e-14
       252.400   1.13068e-13
       256.800   2.93958e-13
       260.000   5.78081e-13
       264.000   1.31706e-12
       268.500   3.21833e-12
       273.500   8.39761e-12
       278.500   2.13243e-11
       284.000   5.71943e-11
       290.000   1.61013e-10
       296.000   4.33376e-10
       301.000   9.64935e-10
       308.000   2.83358e-09
       318.000   1.21877e-08
       328.000   4.80998e-08
       338.000   1.75221e-07
       348.000   5.94070e-07
       357.000   1.70191e-06
       366.000   4.58581e-06
       375.000   1.17336e-05
       385.000   3.17549e-05
       395.000   8.15418e-05
       405.000   0.000200098
       414.000   0.000432591
       422.000   0.000833303
       430.000    0.00156077
       441.000    0.00359876
       451.000    0.00738658
       460.000     0.0137202
       470.000     0.0265434
       480.000     0.0498923
       490.000     0.0914368
       500.000      0.163154
       506.000       10.1632
       512.000       27.3439
       520.000       38.0534
       530.000       57.9218
       540.000       78.2387
       550.000       124.412
       560.000       175.271
       570.000       248.800
       580.000       316.559
       590.000       477.044
       600.000       648.939
       610.000       884.896
       620.000       1145.77
       630.000       1512.71
       640.000       1906.28
       650.000       2477.50
       658.000       3031.58
       665.000       3514.76
       675.000       4376.65
       685.000       5514.89
       695.000       6927.35
       705.000       8501.40
       716.000       10534.2
       726.000       12876.3
       735.000       15102.7
       745.000       18417.6
       755.000       22141.5
       765.000       26271.5
       775.000       31470.7
       785.000       37230.7
       795.000       43256.7
       805.000       50760.1
       815.000       58566.3
       825.000       68358.1
       835.000       77369.6
       845.000       90153.6
       855.000       103548.
       865.000       118896.
       875.000       135596.
       885.000       155935.
       895.000       176150.
       905.000       193888.
       915.000   1.02077e+06
       925.000   4.50337e+06
       935.000   8.27258e+06
       945.000   3.56281e+07
       955.000   1.95799e+08
       965.000   3.03743e+08
       975.000   5.90444e+07
       985.000   6.14860e+08
       995.000   6.09108e+08
       1005.00   9.00587e+08
       1015.00   6.59829e+08
       1025.00   3.88196e+07
       1035.00   3.11038e+08
       1045.00   1.13603e+09
       1055.00   1.32052e+09
       1065.00   1.05656e+09
       1075.00   1.28537e+09
       1085.00   9.61071e+08
       1095.00   1.29814e+09
       1105.00   1.36894e+09
       1115.00   1.28029e+09
       1125.00   1.30999e+09
       1135.00   1.53605e+09
       1145.00   1.36824e+09
       1155.00   1.50992e+09
       1165.00   1.65678e+09
       1175.00   1.43960e+09
       1185.00   1.55841e+09
       1195.00   5.62184e+08
       1205.00   5.16050e+08
       1215.00   6.08725e+07
       1225.00   4.53093e+08
       1235.00   1.53394e+09
       1245.00   1.87628e+09
       1255.00   1.72805e+09
       1265.00   1.14378e+09
       1275.00   1.90045e+09
       1285.00   2.03724e+09
       1295.00   1.59143e+09
       1305.00   1.47679e+09
       1315.00   1.88663e+09
       1325.00   1.81101e+09
       1335.00   1.51616e+09
       1345.00   1.92380e+09
       1355.00   1.82324e+09
       1365.00   1.59215e+09
       1375.00   1.74566e+09
       1385.00   1.79613e+09
       1395.00   1.74703e+09
       1405.00   1.78038e+09
       1415.00   1.63810e+09
       1425.00   1.69250e+09
       1435.00   1.62657e+09
       1442.00   1.73719e+09
       1447.00   1.77576e+09
       1455.00   1.71851e+09
       1465.00   1.60371e+09
       1475.00   1.54102e+09
       1485.00   1.56019e+09
       1495.00   1.59868e+09
       1505.00   1.52963e+09
       1512.00   1.38544e+09
       1517.00   1.49352e+09
       1525.00   1.39022e+09
       1535.00   1.24384e+09
       1545.00   1.41819e+09
       1555.00   1.30977e+09
       1565.00   1.28097e+09
       1575.00   1.31813e+09
       1585.00   1.38634e+09
       1595.00   1.41689e+09
       1605.00   1.34055e+09
       1615.00   1.35735e+09
       1625.00   1.26480e+09
       1635.00   1.31480e+09
       1645.00   1.32091e+09
       1655.00   1.18791e+09
       1665.00   1.30521e+09
       1672.00   1.18275e+09
       1677.00   1.25826e+09
       1685.00   1.33391e+09
       1695.00   1.25806e+09
       1705.00   1.18480e+09
       1715.00   1.09888e+09
       1725.00   1.08498e+09
       1735.00   1.14322e+09
       1745.00   1.11357e+09
       1755.00   1.19305e+09
       1765.00   1.06807e+09
       1775.00   1.12111e+09
       1785.00   1.13591e+09
       1795.00   1.18596e+09
       1805.00   1.16661e+09
       1815.00   1.09227e+09
       1825.00   1.09652e+09
       1835.00   1.04836e+09
       1845.00   9.76592e+08
       1855.00   9.48005e+08
       1865.00   9.69926e+08
       1875.00   1.06179e+09
       1885.00   9.79331e+08
       1895.00   9.32462e+08
       1905.00   9.88451e+08
       1915.00   9.43854e+08
       1925.00   9.29711e+08
       1935.00   9.60233e+08
       1945.00   9.71546e+08
       1955.00   9.10830e+08
       1967.00   9.82748e+08
       1976.00   1.00778e+09
       1984.00   9.49709e+08
       1995.00   9.08691e+08
       2005.00   9.34960e+08
       2015.00   8.89749e+08
       2025.00   9.46092e+08
       2035.00   8.85209e+08
       2045.00   9.04976e+08
       2055.00   8.60275e+08
       2065.00   8.73458e+08
       2074.00   9.01391e+08
       2078.00   8.67405e+08
       2085.00   8.90085e+08
       2095.00   8.36974e+08
       2105.00   8.46393e+08
       2115.00   8.45390e+08
       2125.00   8.53804e+08
       2135.00   7.94021e+08
       2145.00   8.14572e+08
       2155.00   8.35471e+08
       2165.00   8.01609e+08
       2175.00   7.89604e+08
       2185.00   7.66658e+08
       2195.00   7.98183e+08
       2205.00   7.69334e+08
       2215.00   7.37447e+08
       2225.00   6.99671e+08
       2235.00   7.50855e+08
       2245.00   7.03855e+08
       2255.00   6.83053e+08
       2265.00   6.94630e+08
       2275.00   7.14369e+08
       2285.00   7.21897e+08
       2295.00   6.93025e+08
       2305.00   6.66937e+08
       2315.00   6.37610e+08
       2325.00   5.11444e+08
       2335.00   6.03932e+08
       2345.00   5.86146e+08
       2355.00   6.12323e+08
       2365.00   5.72347e+08
       2375.00   5.81563e+08
       2385.00   5.47026e+08
       2395.00   5.87404e+08
       2405.00   5.55447e+08
       2415.00   5.62761e+08
       2425.00   5.79648e+08
       2435.00   5.49685e+08
       2445.00   5.82594e+08
       2455.00   5.61499e+08
       2465.00   5.62855e+08
       2475.00   5.39091e+08
       2485.00   5.72432e+08
       2495.00   5.54055e+08
       2505.00   5.78764e+08
       2513.00   5.40127e+08
       2518.00   5.58899e+08
       2525.00   5.26018e+08
       2535.00   5.28196e+08
       2545.00   5.13735e+08
       2555.00   5.34103e+08
       2565.00   5.25973e+08
       2575.00   5.51952e+08
       2585.00   5.46906e+08
       2595.00   5.47589e+08
       2605.00   5.23918e+08
       2615.00   5.20761e+08
       2625.00   5.24652e+08
       2635.00   5.26467e+08
       2645.00   5.47431e+08
       2655.00   5.39948e+08
       2665.00   5.15105e+08
       2675.00   5.29009e+08
       2685.00   5.19463e+08
       2695.00   5.09189e+08
       2705.00   5.12438e+08
       2715.00   4.95029e+08
       2725.00   4.93742e+08
       2735.00   5.09276e+08
       2745.00   4.69124e+08
       2755.00   4.64955e+08
       2765.00   4.75169e+08
       2775.00   4.85747e+08
       2785.00   4.85291e+08
       2795.00   4.30712e+08
       2805.00   4.52860e+08
       2815.00   4.81074e+08
       2825.00   4.75030e+08
       2835.00   4.55954e+08
       2845.00   4.44144e+08
       2855.00   4.48470e+08
       2865.00   4.56970e+08
       2875.00   4.47676e+08
       2885.00   4.49475e+08
       2895.00   4.45796e+08
       2910.00   4.54002e+08
       2930.00   4.41682e+08
       2950.00   4.34241e+08
       2970.00   4.29480e+08
       2990.00   4.23838e+08
       3010.00   4.24670e+08
       3030.00   4.19205e+08
       3050.00   4.10971e+08
       3070.00   4.03755e+08
       3090.00   4.01150e+08
       3110.00   3.91683e+08
       3130.00   3.86655e+08
       3150.00   3.82027e+08
       3170.00   3.75684e+08
       3190.00   3.63940e+08
       3210.00   3.64205e+08
       3230.00   3.59618e+08
       3250.00   3.54232e+08
       3270.00   3.50715e+08
       3290.00   3.45963e+08
       3310.00   3.42421e+08
       3330.00   3.36876e+08
       3350.00   3.30838e+08
       3370.00   3.26498e+08
       3390.00   3.21572e+08
       3410.00   3.18190e+08
       3430.00   3.13113e+08
       3450.00   3.08981e+08
       3470.00   3.04112e+08
       3490.00   3.00463e+08
       3510.00   2.97526e+08
       3530.00   2.93783e+08
       3550.00   2.89843e+08
       3570.00   2.85895e+08
       3590.00   2.81286e+08
       3610.00   2.78045e+08
       3630.00   2.74029e+08
       3640.00   2.72849e+08
       3650.00   2.71947e+08
       3670.00   2.65945e+08
       3690.00   2.46245e+08
       3710.00   2.52764e+08
       3730.00   2.54889e+08
       3750.00   2.96669e+08
       3770.00   3.01296e+08
       3790.00   3.36049e+08
       3810.00   3.66918e+08
       3830.00   3.09368e+08
       3850.00   3.80200e+08
       3870.00   4.00101e+08
       3890.00   2.81276e+08
       3910.00   3.93953e+08
       3930.00   3.90734e+08
       3950.00   3.83817e+08
       3970.00   2.64318e+08
       3990.00   3.67144e+08
       4010.00   3.75018e+08
       4030.00   3.62560e+08
       4050.00   3.67095e+08
       4070.00   3.56992e+08
       4090.00   3.13828e+08
       4110.00   2.60132e+08
       4130.00   3.32162e+08
       4150.00   3.36361e+08
       4170.00   3.33554e+08
       4190.00   3.29970e+08
       4210.00   3.25524e+08
       4230.00   3.20369e+08
       4250.00   3.15108e+08
       4270.00   3.06998e+08
       4290.00   3.05268e+08
       4310.00   2.97371e+08
       4330.00   2.53720e+08
       4350.00   2.24913e+08
       4370.00   2.83067e+08
       4390.00   2.79204e+08
       4410.00   2.79776e+08
       4430.00   2.74184e+08
       4450.00   2.72296e+08
       4470.00   2.60947e+08
       4490.00   2.61449e+08
       4510.00   2.60172e+08
       4530.00   2.56154e+08
       4550.00   2.51797e+08
       4570.00   2.49886e+08
       4590.00   2.45693e+08
       4610.00   2.42856e+08
       4630.00   2.38092e+08
       4650.00   2.35786e+08
       4670.00   2.32407e+08
       4690.00   2.29350e+08
       4710.00   2.22957e+08
       4730.00   2.22321e+08
       4750.00   2.18934e+08
       4770.00   2.17400e+08
       4790.00   2.13930e+08
       4810.00   2.09826e+08
       4830.00   2.04991e+08
       4850.00   1.79953e+08
       4870.00   1.54905e+08
       4890.00   1.95690e+08
       4910.00   1.96053e+08
       4930.00   1.91241e+08
       4950.00   1.91959e+08
       4970.00   1.89746e+08
       4990.00   1.86912e+08
       5010.00   1.81355e+08
       5030.00   1.81137e+08
       5050.00   1.75908e+08
       5070.00   1.76927e+08
       5090.00   1.74580e+08
       5110.00   1.71845e+08
       5130.00   1.70093e+08
       5150.00   1.67112e+08
       5170.00   1.65286e+08
       5190.00   1.63525e+08
       5210.00   1.60329e+08
       5230.00   1.58899e+08
       5250.00   1.57499e+08
       5270.00   1.54841e+08
       5290.00   1.54049e+08
       5310.00   1.51555e+08
       5330.00   1.50035e+08
       5350.00   1.47994e+08
       5370.00   1.46463e+08
       5390.00   1.44574e+08
       5410.00   1.42606e+08
       5430.00   1.40790e+08
       5450.00   1.39302e+08
       5470.00   1.37404e+08
       5490.00   1.36005e+08
       5510.00   1.34275e+08
       5530.00   1.32874e+08
       5550.00   1.31295e+08
       5570.00   1.29710e+08
       5590.00   1.28193e+08
       5610.00   1.26765e+08
       5630.00   1.25379e+08
       5650.00   1.23171e+08
       5670.00   1.21905e+08
       5690.00   1.20817e+08
       5710.00   1.19476e+08
       5730.00   1.18150e+08
       5750.00   1.16782e+08
       5770.00   1.15442e+08
       5790.00   1.13972e+08
       5810.00   1.12697e+08
       5830.00   1.11449e+08
       5850.00   1.10160e+08
       5870.00   1.06879e+08
       5890.00   1.07381e+08
       5910.00   1.06417e+08
       5930.00   1.05310e+08
       5950.00   1.03584e+08
       5970.00   1.02802e+08
       5990.00   1.01326e+08
       6010.00   1.00642e+08
       6030.00   9.94902e+07
       6050.00   9.83786e+07
       6070.00   9.72590e+07
       6090.00   9.61702e+07
       6110.00   9.51996e+07
       6130.00   9.41282e+07
       6150.00   9.26206e+07
       6170.00   9.20270e+07
       6190.00   9.10852e+07
       6210.00   9.00872e+07
       6230.00   8.90167e+07
       6250.00   8.77313e+07
       6270.00   8.71677e+07
       6290.00   8.62067e+07
       6310.00   8.51956e+07
       6330.00   8.43563e+07
       6350.00   8.24785e+07
       6370.00   8.19196e+07
       6390.00   8.16641e+07
       6410.00   8.06849e+07
       6430.00   8.00152e+07
       6450.00   7.90099e+07
       6470.00   7.83062e+07
       6490.00   7.73369e+07
       6510.00   7.62802e+07
       6530.00   7.49505e+07
       6550.00   6.95453e+07
       6561.25   5.95657e+07
       6590.00   7.17198e+07
       6610.00   7.24031e+07
       6630.00   7.19026e+07
       6650.00   7.13294e+07
       6670.00   7.02325e+07
       6690.00   6.95295e+07
       6710.00   6.91516e+07
       6730.00   6.84667e+07
       6750.00   6.77887e+07
       6770.00   6.71209e+07
       6790.00   6.63845e+07
       6810.00   6.57457e+07
       6830.00   6.50237e+07
       6850.00   6.44221e+07
       6870.00   6.38057e+07
       6890.00   6.31644e+07
       6910.00   6.25405e+07
       6930.00   6.18169e+07
       6950.00   6.13134e+07
       6970.00   6.07341e+07
       6990.00   6.01495e+07
       7010.00   5.95116e+07
       7030.00   5.89502e+07
       7050.00   5.82478e+07
       7070.00   5.74160e+07
       7090.00   5.72896e+07
       7110.00   5.66600e+07
       7130.00   5.61388e+07
       7150.00   5.56048e+07
       7170.00   5.50950e+07
       7190.00   5.45870e+07
       7210.00   5.40687e+07
       7230.00   5.33635e+07
       7250.00   5.30014e+07
       7270.00   5.25491e+07
       7290.00   5.19159e+07
       7310.00   5.15553e+07
       7330.00   5.10746e+07
       7350.00   5.06108e+07
       7370.00   5.01346e+07
       7390.00   4.96684e+07
       7410.00   4.91935e+07
       7430.00   4.86642e+07
       7450.00   4.82560e+07
       7470.00   4.77515e+07
       7490.00   4.73558e+07
       7510.00   4.69289e+07
       7530.00   4.65251e+07
       7550.00   4.61025e+07
       7570.00   4.56876e+07
       7590.00   4.52562e+07
       7610.00   4.48729e+07
       7630.00   4.44568e+07
       7650.00   4.40451e+07
       7670.00   4.36498e+07
       7690.00   4.32542e+07
       7710.00   4.28653e+07
       7730.00   4.24843e+07
       7750.00   4.21010e+07
       7770.00   4.12424e+07
       7790.00   4.13556e+07
       7810.00   4.10026e+07
       7830.00   4.06380e+07
       7850.00   4.01463e+07
       7870.00   3.97789e+07
       7890.00   3.93808e+07
       7910.00   3.92030e+07
       7930.00   3.88778e+07
       7950.00   3.84041e+07
       7970.00   3.81974e+07
       7990.00   3.76488e+07
       8010.00   3.75385e+07
       8030.00   3.72104e+07
       8050.00   3.68827e+07
       8070.00   3.65798e+07
       8090.00   3.62460e+07
       8110.00   3.59317e+07
       8130.00   3.56343e+07
       8150.00   3.53281e+07
       8170.00   3.50430e+07
       8190.00   3.47109e+07
       8210.00   3.43419e+07
       8230.00   3.40033e+07
       8250.00   3.38940e+07
       8270.00   3.36245e+07
       8290.00   3.32903e+07
       8310.00   3.30506e+07
       8330.00   3.27222e+07
       8350.00   3.23273e+07
       8370.00   3.19445e+07
       8390.00   3.14557e+07
       8410.00   3.10405e+07
       8430.00   3.06363e+07
       8450.00   3.03004e+07
       8470.00   2.96381e+07
       8490.00   3.02267e+07
       8510.00   2.89664e+07
       8530.00   3.02872e+07
       8550.00   2.77302e+07
       8570.00   3.05765e+07
       8590.00   2.83410e+07
       8610.00   2.77958e+07
       8630.00   3.05206e+07
       8650.00   2.90524e+07
       8670.00   2.55456e+07
       8690.00   2.94326e+07
       8710.00   3.01512e+07
       8730.00   2.89322e+07
       8750.00   2.44557e+07
       8770.00   2.76588e+07
       8790.00   2.92801e+07
       8810.00   2.92847e+07
       8830.00   2.86516e+07
       8850.00   2.63188e+07
       8870.00   2.33584e+07
       8890.00   2.74320e+07
       8910.00   2.80834e+07
       8930.00   2.79828e+07
       8950.00   2.78621e+07
       8970.00   2.74913e+07
       8990.00   2.64937e+07
       9010.00   2.24869e+07
       9030.00   2.39111e+07
       9050.00   2.62434e+07
       9070.00   2.63155e+07
       9090.00   2.62322e+07
       9110.00   2.61657e+07
       9130.00   2.59581e+07
       9150.00   2.57930e+07
       9170.00   2.54683e+07
       9190.00   2.49922e+07
       9210.00   2.37108e+07
       9230.00   1.98194e+07
       9250.00   2.29677e+07
       9270.00   2.39047e+07
       9290.00   2.42785e+07
       9310.00   2.41995e+07
       9330.00   2.40496e+07
       9350.00   2.39179e+07
       9370.00   2.37370e+07
       9390.00   2.35249e+07
       9410.00   2.31663e+07
       9430.00   2.31859e+07
       9450.00   2.29913e+07
       9470.00   2.27393e+07
       9490.00   2.25105e+07
       9510.00   2.20427e+07
       9530.00   2.06772e+07
       9550.00   1.76699e+07
       9570.00   2.07302e+07
       9590.00   2.15020e+07
       9610.00   2.15194e+07
       9630.00   2.12689e+07
       9650.00   2.13269e+07
       9670.00   2.11356e+07
       9690.00   2.10107e+07
       9710.00   2.08563e+07
       9730.00   2.07078e+07
       9750.00   2.05480e+07
       9770.00   2.04056e+07
       9790.00   2.02500e+07
       9810.00   2.00951e+07
       9830.00   1.99299e+07
       9850.00   1.97963e+07
       9870.00   1.96465e+07
       9890.00   1.94751e+07
       9910.00   1.93444e+07
       9930.00   1.92176e+07
       9950.00   1.90545e+07
       9970.00   1.88777e+07
       9990.00   1.86874e+07
       10025.0   1.74322e+07
       10075.0   1.66699e+07
       10125.0   1.77382e+07
       10175.0   1.75610e+07
       10225.0   1.72708e+07
       10275.0   1.69682e+07
       10325.0   1.66466e+07
       10375.0   1.63763e+07
       10425.0   1.60935e+07
       10475.0   1.58073e+07
       10525.0   1.55259e+07
       10575.0   1.52669e+07
       10625.0   1.50104e+07
       10675.0   1.46979e+07
       10725.0   1.44901e+07
       10775.0   1.42521e+07
       10825.0   1.39111e+07
       10875.0   1.36765e+07
       10925.0   1.21145e+07
       10975.0   1.28106e+07
       11025.0   1.30400e+07
       11075.0   1.28875e+07
       11125.0   1.26760e+07
       11175.0   1.24663e+07
       11225.0   1.22646e+07
       11275.0   1.20070e+07
       11325.0   1.18257e+07
       11375.0   1.16789e+07
       11425.0   1.14912e+07
       11475.0   1.13100e+07
       11525.0   1.11298e+07
       11575.0   1.09538e+07
       11625.0   1.07655e+07
       11675.0   1.05972e+07
       11725.0   1.04424e+07
       11775.0   1.02501e+07
       11825.0   1.01194e+07
       11875.0   9.95740e+06
       11925.0   9.81288e+06
       11975.0   9.64652e+06
       12025.0   9.51410e+06
       12075.0   9.36906e+06
       12125.0   9.22533e+06
       12175.0   9.08719e+06
       12225.0   8.94948e+06
       12275.0   8.81397e+06
       12325.0   8.68258e+06
       12375.0   8.55402e+06
       12425.0   8.42894e+06
       12475.0   8.29155e+06
       12525.0   8.17865e+06
       12575.0   8.05275e+06
       12625.0   7.94135e+06
       12675.0   7.82700e+06
       12725.0   7.69209e+06
       12775.0   7.45055e+06
       12825.0   6.70270e+06
       12875.0   7.29027e+06
       12925.0   7.26600e+06
       12975.0   7.17027e+06
       13025.0   7.07513e+06
       13075.0   6.97507e+06
       13125.0   6.87676e+06
       13175.0   6.77322e+06
       13225.0   6.68549e+06
       13275.0   6.59225e+06
       13325.0   6.50044e+06
       13375.0   6.41044e+06
       13425.0   6.32035e+06
       13475.0   6.23390e+06
       13525.0   6.14773e+06
       13575.0   6.06451e+06
       13625.0   5.98192e+06
       13675.0   5.89878e+06
       13725.0   5.81968e+06
       13775.0   5.74376e+06
       13825.0   5.66661e+06
       13875.0   5.59101e+06
       13925.0   5.51576e+06
       13975.0   5.44261e+06
       14025.0   5.37093e+06
       14075.0   5.29975e+06
       14125.0   5.22963e+06
       14175.0   5.16186e+06
       14225.0   5.09436e+06
       14275.0   5.02805e+06
       14325.0   4.96253e+06
       14375.0   4.89817e+06
       14425.0   4.82970e+06
       14475.0   4.77193e+06
       14525.0   4.70932e+06
       14570.0   4.65791e+06
       14620.0   4.60002e+06
       14675.0   4.53727e+06
       14725.0   4.48027e+06
       14775.0   4.42273e+06
       14825.0   4.36946e+06
       14875.0   4.31443e+06
       14925.0   4.26037e+06
       14975.0   4.20341e+06
       15025.0   4.14761e+06
       15075.0   4.08997e+06
       15125.0   4.03119e+06
       15175.0   3.97277e+06
       15225.0   3.92380e+06
       15275.0   3.86635e+06
       15325.0   3.81165e+06
       15375.0   3.78387e+06
       15425.0   3.70095e+06
       15475.0   3.69595e+06
       15525.0   3.64936e+06
       15575.0   3.54164e+06
       15625.0   3.61731e+06
       15675.0   3.49246e+06
       15725.0   3.40782e+06
       15775.0   3.50554e+06
       15825.0   3.45093e+06
       15875.0   3.22398e+06
       15925.0   3.32707e+06
       15975.0   3.36650e+06
       16050.0   3.26068e+06
       16150.0   3.10010e+06
       16250.0   3.16179e+06
       16350.0   3.03177e+06
       16450.0   2.88518e+06
       16550.0   2.95481e+06
       16650.0   2.89048e+06
       16750.0   2.76315e+06
       16850.0   2.62762e+06
       16950.0   2.69793e+06
       17050.0   2.64098e+06
       17150.0   2.58529e+06
       17250.0   2.51983e+06
       17350.0   2.31866e+06
       17450.0   2.39584e+06
       17550.0   2.36800e+06
       17650.0   2.31815e+06
       17750.0   2.26842e+06
       17850.0   2.22097e+06
       17950.0   2.17478e+06
       18050.0   2.12034e+06
       18150.0   1.96369e+06
       18250.0   2.00772e+06
       18350.0   1.99820e+06
       18450.0   1.95867e+06
       18550.0   1.91758e+06
       18650.0   1.86945e+06
       18750.0   1.73437e+06
       18850.0   1.79606e+06
       18950.0   1.76855e+06
       19050.0   1.73260e+06
       19150.0   1.69945e+06
       19250.0   1.66577e+06
       19350.0   1.62334e+06
       19450.0   1.50004e+06
       19550.0   1.56053e+06
       19650.0   1.54030e+06
       19750.0   1.51074e+06
       19850.0   1.48188e+06
       19950.0   1.45372e+06
       20050.0   1.42622e+06
       20150.0   1.39930e+06
       20250.0   1.37311e+06
       20350.0   1.34746e+06
       20450.0   1.32242e+06
       20550.0   1.29718e+06
       20650.0   1.27405e+06
       20750.0   1.25077e+06
       20850.0   1.22797e+06
       20950.0   1.20555e+06
       21050.0   1.18383e+06
       21150.0   1.16172e+06
       21250.0   1.14155e+06
       21350.0   1.12113e+06
       21450.0   1.10120e+06
       21550.0   1.07632e+06
       21650.0       998324.
       21750.0   1.03480e+06
       21850.0   1.02566e+06
       21950.0   1.00813e+06
       22050.0       990946.
       22150.0       973803.
       22250.0       957155.
       22350.0       940841.
       22450.0       924854.
       22550.0       909186.
       22650.0       893906.
       22750.0       878932.
       22850.0       866132.
       22950.0       858386.
       23050.0       844076.
       23150.0       829067.
       23250.0       813658.
       23350.0       799103.
       23450.0       785040.
       23550.0       771187.
       23650.0       758280.
       23750.0       744828.
       23850.0       732171.
       23950.0       720290.
       24050.0       707800.
       24150.0       695684.
       24250.0       684961.
       24350.0       674264.
       24450.0       662521.
       24550.0       653947.
       24650.0       641894.
       24750.0       632658.
       24850.0       625929.
       24950.0       608879.
       25050.0       611952.
       25150.0       599174.
       25250.0       578832.
       25350.0       579327.
       25450.0       573905.
       25550.0       561706.
       25650.0       541474.
       25750.0       546367.
       25850.0       540958.
       25950.0       532467.
       26050.0       518494.
       26150.0       498890.
       26250.0       478525.
       26350.0       497704.
       26450.0       494885.
       26550.0       487802.
       26650.0       477529.
       26750.0       454390.
       26850.0       463862.
       26950.0       461012.
       27050.0       454974.
       27150.0       448521.
       27250.0       442181.
       27350.0       435871.
       27450.0       427636.
       27550.0       405771.
       27650.0       409449.
       27750.0       411185.
       27850.0       406401.
       27950.0       400798.
       28050.0       395288.
       28150.0       389860.
       28250.0       384528.
       28350.0       379270.
       28450.0       374146.
       28550.0       368373.
       28650.0       358494.
       28750.0       341019.
       28850.0       352179.
       28950.0       349404.
       29050.0       345070.
       29150.0       340467.
       29250.0       336003.
       29350.0       331566.
       29450.0       327224.
       29550.0       322960.
       29650.0       318745.
       29750.0       314609.
       29850.0       310535.
       29950.0       306528.
       30050.0       302577.
       30150.0       298675.
       30250.0       293550.
       30350.0       278523.
       30450.0       279561.
       30550.0       282840.
       30650.0       280207.
       30750.0       276682.
       30850.0       273086.
       30950.0       269799.
       31050.0       266438.
       31150.0       263127.
       31250.0       259860.
       31350.0       256660.
       31450.0       253492.
       31550.0       250392.
       31650.0       247319.
       31750.0       244310.
       31850.0       241341.
       31950.0       238416.
       32100.0       234109.
       32300.0       228521.
       32500.0       223096.
       32700.0       217669.
       32900.0       205258.
       33100.0       206474.
       33300.0       203788.
       33500.0       199099.
       33700.0       194484.
       33900.0       189704.
       34100.0       185270.
       34300.0       180989.
       34500.0       176862.
       34700.0       172867.
       34900.0       168862.
       35100.0       165115.
       35300.0       161496.
       35500.0       157893.
       35700.0       154362.
       35900.0       151188.
       36100.0       147716.
       36300.0       144829.
       36500.0       141377.
       36700.0       138921.
       36900.0       135214.
       37100.0       133026.
       37300.0       128289.
       37500.0       124020.
       37700.0       125054.
       37900.0       122838.
       38100.0       119250.
       38300.0       116985.
       38500.0       115580.
       38700.0       113294.
       38900.0       110549.
       39100.0       106981.
       39300.0       106476.
       39500.0       104560.
       39700.0       102536.
       39900.0       100533.
       40100.0       97429.2
       40300.0       95149.3
       40500.0       91788.8
       40700.0       92803.8
       40900.0       91243.1
       41100.0       89516.5
       41300.0       87821.1
       41500.0       85922.3
       41700.0       82405.0
       41900.0       82691.0
       42100.0       81462.9
       42300.0       79963.8
       42500.0       78495.5
       42700.0       77063.5
       42900.0       75656.8
       43100.0       74295.2
       43300.0       72957.4
       43500.0       71551.4
       43700.0       68538.6
       43900.0       68462.9
       44100.0       67891.7
       44300.0       66702.3
       44500.0       65533.3
       44700.0       64527.7
       44900.0       63404.8
       45100.0       62306.5
       45300.0       61228.9
       45500.0       60182.2
       45700.0       59151.6
       45900.0       58145.5
       46100.0       57159.9
       46300.0       56038.0
       46500.0       53121.2
       46700.0       52333.8
       46900.0       53061.6
       47100.0       52533.8
       47300.0       51666.2
       47500.0       50809.6
       47700.0       49982.0
       47900.0       49166.5
       48100.0       48367.7
       48300.0       47583.6
       48500.0       46815.6
       48700.0       46065.0
       48900.0       45326.6
       49100.0       44604.9
       49300.0       43896.5
       49500.0       43202.7
       49700.0       42521.7
       49900.0       41854.7
       50100.0       41200.0
       50300.0       40557.4
       50500.0       39929.5
       50700.0       39311.7
       50900.0       38706.8
       51100.0       37896.5
       51300.0       36114.3
       51500.0       36817.2
       51700.0       36399.0
       51900.0       35850.5
       52100.0       35310.7
       52300.0       34782.2
       52500.0       34262.1
       52700.0       33751.6
       52900.0       33251.9
       53100.0       32761.4
       53300.0       32278.6
       53500.0       31806.1
       53700.0       31341.0
       53900.0       30884.5
       54100.0       30436.4
       54300.0       29996.7
       54500.0       29565.1
       54700.0       29141.6
       54900.0       28724.7
       55100.0       28315.5
       55300.0       27912.7
       55500.0       27518.7
       55700.0       27130.8
       55900.0       26748.9
       56100.0       26374.2
       56300.0       26007.6
       56500.0       25645.6
       56700.0       25290.4
       56900.0       24940.7
       57100.0       24597.6
       57300.0       24261.0
       57500.0       23929.6
       57700.0       23603.3
       57900.0       23283.2
       58100.0       22968.0
       58300.0       22657.8
       58500.0       22380.9
       58700.0       22076.7
       58900.0       21637.1
       59100.0       20609.7
       59300.0       21120.1
       59500.0       20930.5
       59700.0       20655.2
       59900.0       20383.1
       60100.0       20117.3
       60300.0       19854.5
       60500.0       19595.8
       60700.0       19342.2
       60900.0       19092.4
       61100.0       18846.6
       61300.0       18604.5
       61500.0       18366.1
       61700.0       18131.5
       61900.0       17901.4
       62100.0       17674.0
       62300.0       17451.0
       62500.0       17230.5
       62700.0       17014.4
       62900.0       16801.6
       63100.0       16591.2
       63300.0       16385.0
       63500.0       16182.0
       63700.0       15982.1
       63900.0       15784.4
       64200.0       15494.6
       64600.0       15118.3
       65000.0       14753.6
       65400.0       14399.2
       65800.0       14055.9
       66200.0       13722.4
       66600.0       13399.2
       67000.0       13085.3
       67400.0       12780.3
       67800.0       12484.1
       68200.0       12196.3
       68600.0       11916.8
       69000.0       11646.1
       69400.0       11381.6
       69800.0       11125.5
       70200.0       10876.8
       70600.0       10634.5
       71000.0       10399.1
       71400.0       10169.1
       71800.0       9946.54
       72200.0       9730.39
       72600.0       9519.11
       73000.0       9313.99
       73400.0       9114.15
       73800.0       8919.48
       74200.0       8720.93
       74600.0       8344.02
       75000.0       8138.72
       75400.0       8179.82
       75800.0       8022.25
       76200.0       7857.15
       76600.0       7695.05
       77000.0       7537.79
       77400.0       7384.62
       77800.0       7235.43
       78200.0       7089.52
       78600.0       6947.42
       79000.0       6809.04
       79400.0       6673.68
       79800.0       6541.86
       80200.0       6413.51
       80600.0       6287.96
       81000.0       6165.72
       81400.0       6046.15
       81800.0       5929.73
       82200.0       5815.85
       82600.0       5704.99
       83000.0       5596.54
       83400.0       5490.45
       83800.0       5387.20
       84200.0       5286.24
       84600.0       5187.68
       85000.0       5091.31
       85400.0       4997.24
       85800.0       4905.31
       86200.0       4815.43
       86600.0       4727.64
       87000.0       4641.81
       87400.0       4557.95
       87800.0       4475.95
       88200.0       4395.83
       88600.0       4317.45
       89000.0       4240.77
       89400.0       4165.81
       89800.0       4092.53
       90200.0       4020.85
       90600.0       3950.68
       91000.0       3882.04
       91400.0       3814.90
       91800.0       3749.23
       92200.0       3684.95
       92600.0       3621.99
       93000.0       3560.41
       93400.0       3500.13
       93800.0       3441.10
       94200.0       3383.32
       94600.0       3326.78
       95000.0       3271.36
       95400.0       3217.12
       95800.0       3163.95
       96200.0       3111.93
       96600.0       3060.94
       97000.0       3010.96
       97400.0       2962.06
       97800.0       2914.13
       98200.0       2867.15
       98600.0       2821.11
       99000.0       2775.99
       99400.0       2731.77
       99800.0       2688.43
       100200.       2645.92
       200000.       166.628
       400000.       10.2395
       600000.       1.99301
       800000.      0.623253
   1.00000e+06      0.252880
   1.20000e+06      0.121001
   1.40000e+06     0.0648822
   1.60000e+06     0.0378158
