       90.9000       0.00000
       93.5000       0.00000
       96.1000       0.00000
       97.7000       0.00000
       99.6000       0.00000
       102.000       0.00000
       103.800       0.00000
       105.600       0.00000
       107.700       0.00000
       110.400       0.00000
       114.000       0.00000
       117.800       0.00000
       121.300       0.00000
       124.800       0.00000
       127.100       0.00000
       128.400       0.00000
       130.500       0.00000
       132.400       0.00000
       133.900       0.00000
       136.600       0.00000
       139.800       0.00000
       143.300       0.00000
       147.200       0.00000
       151.000       0.00000
       155.200       0.00000
       158.800       0.00000
       162.000       0.00000
       166.000       0.00000
       170.300       0.00000
       173.400       0.00000
       176.800       0.00000
       180.200       0.00000
       181.700       0.00000
       186.100       0.00000
       191.000       0.00000
       193.900       0.00000
       198.400       0.00000
       201.800       0.00000
       205.000       0.00000
       210.500       0.00000
       216.200       0.00000
       219.800       0.00000
       223.000       0.00000
       226.800       0.00000
       230.000       0.00000
       234.000       0.00000
       240.000       0.00000
       246.500       0.00000
       252.400       0.00000
       256.800       0.00000
       260.000       0.00000
       264.000       0.00000
       268.500       0.00000
       273.500       0.00000
       278.500       0.00000
       284.000       0.00000
       290.000       0.00000
       296.000       0.00000
       301.000       0.00000
       308.000       0.00000
       318.000       0.00000
       328.000       0.00000
       338.000       0.00000
       348.000       0.00000
       357.000       0.00000
       366.000       0.00000
       375.000       0.00000
       385.000       0.00000
       395.000       0.00000
       405.000       0.00000
       414.000       0.00000
       422.000       0.00000
       430.000       0.00000
       441.000       0.00000
       451.000       0.00000
       460.000       0.00000
       470.000       0.00000
       480.000       0.00000
       490.000       0.00000
       500.000       0.00000
       506.000   1.78657e-08
       512.000   3.16725e-08
       520.000   5.86872e-08
       530.000   1.24160e-07
       540.000   2.52562e-07
       550.000   5.05479e-07
       560.000   9.84689e-07
       570.000   1.87519e-06
       580.000   3.47961e-06
       590.000   6.39338e-06
       600.000   1.14714e-05
       610.000   2.02347e-05
       620.000   3.50749e-05
       630.000   5.98308e-05
       640.000   0.000100483
       650.000   0.000166439
       658.000   0.000246601
       665.000   0.000345163
       675.000   0.000552240
       685.000   0.000872568
       695.000    0.00136138
       705.000    0.00209609
       716.000    0.00333435
       726.000    0.00502059
       735.000    0.00719046
       745.000     0.0106118
       755.000     0.0155081
       765.000     0.0224477
       775.000     0.0321863
       785.000     0.0457420
       795.000     0.0642980
       805.000     0.0899060
       815.000      0.124614
       825.000      0.171255
       835.000      0.233476
       845.000      0.316073
       855.000      0.424696
       865.000      0.566638
       875.000      0.750632
       885.000      0.988549
       895.000       1.29312
       905.000       1.67992
       915.000       85.4863
       925.000       512.199
       935.000       798.687
       945.000       1201.75
       955.000       1713.91
       965.000       2207.85
       975.000       2137.23
       985.000       3062.65
       995.000       3382.99
       1005.00       4338.63
       1015.00       5128.63
       1025.00       4140.49
       1035.00       6679.85
       1045.00       7981.88
       1055.00       9193.98
       1065.00       10079.4
       1075.00       11947.8
       1085.00       13495.7
       1095.00       14578.1
       1105.00       48239.6
       1115.00       140329.
       1125.00       186564.
       1135.00       190529.
       1145.00       172106.
       1155.00       171610.
       1165.00       173206.
       1175.00       146646.
       1185.00       123341.
       1195.00       70677.9
       1205.00       70679.8
       1215.00       16997.5
       1225.00       77383.4
       1235.00       160555.
       1245.00       453673.
       1255.00   1.72592e+06
       1265.00   2.39543e+06
       1275.00   1.15314e+07
       1285.00   2.35864e+07
       1295.00   2.85835e+07
       1305.00   1.70707e+07
       1315.00   3.79448e+07
       1325.00   4.51937e+07
       1335.00   4.10948e+07
       1345.00   5.81560e+07
       1355.00   5.52305e+07
       1365.00   5.02833e+07
       1375.00   5.90275e+07
       1385.00   5.63046e+07
       1395.00   6.30754e+07
       1405.00   6.44021e+07
       1415.00   5.79915e+07
       1425.00   6.70077e+07
       1435.00   5.95202e+07
       1442.00   6.96096e+07
       1447.00   8.11970e+07
       1455.00   7.95965e+07
       1465.00   6.88453e+07
       1475.00   6.71271e+07
       1485.00   7.51385e+07
       1495.00   8.27601e+07
       1505.00   8.56990e+07
       1512.00   7.37610e+07
       1517.00   8.13151e+07
       1525.00   6.90633e+07
       1535.00   5.97499e+07
       1545.00   8.59748e+07
       1555.00   7.46208e+07
       1565.00   6.71254e+07
       1575.00   8.05377e+07
       1585.00   8.77799e+07
       1595.00   9.69094e+07
       1605.00   8.96101e+07
       1615.00   8.58273e+07
       1625.00   7.37874e+07
       1635.00   8.25341e+07
       1645.00   8.93884e+07
       1655.00   6.64726e+07
       1665.00   8.79945e+07
       1672.00   5.46812e+07
       1677.00   8.54497e+07
       1685.00   9.58908e+07
       1695.00   8.44574e+07
       1705.00   8.07521e+07
       1715.00   8.16499e+07
       1725.00   8.02248e+07
       1735.00   8.72635e+07
       1745.00   8.51800e+07
       1755.00   9.59334e+07
       1765.00   7.81064e+07
       1775.00   9.02383e+07
       1785.00   8.83575e+07
       1795.00   1.00711e+08
       1805.00   9.47126e+07
       1815.00   9.26049e+07
       1825.00   8.90614e+07
       1835.00   8.43643e+07
       1845.00   7.57506e+07
       1855.00   8.23097e+07
       1865.00   8.37234e+07
       1875.00   8.64869e+07
       1885.00   8.53268e+07
       1895.00   8.68236e+07
       1905.00   8.10500e+07
       1915.00   8.63776e+07
       1925.00   8.72485e+07
       1935.00   8.14621e+07
       1945.00   8.89478e+07
       1955.00   8.75415e+07
       1967.00   9.19565e+07
       1976.00   9.02939e+07
       1984.00   8.72233e+07
       1995.00   8.37699e+07
       2005.00   8.13545e+07
       2015.00   7.88743e+07
       2025.00   7.72896e+07
       2035.00   8.07739e+07
       2045.00   8.54737e+07
       2055.00   8.13646e+07
       2065.00   7.91666e+07
       2074.00   8.51583e+07
       2078.00   8.67493e+07
       2085.00   8.49354e+07
       2095.00   8.15524e+07
       2105.00   7.72578e+07
       2115.00   7.74848e+07
       2125.00   7.99192e+07
       2135.00   6.65915e+07
       2145.00   7.52008e+07
       2155.00   7.60482e+07
       2165.00   7.13511e+07
       2175.00   7.01852e+07
       2185.00   7.10696e+07
       2195.00   7.59869e+07
       2205.00   7.22316e+07
       2215.00   6.59125e+07
       2225.00   6.43062e+07
       2235.00   7.26284e+07
       2245.00   6.46486e+07
       2255.00   6.26496e+07
       2265.00   6.30434e+07
       2275.00   6.67449e+07
       2285.00   6.94082e+07
       2295.00   6.48614e+07
       2305.00   6.40382e+07
       2315.00   6.12690e+07
       2325.00   4.60868e+07
       2335.00   5.62820e+07
       2345.00   5.10423e+07
       2355.00   6.08363e+07
       2365.00   5.16530e+07
       2375.00   5.58060e+07
       2385.00   4.74842e+07
       2395.00   5.33653e+07
       2405.00   5.03972e+07
       2415.00   5.20904e+07
       2425.00   5.73774e+07
       2435.00   5.46006e+07
       2445.00   5.87295e+07
       2455.00   5.63618e+07
       2465.00   5.64839e+07
       2475.00   5.35616e+07
       2485.00   5.63001e+07
       2495.00   5.39137e+07
       2505.00   6.12552e+07
       2513.00   5.31179e+07
       2518.00   5.37253e+07
       2525.00   4.96686e+07
       2535.00   4.89228e+07
       2545.00   4.89480e+07
       2555.00   5.39090e+07
       2565.00   5.33131e+07
       2575.00   5.75781e+07
       2585.00   5.74717e+07
       2595.00   5.55896e+07
       2605.00   5.32084e+07
       2615.00   5.20982e+07
       2625.00   5.70238e+07
       2635.00   5.70313e+07
       2645.00   6.46137e+07
       2655.00   6.37163e+07
       2665.00   5.78339e+07
       2675.00   6.06243e+07
       2685.00   6.01161e+07
       2695.00   5.71552e+07
       2705.00   5.88443e+07
       2715.00   5.54933e+07
       2725.00   5.60355e+07
       2735.00   6.05722e+07
       2745.00   5.00972e+07
       2755.00   5.12630e+07
       2765.00   5.33567e+07
       2775.00   5.69844e+07
       2785.00   5.33945e+07
       2795.00   3.27449e+07
       2805.00   3.81628e+07
       2815.00   5.73875e+07
       2825.00   5.98048e+07
       2835.00   5.75697e+07
       2845.00   5.54435e+07
       2855.00   5.38587e+07
       2865.00   5.78344e+07
       2875.00   5.60791e+07
       2885.00   5.71485e+07
       2895.00   5.49743e+07
       2910.00   6.07798e+07
       2930.00   5.82941e+07
       2950.00   5.79262e+07
       2970.00   5.84342e+07
       2990.00   5.89783e+07
       3010.00   5.98396e+07
       3030.00   5.89538e+07
       3050.00   5.85071e+07
       3070.00   5.79551e+07
       3090.00   5.86712e+07
       3110.00   5.70660e+07
       3130.00   5.69081e+07
       3150.00   5.73876e+07
       3170.00   5.68682e+07
       3190.00   5.45617e+07
       3210.00   5.58326e+07
       3230.00   5.45403e+07
       3250.00   5.50802e+07
       3270.00   5.53034e+07
       3290.00   5.54962e+07
       3310.00   5.56494e+07
       3330.00   5.45617e+07
       3350.00   5.37678e+07
       3370.00   5.36357e+07
       3390.00   5.30440e+07
       3410.00   5.37228e+07
       3430.00   5.34312e+07
       3450.00   5.30097e+07
       3470.00   5.22878e+07
       3490.00   5.20088e+07
       3510.00   5.24880e+07
       3530.00   5.24089e+07
       3550.00   5.23492e+07
       3570.00   5.13268e+07
       3590.00   5.09699e+07
       3610.00   5.07247e+07
       3630.00   5.06047e+07
       3640.00   5.03043e+07
       3650.00   5.12874e+07
       3670.00   4.95132e+07
       3690.00   4.52815e+07
       3710.00   5.00442e+07
       3730.00   5.20245e+07
       3750.00   6.56053e+07
       3770.00   6.90010e+07
       3790.00   8.67439e+07
       3810.00   1.03016e+08
       3830.00   8.00901e+07
       3850.00   1.14510e+08
       3870.00   1.31199e+08
       3890.00   6.90718e+07
       3910.00   1.30115e+08
       3930.00   1.21052e+08
       3950.00   1.28481e+08
       3970.00   6.49154e+07
       3990.00   1.23868e+08
       4010.00   1.39169e+08
       4030.00   1.38844e+08
       4050.00   1.37187e+08
       4070.00   1.29818e+08
       4090.00   9.78710e+07
       4110.00   7.32314e+07
       4130.00   1.21424e+08
       4150.00   1.28177e+08
       4170.00   1.27143e+08
       4190.00   1.25415e+08
       4210.00   1.24169e+08
       4230.00   1.21370e+08
       4250.00   1.20034e+08
       4270.00   1.16828e+08
       4290.00   1.16347e+08
       4310.00   1.08350e+08
       4330.00   7.88970e+07
       4350.00   6.66538e+07
       4370.00   1.05247e+08
       4390.00   1.07829e+08
       4410.00   1.07349e+08
       4430.00   1.06353e+08
       4450.00   1.06540e+08
       4470.00   1.05080e+08
       4490.00   1.02591e+08
       4510.00   1.02671e+08
       4530.00   1.00775e+08
       4550.00   9.83384e+07
       4570.00   9.90074e+07
       4590.00   9.68805e+07
       4610.00   9.72719e+07
       4630.00   9.46198e+07
       4650.00   9.46909e+07
       4670.00   9.33530e+07
       4690.00   9.09434e+07
       4710.00   8.80347e+07
       4730.00   8.97418e+07
       4750.00   8.87306e+07
       4770.00   8.74632e+07
       4790.00   8.61317e+07
       4810.00   8.39384e+07
       4830.00   7.95919e+07
       4850.00   5.99517e+07
       4870.00   4.80521e+07
       4890.00   7.45202e+07
       4910.00   7.86586e+07
       4930.00   7.79861e+07
       4950.00   7.79814e+07
       4970.00   7.76967e+07
       4990.00   7.63458e+07
       5010.00   7.44407e+07
       5030.00   7.44843e+07
       5050.00   7.30579e+07
       5070.00   7.30938e+07
       5090.00   7.22660e+07
       5110.00   7.13985e+07
       5130.00   7.04792e+07
       5150.00   6.93576e+07
       5170.00   6.77649e+07
       5190.00   6.71472e+07
       5210.00   6.70629e+07
       5230.00   6.57025e+07
       5250.00   6.58357e+07
       5270.00   6.39344e+07
       5290.00   6.43390e+07
       5310.00   6.30643e+07
       5330.00   6.22829e+07
       5350.00   6.22972e+07
       5370.00   6.13402e+07
       5390.00   6.07432e+07
       5410.00   5.97582e+07
       5430.00   5.93150e+07
       5450.00   5.88893e+07
       5470.00   5.82404e+07
       5490.00   5.76906e+07
       5510.00   5.70628e+07
       5530.00   5.63022e+07
       5550.00   5.58702e+07
       5570.00   5.51819e+07
       5590.00   5.46696e+07
       5610.00   5.41584e+07
       5630.00   5.36008e+07
       5650.00   5.29718e+07
       5670.00   5.23703e+07
       5690.00   5.18980e+07
       5710.00   5.13583e+07
       5730.00   5.08845e+07
       5750.00   5.02736e+07
       5770.00   4.97752e+07
       5790.00   4.92207e+07
       5810.00   4.87362e+07
       5830.00   4.82406e+07
       5850.00   4.77550e+07
       5870.00   4.71961e+07
       5890.00   4.63766e+07
       5910.00   4.62661e+07
       5930.00   4.58142e+07
       5950.00   4.52481e+07
       5970.00   4.48471e+07
       5990.00   4.42899e+07
       6010.00   4.38788e+07
       6030.00   4.35074e+07
       6050.00   4.30514e+07
       6070.00   4.26577e+07
       6090.00   4.22185e+07
       6110.00   4.17791e+07
       6130.00   4.13215e+07
       6150.00   4.04535e+07
       6170.00   4.04905e+07
       6190.00   4.01684e+07
       6210.00   3.97752e+07
       6230.00   3.93436e+07
       6250.00   3.86630e+07
       6270.00   3.86295e+07
       6290.00   3.82557e+07
       6310.00   3.77978e+07
       6330.00   3.74870e+07
       6350.00   3.67308e+07
       6370.00   3.64996e+07
       6390.00   3.63877e+07
       6410.00   3.59501e+07
       6430.00   3.56476e+07
       6450.00   3.50293e+07
       6470.00   3.48995e+07
       6490.00   3.43529e+07
       6510.00   3.38114e+07
       6530.00   3.25780e+07
       6550.00   2.77939e+07
       6561.25   2.23237e+07
       6590.00   3.05501e+07
       6610.00   3.20615e+07
       6630.00   3.21812e+07
       6650.00   3.20237e+07
       6670.00   3.17845e+07
       6690.00   3.15493e+07
       6710.00   3.13029e+07
       6730.00   3.09691e+07
       6750.00   3.07189e+07
       6770.00   3.04711e+07
       6790.00   3.01881e+07
       6810.00   2.99143e+07
       6830.00   2.96191e+07
       6850.00   2.93588e+07
       6870.00   2.91083e+07
       6890.00   2.88507e+07
       6910.00   2.85845e+07
       6930.00   2.83194e+07
       6950.00   2.80708e+07
       6970.00   2.78146e+07
       6990.00   2.75855e+07
       7010.00   2.72566e+07
       7030.00   2.70681e+07
       7050.00   2.68329e+07
       7070.00   2.66150e+07
       7090.00   2.63849e+07
       7110.00   2.59140e+07
       7130.00   2.58718e+07
       7150.00   2.56521e+07
       7170.00   2.54513e+07
       7190.00   2.52275e+07
       7210.00   2.50182e+07
       7230.00   2.47798e+07
       7250.00   2.45472e+07
       7270.00   2.43810e+07
       7290.00   2.41446e+07
       7310.00   2.39344e+07
       7330.00   2.37535e+07
       7350.00   2.35616e+07
       7370.00   2.33653e+07
       7390.00   2.31479e+07
       7410.00   2.28530e+07
       7430.00   2.26687e+07
       7450.00   2.25125e+07
       7470.00   2.22477e+07
       7490.00   2.21270e+07
       7510.00   2.19719e+07
       7530.00   2.18148e+07
       7550.00   2.16525e+07
       7570.00   2.14639e+07
       7590.00   2.12901e+07
       7610.00   2.11172e+07
       7630.00   2.09374e+07
       7650.00   2.07502e+07
       7670.00   2.05659e+07
       7690.00   2.04119e+07
       7710.00   2.02187e+07
       7730.00   2.00903e+07
       7750.00   1.99227e+07
       7770.00   1.93610e+07
       7790.00   1.96075e+07
       7810.00   1.94479e+07
       7830.00   1.92719e+07
       7850.00   1.90834e+07
       7870.00   1.88855e+07
       7890.00   1.87094e+07
       7910.00   1.86252e+07
       7930.00   1.85038e+07
       7950.00   1.82659e+07
       7970.00   1.82343e+07
       7990.00   1.78811e+07
       8010.00   1.79346e+07
       8030.00   1.77852e+07
       8050.00   1.76545e+07
       8070.00   1.75064e+07
       8090.00   1.73733e+07
       8110.00   1.72402e+07
       8130.00   1.71144e+07
       8150.00   1.69812e+07
       8170.00   1.68501e+07
       8190.00   1.66006e+07
       8210.00   1.65544e+07
       8230.00   1.64112e+07
       8250.00   1.63362e+07
       8270.00   1.63300e+07
       8290.00   1.61850e+07
       8310.00   1.60575e+07
       8330.00   1.57937e+07
       8350.00   1.56479e+07
       8370.00   1.54678e+07
       8390.00   1.51581e+07
       8410.00   1.48827e+07
       8430.00   1.46727e+07
       8450.00   1.44725e+07
       8470.00   1.40802e+07
       8490.00   1.45512e+07
       8510.00   1.36054e+07
       8530.00   1.47107e+07
       8550.00   1.27826e+07
       8570.00   1.50626e+07
       8590.00   1.35415e+07
       8610.00   1.31997e+07
       8630.00   1.53046e+07
       8650.00   1.42611e+07
       8670.00   1.16719e+07
       8690.00   1.46110e+07
       8710.00   1.54453e+07
       8730.00   1.44651e+07
       8750.00   1.12730e+07
       8770.00   1.36374e+07
       8790.00   1.51767e+07
       8810.00   1.53088e+07
       8830.00   1.47278e+07
       8850.00   1.28254e+07
       8870.00   1.08369e+07
       8890.00   1.38876e+07
       8910.00   1.47066e+07
       8930.00   1.48368e+07
       8950.00   1.48491e+07
       8970.00   1.45044e+07
       8990.00   1.35589e+07
       9010.00   1.05840e+07
       9030.00   1.16002e+07
       9050.00   1.36024e+07
       9070.00   1.38525e+07
       9090.00   1.38326e+07
       9110.00   1.40316e+07
       9130.00   1.39955e+07
       9150.00   1.39029e+07
       9170.00   1.36600e+07
       9190.00   1.31786e+07
       9210.00   1.19702e+07
       9230.00   9.24570e+06
       9250.00   1.14654e+07
       9270.00   1.24690e+07
       9290.00   1.30640e+07
       9310.00   1.31157e+07
       9330.00   1.30578e+07
       9350.00   1.30007e+07
       9370.00   1.29209e+07
       9390.00   1.27385e+07
       9410.00   1.25049e+07
       9430.00   1.25938e+07
       9450.00   1.24942e+07
       9470.00   1.23491e+07
       9490.00   1.21356e+07
       9510.00   1.16905e+07
       9530.00   1.04485e+07
       9550.00   8.36096e+06
       9570.00   1.05662e+07
       9590.00   1.14545e+07
       9610.00   1.16068e+07
       9630.00   1.15131e+07
       9650.00   1.16337e+07
       9670.00   1.14934e+07
       9690.00   1.14841e+07
       9710.00   1.14581e+07
       9730.00   1.13772e+07
       9750.00   1.12897e+07
       9770.00   1.12258e+07
       9790.00   1.11450e+07
       9810.00   1.10585e+07
       9830.00   1.09590e+07
       9850.00   1.08652e+07
       9870.00   1.07918e+07
       9890.00   1.06504e+07
       9910.00   1.06301e+07
       9930.00   1.05307e+07
       9950.00   1.04565e+07
       9970.00   1.03581e+07
       9990.00   1.01906e+07
       10025.0   9.06959e+06
       10075.0   8.59492e+06
       10125.0   9.70383e+06
       10175.0   9.70076e+06
       10225.0   9.58126e+06
       10275.0   9.42436e+06
       10325.0   9.26051e+06
       10375.0   9.10777e+06
       10425.0   8.95822e+06
       10475.0   8.76990e+06
       10525.0   8.63236e+06
       10575.0   8.50713e+06
       10625.0   8.37519e+06
       10675.0   8.13757e+06
       10725.0   8.06384e+06
       10775.0   7.93985e+06
       10825.0   7.79080e+06
       10875.0   7.54221e+06
       10925.0   6.26097e+06
       10975.0   6.86056e+06
       11025.0   7.28135e+06
       11075.0   7.23019e+06
       11125.0   7.13460e+06
       11175.0   7.02867e+06
       11225.0   6.92164e+06
       11275.0   6.72496e+06
       11325.0   6.63340e+06
       11375.0   6.59413e+06
       11425.0   6.48546e+06
       11475.0   6.40618e+06
       11525.0   6.31157e+06
       11575.0   6.21330e+06
       11625.0   6.08637e+06
       11675.0   5.97133e+06
       11725.0   5.93942e+06
       11775.0   5.77768e+06
       11825.0   5.73270e+06
       11875.0   5.63190e+06
       11925.0   5.59695e+06
       11975.0   5.48674e+06
       12025.0   5.42792e+06
       12075.0   5.33681e+06
       12125.0   5.26393e+06
       12175.0   5.19587e+06
       12225.0   5.11792e+06
       12275.0   5.03730e+06
       12325.0   4.96824e+06
       12375.0   4.90185e+06
       12425.0   4.83857e+06
       12475.0   4.75411e+06
       12525.0   4.69894e+06
       12575.0   4.60971e+06
       12625.0   4.55318e+06
       12675.0   4.48989e+06
       12725.0   4.40070e+06
       12775.0   4.17957e+06
       12825.0   3.56688e+06
       12875.0   4.11239e+06
       12925.0   4.17039e+06
       12975.0   4.13406e+06
       13025.0   4.08928e+06
       13075.0   4.03625e+06
       13125.0   3.98084e+06
       13175.0   3.91509e+06
       13225.0   3.87520e+06
       13275.0   3.82362e+06
       13325.0   3.77270e+06
       13375.0   3.72244e+06
       13425.0   3.67218e+06
       13475.0   3.62195e+06
       13525.0   3.56968e+06
       13575.0   3.52402e+06
       13625.0   3.48095e+06
       13675.0   3.43237e+06
       13725.0   3.37741e+06
       13775.0   3.34678e+06
       13825.0   3.30390e+06
       13875.0   3.26428e+06
       13925.0   3.21698e+06
       13975.0   3.17973e+06
       14025.0   3.13986e+06
       14075.0   3.10047e+06
       14125.0   3.05987e+06
       14175.0   3.02201e+06
       14225.0   2.98349e+06
       14275.0   2.94580e+06
       14325.0   2.90930e+06
       14375.0   2.87396e+06
       14425.0   2.81062e+06
       14475.0   2.80203e+06
       14525.0   2.75366e+06
       14570.0   2.73650e+06
       14620.0   2.70354e+06
       14675.0   2.67229e+06
       14725.0   2.63941e+06
       14775.0   2.60104e+06
       14825.0   2.57512e+06
       14875.0   2.53707e+06
       14925.0   2.51688e+06
       14975.0   2.47911e+06
       15025.0   2.44344e+06
       15075.0   2.40737e+06
       15125.0   2.37748e+06
       15175.0   2.33910e+06
       15225.0   2.30718e+06
       15275.0   2.27273e+06
       15325.0   2.23771e+06
       15375.0   2.22621e+06
       15425.0   2.16541e+06
       15475.0   2.17551e+06
       15525.0   2.14604e+06
       15575.0   2.06535e+06
       15625.0   2.15014e+06
       15675.0   2.04613e+06
       15725.0   1.98439e+06
       15775.0   2.09143e+06
       15825.0   2.05537e+06
       15875.0   1.85498e+06
       15925.0   1.96680e+06
       15975.0   2.03511e+06
       16050.0   1.94389e+06
       16150.0   1.81864e+06
       16250.0   1.92059e+06
       16350.0   1.80697e+06
       16450.0   1.69318e+06
       16550.0   1.80070e+06
       16650.0   1.76405e+06
       16750.0   1.64999e+06
       16850.0   1.54316e+06
       16950.0   1.64931e+06
       17050.0   1.61978e+06
       17150.0   1.58622e+06
       17250.0   1.53446e+06
       17350.0   1.35200e+06
       17450.0   1.44790e+06
       17550.0   1.45077e+06
       17650.0   1.42470e+06
       17750.0   1.39769e+06
       17850.0   1.36812e+06
       17950.0   1.34006e+06
       18050.0   1.29843e+06
       18150.0   1.15733e+06
       18250.0   1.21323e+06
       18350.0   1.23025e+06
       18450.0   1.20854e+06
       18550.0   1.18164e+06
       18650.0   1.14756e+06
       18750.0   1.01875e+06
       18850.0   1.09704e+06
       18950.0   1.09074e+06
       19050.0   1.07485e+06
       19150.0   1.05369e+06
       19250.0   1.03027e+06
       19350.0       996595.
       19450.0       886312.
       19550.0       959109.
       19650.0       954660.
       19750.0       938295.
       19850.0       921636.
       19950.0       904441.
       20050.0       887748.
       20150.0       871368.
       20250.0       855222.
       20350.0       839406.
       20450.0       824352.
       20550.0       809355.
       20650.0       794343.
       20750.0       780231.
       20850.0       766369.
       20950.0       752718.
       21050.0       739190.
       21150.0       725109.
       21250.0       712410.
       21350.0       699950.
       21450.0       686504.
       21550.0       667144.
       21650.0       597909.
       21750.0       638788.
       21850.0       639922.
       21950.0       631556.
       22050.0       620649.
       22150.0       609614.
       22250.0       600151.
       22350.0       590049.
       22450.0       580229.
       22550.0       570286.
       22650.0       561091.
       22750.0       551845.
       22850.0       545301.
       22950.0       544994.
       23050.0       535738.
       23150.0       525292.
       23250.0       515326.
       23350.0       505421.
       23450.0       496002.
       23550.0       486894.
       23650.0       478098.
       23750.0       469472.
       23850.0       461218.
       23950.0       453217.
       24050.0       445392.
       24150.0       437435.
       24250.0       430324.
       24350.0       423817.
       24450.0       416034.
       24550.0       411339.
       24650.0       403061.
       24750.0       397885.
       24850.0       394360.
       24950.0       381286.
       25050.0       388874.
       25150.0       379034.
       25250.0       361614.
       25350.0       365590.
       25450.0       364049.
       25550.0       354193.
       25650.0       337024.
       25750.0       345434.
       25850.0       343765.
       25950.0       338245.
       26050.0       325766.
       26150.0       308944.
       26250.0       292790.
       26350.0       312715.
       26450.0       314808.
       26550.0       310549.
       26650.0       301773.
       26750.0       281252.
       26850.0       293380.
       26950.0       294028.
       27050.0       290834.
       27150.0       287331.
       27250.0       283049.
       27350.0       278329.
       27450.0       271970.
       27550.0       251987.
       27650.0       257184.
       27750.0       262335.
       27850.0       260168.
       27950.0       257171.
       28050.0       253679.
       28150.0       250226.
       28250.0       246843.
       28350.0       243553.
       28450.0       239680.
       28550.0       235475.
       28650.0       226344.
       28750.0       211555.
       28850.0       224176.
       28950.0       223700.
       29050.0       221739.
       29150.0       218677.
       29250.0       216039.
       29350.0       213245.
       29450.0       210487.
       29550.0       207779.
       29650.0       205094.
       29750.0       202462.
       29850.0       199882.
       29950.0       197310.
       30050.0       194723.
       30150.0       191659.
       30250.0       187718.
       30350.0       174320.
       30450.0       175936.
       30550.0       181216.
       30650.0       180112.
       30750.0       178289.
       30850.0       175959.
       30950.0       173911.
       31050.0       171754.
       31150.0       169600.
       31250.0       167510.
       31350.0       165531.
       31450.0       163455.
       31550.0       161565.
       31650.0       159628.
       31750.0       157656.
       31850.0       155814.
       31950.0       153932.
       32100.0       151181.
       32300.0       147628.
       32500.0       144154.
       32700.0       140307.
       32900.0       129745.
       33100.0       132398.
       33300.0       132025.
       33500.0       129104.
       33700.0       125911.
       33900.0       122971.
       34100.0       120107.
       34300.0       117349.
       34500.0       114689.
       34700.0       112003.
       34900.0       109461.
       35100.0       107016.
       35300.0       104612.
       35500.0       102301.
       35700.0       99984.4
       35900.0       97952.7
       36100.0       95682.2
       36300.0       93881.7
       36500.0       91566.2
       36700.0       90157.0
       36900.0       87444.8
       37100.0       86266.4
       37300.0       82289.4
       37500.0       79278.8
       37700.0       81191.2
       37900.0       79864.5
       38100.0       77190.8
       38300.0       75814.0
       38500.0       75282.6
       38700.0       73799.6
       38900.0       71827.8
       39100.0       69022.4
       39300.0       69355.9
       39500.0       68351.1
       39700.0       67073.8
       39900.0       65731.0
       40100.0       63078.5
       40300.0       61479.7
       40500.0       58855.2
       40700.0       60418.2
       40900.0       59680.2
       41100.0       58625.7
       41300.0       57480.6
       41500.0       56011.4
       41700.0       53061.9
       41900.0       53899.9
       42100.0       53333.7
       42300.0       52428.4
       42500.0       51475.2
       42700.0       50545.8
       42900.0       49637.5
       43100.0       48745.9
       43300.0       47866.7
       43500.0       46800.4
       43700.0       44272.0
       43900.0       44538.1
       44100.0       44487.6
       44300.0       43804.6
       44500.0       43042.7
       44700.0       42481.1
       44900.0       41744.7
       45100.0       41032.7
       45300.0       40326.0
       45500.0       39644.7
       45700.0       38968.4
       45900.0       38305.9
       46100.0       37603.7
       46300.0       36740.0
       46500.0       34333.9
       46700.0       33767.5
       46900.0       34711.6
       47100.0       34546.5
       47300.0       34078.2
       47500.0       33511.3
       47700.0       32972.5
       47900.0       32443.3
       48100.0       31918.4
       48300.0       31405.9
       48500.0       30904.0
       48700.0       30410.8
       48900.0       29927.8
       49100.0       29453.2
       49300.0       28990.0
       49500.0       28536.3
       49700.0       28090.6
       49900.0       27651.0
       50100.0       27223.5
       50300.0       26802.0
       50500.0       26390.7
       50700.0       25986.5
       50900.0       25539.9
       51100.0       24888.8
       51300.0       23439.6
       51500.0       24219.6
       51700.0       24046.6
       51900.0       23716.2
       52100.0       23361.0
       52300.0       23014.6
       52500.0       22672.8
       52700.0       22338.3
       52900.0       22009.5
       53100.0       21687.7
       53300.0       21371.4
       53500.0       21060.6
       53700.0       20753.8
       53900.0       20454.8
       54100.0       20161.0
       54300.0       19870.9
       54500.0       19587.1
       54700.0       19308.1
       54900.0       19035.2
       55100.0       18765.7
       55300.0       18500.9
       55500.0       18241.8
       55700.0       17984.8
       55900.0       17732.1
       56100.0       17487.4
       56300.0       17246.9
       56500.0       17009.4
       56700.0       16774.7
       56900.0       16545.3
       57100.0       16319.9
       57300.0       16097.1
       57500.0       15879.4
       57700.0       15664.2
       57900.0       15452.8
       58100.0       15246.2
       58300.0       15042.0
       58500.0       14874.4
       58700.0       14635.4
       58900.0       14277.8
       59100.0       13478.0
       59300.0       13963.7
       59500.0       13890.2
       59700.0       13734.9
       59900.0       13555.1
       60100.0       13379.5
       60300.0       13207.0
       60500.0       13036.5
       60700.0       12867.9
       60900.0       12703.2
       61100.0       12539.5
       61300.0       12380.6
       61500.0       12223.5
       61700.0       12068.2
       61900.0       11915.6
       62100.0       11765.7
       62300.0       11617.5
       62500.0       11472.9
       62700.0       11328.9
       62900.0       11189.3
       63100.0       11050.4
       63300.0       10913.0
       63500.0       10778.9
       63700.0       10647.3
       63900.0       10516.2
       64200.0       10324.9
       64600.0       10075.5
       65000.0       9834.22
       65400.0       9599.79
       65800.0       9372.06
       66200.0       9150.83
       66600.0       8936.77
       67000.0       8728.83
       67400.0       8526.85
       67800.0       8330.65
       68200.0       8140.07
       68600.0       7954.00
       69000.0       7773.97
       69400.0       7599.12
       69800.0       7429.15
       70200.0       7264.16
       70600.0       7103.17
       71000.0       6947.43
       71400.0       6794.72
       71800.0       6647.03
       72200.0       6502.18
       72600.0       6362.75
       73000.0       6227.19
       73400.0       6094.33
       73800.0       5965.02
       74200.0       5818.35
       74600.0       5518.72
       75000.0       5390.90
       75400.0       5458.10
       75800.0       5368.91
       76200.0       5259.29
       76600.0       5151.92
       77000.0       5047.39
       77400.0       4945.36
       77800.0       4846.03
       78200.0       4749.08
       78600.0       4654.58
       79000.0       4562.42
       79400.0       4472.46
       79800.0       4384.73
       80200.0       4299.16
       80600.0       4215.66
       81000.0       4134.22
       81400.0       4054.62
       81800.0       3977.01
       82200.0       3901.26
       82600.0       3827.29
       83000.0       3755.05
       83400.0       3684.19
       83800.0       3615.09
       84200.0       3548.04
       84600.0       3482.51
       85000.0       3418.31
       85400.0       3355.53
       85800.0       3294.22
       86200.0       3234.26
       86600.0       3175.72
       87000.0       3118.47
       87400.0       3062.47
       87800.0       3007.75
       88200.0       2954.23
       88600.0       2901.85
       89000.0       2850.71
       89400.0       2800.70
       89800.0       2751.70
       90200.0       2703.82
       90600.0       2656.96
       91000.0       2611.09
       91400.0       2566.23
       91800.0       2522.33
       92200.0       2479.35
       92600.0       2437.28
       93000.0       2396.11
       93400.0       2355.81
       93800.0       2316.32
       94200.0       2277.67
       94600.0       2239.84
       95000.0       2202.78
       95400.0       2166.38
       95800.0       2130.92
       96200.0       2096.06
       96600.0       2061.94
       97000.0       2028.51
       97400.0       1995.76
       97800.0       1963.64
       98200.0       1932.17
       98600.0       1901.37
       99000.0       1871.16
       99400.0       1841.53
       99800.0       1812.46
       100200.       1783.98
       200000.       114.093
       400000.       7.09172
       600000.       1.38836
       800000.      0.435712
   1.00000e+06      0.177203
   1.20000e+06     0.0849266
   1.40000e+06     0.0455902
   1.60000e+06     0.0265948
