       90.9000       0.00000
       93.5000       0.00000
       96.1000       0.00000
       97.7000       0.00000
       99.6000       0.00000
       102.000       0.00000
       103.800       0.00000
       105.600       0.00000
       107.700       0.00000
       110.400       0.00000
       114.000       0.00000
       117.800       0.00000
       121.300       0.00000
       124.800       0.00000
       127.100       0.00000
       128.400       0.00000
       130.500       0.00000
       132.400       0.00000
       133.900       0.00000
       136.600       0.00000
       139.800       0.00000
       143.300       0.00000
       147.200       0.00000
       151.000       0.00000
       155.200       0.00000
       158.800       0.00000
       162.000       0.00000
       166.000       0.00000
       170.300       0.00000
       173.400       0.00000
       176.800       0.00000
       180.200       0.00000
       181.700       0.00000
       186.100       0.00000
       191.000       0.00000
       193.900       0.00000
       198.400       0.00000
       201.800       0.00000
       205.000       0.00000
       210.500       0.00000
       216.200       0.00000
       219.800       0.00000
       223.000       0.00000
       226.800       0.00000
       230.000       13.1998
       234.000       29.0254
       240.000       52.5035
       246.500       101.514
       252.400       182.423
       256.800       261.241
       260.000       460.196
       264.000       761.288
       268.500       1184.19
       273.500       1758.44
       278.500       2456.84
       284.000       5481.22
       290.000       8488.75
       296.000       12269.9
       301.000       17231.3
       308.000       39875.5
       318.000       91697.7
       328.000       147889.
       338.000       275085.
       348.000       458252.
       357.000   1.22556e+06
       366.000   2.51713e+06
       375.000   3.22870e+06
       385.000   4.91395e+06
       395.000   9.18254e+06
       405.000   1.19913e+07
       414.000   1.65192e+07
       422.000   1.95247e+07
       430.000   2.41217e+07
       441.000   3.17860e+07
       451.000   3.75265e+07
       460.000   4.26350e+07
       470.000   5.36922e+07
       480.000   6.58755e+07
       490.000   7.75349e+07
       500.000   9.48125e+07
       506.000   2.82508e+08
       512.000   1.93694e+09
       520.000   1.91319e+09
       530.000   1.74203e+09
       540.000   1.51855e+09
       550.000   2.07482e+09
       560.000   2.68505e+09
       570.000   2.88386e+09
       580.000   2.59232e+09
       590.000   2.88819e+09
       600.000   2.33991e+09
       610.000   3.03267e+09
       620.000   3.61912e+09
       630.000   3.61819e+09
       640.000   3.57903e+09
       650.000   3.74448e+09
       658.000   3.41913e+09
       665.000   3.78549e+09
       675.000   3.98522e+09
       685.000   3.17594e+09
       695.000   4.32321e+09
       705.000   3.16961e+09
       716.000   4.72170e+09
       726.000   4.64598e+09
       735.000   4.64483e+09
       745.000   4.75630e+09
       755.000   4.78665e+09
       765.000   4.70783e+09
       775.000   5.09318e+09
       785.000   5.33949e+09
       795.000   5.35031e+09
       805.000   5.20432e+09
       815.000   5.17171e+09
       825.000   5.49167e+09
       835.000   3.84708e+09
       845.000   5.27932e+09
       855.000   5.28178e+09
       865.000   5.50123e+09
       875.000   5.60058e+09
       885.000   5.82490e+09
       895.000   5.91933e+09
       905.000   5.76210e+09
       915.000   8.19990e+09
       925.000   3.07967e+10
       935.000   4.58381e+10
       945.000   5.25003e+10
       955.000   5.40709e+10
       965.000   5.56504e+10
       975.000   1.77993e+10
       985.000   3.78619e+10
       995.000   3.68939e+10
       1005.00   4.57548e+10
       1015.00   4.82183e+10
       1025.00   4.21472e+10
       1035.00   4.55745e+10
       1045.00   5.40589e+10
       1055.00   5.10555e+10
       1065.00   4.33984e+10
       1075.00   4.52191e+10
       1085.00   4.33205e+10
       1095.00   4.61116e+10
       1105.00   4.43243e+10
       1115.00   4.35934e+10
       1125.00   3.66543e+10
       1135.00   4.20238e+10
       1145.00   4.01723e+10
       1155.00   3.92086e+10
       1165.00   3.76030e+10
       1175.00   2.24542e+10
       1185.00   3.42866e+10
       1195.00   3.35859e+10
       1205.00   3.19645e+10
       1215.00   2.81969e+10
       1225.00   3.18556e+10
       1235.00   3.38587e+10
       1245.00   3.32708e+10
       1255.00   3.24701e+10
       1265.00   3.33077e+10
       1275.00   3.41708e+10
       1285.00   3.40973e+10
       1295.00   3.19172e+10
       1305.00   3.18015e+10
       1315.00   3.35375e+10
       1325.00   3.21791e+10
       1335.00   3.12232e+10
       1345.00   3.13729e+10
       1355.00   3.06736e+10
       1365.00   2.95848e+10
       1375.00   2.86958e+10
       1385.00   2.76328e+10
       1395.00   1.80389e+10
       1405.00   1.74242e+10
       1415.00   2.59072e+10
       1425.00   2.38788e+10
       1435.00   2.53529e+10
       1442.00   2.52269e+10
       1447.00   2.50313e+10
       1455.00   2.39382e+10
       1465.00   2.30578e+10
       1475.00   2.33835e+10
       1485.00   2.32968e+10
       1495.00   2.25918e+10
       1505.00   2.17254e+10
       1512.00   2.05706e+10
       1517.00   2.09918e+10
       1525.00   2.03590e+10
       1535.00   1.73302e+10
       1545.00   1.38911e+10
       1555.00   1.42357e+10
       1565.00   1.70059e+10
       1575.00   1.82167e+10
       1585.00   1.84105e+10
       1595.00   1.82040e+10
       1605.00   1.73242e+10
       1615.00   1.66351e+10
       1625.00   1.69118e+10
       1635.00   1.73157e+10
       1645.00   1.73300e+10
       1655.00   1.72436e+10
       1665.00   1.70412e+10
       1672.00   1.57655e+10
       1677.00   1.83266e+10
       1685.00   1.73715e+10
       1695.00   1.66924e+10
       1705.00   1.65335e+10
       1715.00   1.57328e+10
       1725.00   1.52370e+10
       1735.00   1.57414e+10
       1745.00   1.55392e+10
       1755.00   1.54324e+10
       1765.00   1.52205e+10
       1775.00   1.46035e+10
       1785.00   1.48151e+10
       1795.00   1.45862e+10
       1805.00   1.46343e+10
       1815.00   1.39475e+10
       1825.00   1.39364e+10
       1835.00   1.38398e+10
       1845.00   1.28712e+10
       1855.00   1.31554e+10
       1865.00   1.32313e+10
       1875.00   1.30627e+10
       1885.00   1.21621e+10
       1895.00   1.16543e+10
       1905.00   1.22351e+10
       1915.00   1.17799e+10
       1925.00   1.10946e+10
       1935.00   1.17953e+10
       1945.00   1.19949e+10
       1955.00   1.08169e+10
       1967.00   1.14380e+10
       1976.00   1.18164e+10
       1984.00   1.12217e+10
       1995.00   1.09545e+10
       2005.00   1.11482e+10
       2015.00   1.11491e+10
       2025.00   1.12285e+10
       2035.00   1.05799e+10
       2045.00   1.05208e+10
       2055.00   9.06449e+09
       2065.00   1.00053e+10
       2074.00   1.07261e+10
       2078.00   1.01352e+10
       2085.00   1.01929e+10
       2095.00   9.71047e+09
       2105.00   9.89815e+09
       2115.00   9.97405e+09
       2125.00   9.88874e+09
       2135.00   9.75418e+09
       2145.00   9.46283e+09
       2155.00   9.55693e+09
       2165.00   9.34748e+09
       2175.00   9.28562e+09
       2185.00   9.14006e+09
       2195.00   9.16643e+09
       2205.00   9.03389e+09
       2215.00   8.85499e+09
       2225.00   8.73676e+09
       2235.00   8.58032e+09
       2245.00   8.51078e+09
       2255.00   8.35026e+09
       2265.00   8.30974e+09
       2275.00   8.22665e+09
       2285.00   8.06461e+09
       2295.00   7.50525e+09
       2305.00   7.79126e+09
       2315.00   7.67137e+09
       2325.00   7.14904e+09
       2335.00   7.47142e+09
       2345.00   7.45236e+09
       2355.00   7.32060e+09
       2365.00   7.22178e+09
       2375.00   7.07226e+09
       2385.00   6.89850e+09
       2395.00   6.86203e+09
       2405.00   6.82658e+09
       2415.00   6.72947e+09
       2425.00   6.68305e+09
       2435.00   6.56029e+09
       2445.00   6.49728e+09
       2455.00   6.42758e+09
       2465.00   6.33710e+09
       2475.00   6.23864e+09
       2485.00   6.03375e+09
       2495.00   4.42023e+09
       2505.00   5.73949e+09
       2513.00   5.67413e+09
       2518.00   5.79185e+09
       2525.00   5.85987e+09
       2535.00   5.81707e+09
       2545.00   5.68374e+09
       2555.00   5.63506e+09
       2565.00   5.58766e+09
       2575.00   5.51906e+09
       2585.00   5.45621e+09
       2595.00   5.37893e+09
       2605.00   5.33372e+09
       2615.00   5.23510e+09
       2625.00   5.19114e+09
       2635.00   5.14302e+09
       2645.00   5.06796e+09
       2655.00   5.01431e+09
       2665.00   4.89914e+09
       2675.00   4.82046e+09
       2685.00   4.83207e+09
       2695.00   4.70183e+09
       2705.00   4.65441e+09
       2715.00   4.60700e+09
       2725.00   4.57888e+09
       2735.00   4.49731e+09
       2745.00   4.48335e+09
       2755.00   4.43816e+09
       2765.00   4.36314e+09
       2775.00   4.35734e+09
       2785.00   4.28487e+09
       2795.00   4.15111e+09
       2805.00   4.16600e+09
       2815.00   4.15390e+09
       2825.00   4.09627e+09
       2835.00   4.00288e+09
       2845.00   4.00746e+09
       2855.00   3.94718e+09
       2865.00   3.90026e+09
       2875.00   3.86127e+09
       2885.00   3.81695e+09
       2895.00   3.77458e+09
       2910.00   3.69070e+09
       2930.00   3.63671e+09
       2950.00   3.53233e+09
       2970.00   3.46454e+09
       2990.00   3.37322e+09
       3010.00   3.27112e+09
       3030.00   3.20969e+09
       3050.00   3.16231e+09
       3070.00   3.10789e+09
       3090.00   3.00651e+09
       3110.00   2.97907e+09
       3130.00   2.89859e+09
       3150.00   2.84747e+09
       3170.00   2.78237e+09
       3190.00   2.72320e+09
       3210.00   2.66400e+09
       3230.00   2.61016e+09
       3250.00   2.56844e+09
       3270.00   2.50069e+09
       3290.00   2.45502e+09
       3310.00   2.40492e+09
       3330.00   2.35057e+09
       3350.00   2.29852e+09
       3370.00   2.25649e+09
       3390.00   2.22434e+09
       3410.00   2.17875e+09
       3430.00   2.12457e+09
       3450.00   2.08133e+09
       3470.00   2.05043e+09
       3490.00   2.00992e+09
       3510.00   1.97320e+09
       3530.00   1.94129e+09
       3550.00   1.90202e+09
       3570.00   1.86821e+09
       3590.00   1.82293e+09
       3610.00   1.78847e+09
       3630.00   1.75713e+09
       3640.00   1.74188e+09
       3650.00   1.72873e+09
       3670.00   1.69758e+09
       3690.00   1.62248e+09
       3710.00   1.58177e+09
       3730.00   1.54879e+09
       3750.00   1.60229e+09
       3770.00   1.57325e+09
       3790.00   1.59055e+09
       3810.00   1.61897e+09
       3830.00   1.49517e+09
       3850.00   1.59321e+09
       3870.00   1.54532e+09
       3890.00   1.41751e+09
       3910.00   1.52596e+09
       3930.00   1.47876e+09
       3950.00   1.45491e+09
       3970.00   1.30744e+09
       3990.00   1.41590e+09
       4010.00   1.38979e+09
       4030.00   1.34966e+09
       4050.00   1.34458e+09
       4070.00   1.29572e+09
       4090.00   1.24948e+09
       4110.00   1.16872e+09
       4130.00   1.23632e+09
       4150.00   1.22135e+09
       4170.00   1.21142e+09
       4190.00   1.19158e+09
       4210.00   1.17355e+09
       4230.00   1.15534e+09
       4250.00   1.12768e+09
       4270.00   1.09978e+09
       4290.00   1.08589e+09
       4310.00   1.05900e+09
       4330.00   1.02061e+09
       4350.00   9.57768e+08
       4370.00   1.01235e+09
       4390.00   9.97552e+08
       4410.00   9.84302e+08
       4430.00   9.75147e+08
       4450.00   9.56984e+08
       4470.00   9.29905e+08
       4490.00   9.29395e+08
       4510.00   9.11854e+08
       4530.00   9.01158e+08
       4550.00   8.83790e+08
       4570.00   8.74015e+08
       4590.00   8.57278e+08
       4610.00   8.42481e+08
       4630.00   8.27574e+08
       4650.00   7.93133e+08
       4670.00   8.01970e+08
       4690.00   7.87866e+08
       4710.00   7.72155e+08
       4730.00   7.73873e+08
       4750.00   7.60774e+08
       4770.00   7.54077e+08
       4790.00   7.42194e+08
       4810.00   7.29863e+08
       4830.00   7.17291e+08
       4850.00   6.96172e+08
       4870.00   6.43289e+08
       4890.00   6.86531e+08
       4910.00   6.76230e+08
       4930.00   6.58944e+08
       4950.00   6.54445e+08
       4970.00   6.49341e+08
       4990.00   6.39486e+08
       5010.00   6.19216e+08
       5030.00   6.19662e+08
       5050.00   6.09047e+08
       5070.00   6.03621e+08
       5090.00   5.94510e+08
       5110.00   5.85725e+08
       5130.00   5.76199e+08
       5150.00   5.68295e+08
       5170.00   5.60693e+08
       5190.00   5.53415e+08
       5210.00   5.46038e+08
       5230.00   5.38344e+08
       5250.00   5.29958e+08
       5270.00   5.22227e+08
       5290.00   5.16279e+08
       5310.00   5.08977e+08
       5330.00   5.02260e+08
       5350.00   4.95314e+08
       5370.00   4.88626e+08
       5390.00   4.81597e+08
       5410.00   4.73409e+08
       5430.00   4.69174e+08
       5450.00   4.62731e+08
       5470.00   4.56432e+08
       5490.00   4.50313e+08
       5510.00   4.44431e+08
       5530.00   4.38290e+08
       5550.00   4.32960e+08
       5570.00   4.26991e+08
       5590.00   4.20891e+08
       5610.00   4.16124e+08
       5630.00   4.10712e+08
       5650.00   4.05048e+08
       5670.00   3.98692e+08
       5690.00   3.90448e+08
       5710.00   3.88804e+08
       5730.00   3.84465e+08
       5750.00   3.78434e+08
       5770.00   3.74955e+08
       5790.00   3.69964e+08
       5810.00   3.64788e+08
       5830.00   3.59762e+08
       5850.00   3.56007e+08
       5870.00   3.45036e+08
       5890.00   3.45878e+08
       5910.00   3.42366e+08
       5930.00   3.37735e+08
       5950.00   3.33542e+08
       5970.00   3.30360e+08
       5990.00   3.25627e+08
       6010.00   3.21993e+08
       6030.00   3.17633e+08
       6050.00   3.14024e+08
       6070.00   3.10373e+08
       6090.00   3.06804e+08
       6110.00   3.02911e+08
       6130.00   2.99384e+08
       6150.00   2.95189e+08
       6170.00   2.91685e+08
       6190.00   2.88643e+08
       6210.00   2.85351e+08
       6230.00   2.81794e+08
       6250.00   2.78354e+08
       6270.00   2.75220e+08
       6290.00   2.72092e+08
       6310.00   2.68506e+08
       6330.00   2.65740e+08
       6350.00   2.62406e+08
       6370.00   2.59581e+08
       6390.00   2.56483e+08
       6410.00   2.53372e+08
       6430.00   2.50659e+08
       6450.00   2.47640e+08
       6470.00   2.44303e+08
       6490.00   2.41404e+08
       6510.00   2.38998e+08
       6530.00   2.36114e+08
       6550.00   2.31425e+08
       6561.25   2.11970e+08
       6590.00   2.27237e+08
       6610.00   2.25657e+08
       6630.00   2.23406e+08
       6650.00   2.20710e+08
       6670.00   2.16788e+08
       6690.00   2.14442e+08
       6710.00   2.13383e+08
       6730.00   2.10570e+08
       6750.00   2.08695e+08
       6770.00   2.06642e+08
       6790.00   2.03719e+08
       6810.00   2.02036e+08
       6830.00   1.99813e+08
       6850.00   1.97693e+08
       6870.00   1.95482e+08
       6890.00   1.92952e+08
       6910.00   1.90858e+08
       6930.00   1.89303e+08
       6950.00   1.87264e+08
       6970.00   1.85268e+08
       6990.00   1.83245e+08
       7010.00   1.81304e+08
       7030.00   1.79138e+08
       7050.00   1.77342e+08
       7070.00   1.73341e+08
       7090.00   1.73713e+08
       7110.00   1.71321e+08
       7130.00   1.69613e+08
       7150.00   1.68297e+08
       7170.00   1.66348e+08
       7190.00   1.64783e+08
       7210.00   1.63080e+08
       7230.00   1.59995e+08
       7250.00   1.59429e+08
       7270.00   1.58047e+08
       7290.00   1.55352e+08
       7310.00   1.54764e+08
       7330.00   1.53170e+08
       7350.00   1.51634e+08
       7370.00   1.50097e+08
       7390.00   1.48576e+08
       7410.00   1.47061e+08
       7430.00   1.45574e+08
       7450.00   1.44081e+08
       7470.00   1.42352e+08
       7490.00   1.41008e+08
       7510.00   1.39751e+08
       7530.00   1.38318e+08
       7550.00   1.37025e+08
       7570.00   1.35638e+08
       7590.00   1.34080e+08
       7610.00   1.32771e+08
       7630.00   1.31604e+08
       7650.00   1.30318e+08
       7670.00   1.29082e+08
       7690.00   1.27685e+08
       7710.00   1.26466e+08
       7730.00   1.25163e+08
       7750.00   1.24079e+08
       7770.00   1.22867e+08
       7790.00   1.21715e+08
       7810.00   1.20469e+08
       7830.00   1.19369e+08
       7850.00   1.18254e+08
       7870.00   1.16942e+08
       7890.00   1.15696e+08
       7910.00   1.14745e+08
       7930.00   1.13585e+08
       7950.00   1.12627e+08
       7970.00   1.11487e+08
       7990.00   1.10529e+08
       8010.00   1.09355e+08
       8030.00   1.08367e+08
       8050.00   1.07422e+08
       8070.00   1.06468e+08
       8090.00   1.05326e+08
       8110.00   1.03971e+08
       8130.00   1.03540e+08
       8150.00   1.02414e+08
       8170.00   1.01614e+08
       8190.00   1.00377e+08
       8210.00   9.88382e+07
       8230.00   9.78300e+07
       8250.00   9.73286e+07
       8270.00   9.59165e+07
       8290.00   9.55255e+07
       8310.00   9.47280e+07
       8330.00   9.37796e+07
       8350.00   9.26609e+07
       8370.00   9.18583e+07
       8390.00   9.12389e+07
       8410.00   9.02036e+07
       8430.00   8.93149e+07
       8450.00   8.83544e+07
       8470.00   8.71447e+07
       8490.00   8.74507e+07
       8510.00   8.51622e+07
       8530.00   8.63735e+07
       8550.00   8.28366e+07
       8570.00   8.57846e+07
       8590.00   8.21435e+07
       8610.00   8.14066e+07
       8630.00   8.40041e+07
       8650.00   8.19998e+07
       8670.00   7.69860e+07
       8690.00   8.16408e+07
       8710.00   8.13606e+07
       8730.00   7.96734e+07
       8750.00   7.37198e+07
       8770.00   7.77335e+07
       8790.00   7.86431e+07
       8810.00   7.80340e+07
       8830.00   7.71687e+07
       8850.00   7.43817e+07
       8870.00   6.98521e+07
       8890.00   7.50199e+07
       8910.00   7.47357e+07
       8930.00   7.40518e+07
       8950.00   7.35095e+07
       8970.00   7.29293e+07
       8990.00   7.12953e+07
       9010.00   6.60182e+07
       9030.00   6.86045e+07
       9050.00   7.03301e+07
       9070.00   6.94295e+07
       9090.00   6.91380e+07
       9110.00   6.87303e+07
       9130.00   6.81900e+07
       9150.00   6.76358e+07
       9170.00   6.69289e+07
       9190.00   6.64059e+07
       9210.00   6.46389e+07
       9230.00   5.90791e+07
       9250.00   6.38081e+07
       9270.00   6.41819e+07
       9290.00   6.37574e+07
       9310.00   6.30491e+07
       9330.00   6.25887e+07
       9350.00   6.20540e+07
       9370.00   6.16607e+07
       9390.00   6.12103e+07
       9410.00   6.06696e+07
       9430.00   6.01922e+07
       9450.00   5.96972e+07
       9470.00   5.90043e+07
       9490.00   5.87182e+07
       9510.00   5.77842e+07
       9530.00   5.64260e+07
       9550.00   5.18238e+07
       9570.00   5.63091e+07
       9590.00   5.64022e+07
       9610.00   5.58454e+07
       9630.00   5.52927e+07
       9650.00   5.51245e+07
       9670.00   5.46952e+07
       9690.00   5.42209e+07
       9710.00   5.32147e+07
       9730.00   5.33224e+07
       9750.00   5.29771e+07
       9770.00   5.25473e+07
       9790.00   5.21480e+07
       9810.00   5.17086e+07
       9830.00   5.13385e+07
       9850.00   5.09206e+07
       9870.00   5.05095e+07
       9890.00   5.00666e+07
       9910.00   4.95502e+07
       9930.00   4.93737e+07
       9950.00   4.89927e+07
       9970.00   4.85879e+07
       9990.00   4.82426e+07
       10025.0   4.65306e+07
       10075.0   4.51309e+07
       10125.0   4.55535e+07
       10175.0   4.49578e+07
       10225.0   4.40903e+07
       10275.0   4.32840e+07
       10325.0   4.23570e+07
       10375.0   4.17047e+07
       10425.0   4.09278e+07
       10475.0   4.01878e+07
       10525.0   3.94464e+07
       10575.0   3.87374e+07
       10625.0   3.80366e+07
       10675.0   3.73075e+07
       10725.0   3.66854e+07
       10775.0   3.60309e+07
       10825.0   3.50623e+07
       10875.0   3.47502e+07
       10925.0   3.24254e+07
       10975.0   3.32691e+07
       11025.0   3.28471e+07
       11075.0   3.23976e+07
       11125.0   3.18331e+07
       11175.0   3.12925e+07
       11225.0   3.07422e+07
       11275.0   3.02272e+07
       11325.0   2.96906e+07
       11375.0   2.92002e+07
       11425.0   2.87079e+07
       11475.0   2.82340e+07
       11525.0   2.77680e+07
       11575.0   2.72933e+07
       11625.0   2.68218e+07
       11675.0   2.63709e+07
       11725.0   2.59763e+07
       11775.0   2.55483e+07
       11825.0   2.51279e+07
       11875.0   2.47236e+07
       11925.0   2.43238e+07
       11975.0   2.37823e+07
       12025.0   2.35484e+07
       12075.0   2.31719e+07
       12125.0   2.27987e+07
       12175.0   2.24413e+07
       12225.0   2.20865e+07
       12275.0   2.17401e+07
       12325.0   2.13970e+07
       12375.0   2.10615e+07
       12425.0   2.07379e+07
       12475.0   2.03965e+07
       12525.0   2.00572e+07
       12575.0   1.97839e+07
       12625.0   1.94836e+07
       12675.0   1.91914e+07
       12725.0   1.88996e+07
       12775.0   1.84163e+07
       12825.0   1.74285e+07
       12875.0   1.80266e+07
       12925.0   1.77861e+07
       12975.0   1.74421e+07
       13025.0   1.72487e+07
       13075.0   1.70049e+07
       13125.0   1.67542e+07
       13175.0   1.65077e+07
       13225.0   1.62659e+07
       13275.0   1.60284e+07
       13325.0   1.57908e+07
       13375.0   1.55592e+07
       13425.0   1.53254e+07
       13475.0   1.51179e+07
       13525.0   1.48951e+07
       13575.0   1.46893e+07
       13625.0   1.44699e+07
       13675.0   1.42746e+07
       13725.0   1.40614e+07
       13775.0   1.38761e+07
       13825.0   1.36815e+07
       13875.0   1.34888e+07
       13925.0   1.32915e+07
       13975.0   1.31142e+07
       14025.0   1.29268e+07
       14075.0   1.27571e+07
       14125.0   1.25790e+07
       14175.0   1.24081e+07
       14225.0   1.22397e+07
       14275.0   1.20714e+07
       14325.0   1.19084e+07
       14375.0   1.17465e+07
       14425.0   1.15903e+07
       14475.0   1.14347e+07
       14525.0   1.12800e+07
       14570.0   1.11455e+07
       14620.0   1.09987e+07
       14675.0   1.08394e+07
       14725.0   1.06965e+07
       14775.0   1.05514e+07
       14825.0   1.04177e+07
       14875.0   1.02811e+07
       14925.0   1.01460e+07
       14975.0   1.00092e+07
       15025.0   9.87490e+06
       15075.0   9.72628e+06
       15125.0   9.60807e+06
       15175.0   9.48040e+06
       15225.0   9.36542e+06
       15275.0   9.22606e+06
       15325.0   9.10708e+06
       15375.0   9.01751e+06
       15425.0   8.85480e+06
       15475.0   8.79578e+06
       15525.0   8.68826e+06
       15575.0   8.49062e+06
       15625.0   8.51831e+06
       15675.0   8.33602e+06
       15725.0   8.16914e+06
       15775.0   8.21947e+06
       15825.0   8.10894e+06
       15875.0   7.79201e+06
       15925.0   7.87432e+06
       15975.0   7.83308e+06
       16050.0   7.65767e+06
       16150.0   7.36901e+06
       16250.0   7.32539e+06
       16350.0   7.11429e+06
       16450.0   6.84304e+06
       16550.0   6.81836e+06
       16650.0   6.65897e+06
       16750.0   6.46610e+06
       16850.0   6.21563e+06
       16950.0   6.20780e+06
       17050.0   6.04163e+06
       17150.0   5.92834e+06
       17250.0   5.79448e+06
       17350.0   5.50599e+06
       17450.0   5.53016e+06
       17550.0   5.41484e+06
       17650.0   5.29525e+06
       17750.0   5.17848e+06
       17850.0   5.06233e+06
       17950.0   4.95545e+06
       18050.0   4.84797e+06
       18150.0   4.61400e+06
       18250.0   4.62715e+06
       18350.0   4.54362e+06
       18450.0   4.44702e+06
       18550.0   4.34896e+06
       18650.0   4.23659e+06
       18750.0   4.05446e+06
       18850.0   4.08694e+06
       18950.0   4.00133e+06
       19050.0   3.90960e+06
       19150.0   3.84073e+06
       19250.0   3.76281e+06
       19350.0   3.68498e+06
       19450.0   3.49760e+06
       19550.0   3.53436e+06
       19650.0   3.46970e+06
       19750.0   3.40094e+06
       19850.0   3.33387e+06
       19950.0   3.26835e+06
       20050.0   3.20453e+06
       20150.0   3.14228e+06
       20250.0   3.08155e+06
       20350.0   3.02223e+06
       20450.0   2.96329e+06
       20550.0   2.90214e+06
       20650.0   2.85254e+06
       20750.0   2.79834e+06
       20850.0   2.74600e+06
       20950.0   2.69435e+06
       21050.0   2.64398e+06
       21150.0   2.58611e+06
       21250.0   2.54748e+06
       21350.0   2.50061e+06
       21450.0   2.45418e+06
       21550.0   2.40907e+06
       21650.0   2.28744e+06
       21750.0   2.32077e+06
       21850.0   2.28079e+06
       21950.0   2.24121e+06
       22050.0   2.20125e+06
       22150.0   2.16222e+06
       22250.0   2.12358e+06
       22350.0   2.08674e+06
       22450.0   2.05018e+06
       22550.0   2.01448e+06
       22650.0   1.97955e+06
       22750.0   1.94530e+06
       22850.0   1.91308e+06
       22950.0   1.88515e+06
       23050.0   1.85252e+06
       23150.0   1.82143e+06
       23250.0   1.79060e+06
       23350.0   1.75975e+06
       23450.0   1.72696e+06
       23550.0   1.69752e+06
       23650.0   1.66824e+06
       23750.0   1.64013e+06
       23850.0   1.61257e+06
       23950.0   1.58533e+06
       24050.0   1.55902e+06
       24150.0   1.53296e+06
       24250.0   1.50900e+06
       24350.0   1.48393e+06
       24450.0   1.45902e+06
       24550.0   1.43797e+06
       24650.0   1.41281e+06
       24750.0   1.38881e+06
       24850.0   1.37375e+06
       24950.0   1.34128e+06
       25050.0   1.33251e+06
       25150.0   1.31068e+06
       25250.0   1.27644e+06
       25350.0   1.26880e+06
       25450.0   1.25140e+06
       25550.0   1.22991e+06
       25650.0   1.19560e+06
       25750.0   1.19332e+06
       25850.0   1.17633e+06
       25950.0   1.15844e+06
       26050.0   1.13657e+06
       26150.0   1.10156e+06
       26250.0   1.06831e+06
       26350.0   1.08838e+06
       26450.0   1.07397e+06
       26550.0   1.05708e+06
       26650.0   1.04035e+06
       26750.0   1.00453e+06
       26850.0   1.00960e+06
       26950.0       997038.
       27050.0       982472.
       27150.0       968195.
       27250.0       954151.
       27350.0       940388.
       27450.0       926499.
       27550.0       893181.
       27650.0       894665.
       27750.0       887691.
       27850.0       875110.
       27950.0       862735.
       28050.0       850466.
       28150.0       838634.
       28250.0       826901.
       28350.0       815406.
       28450.0       804052.
       28550.0       792652.
       28650.0       778867.
       28750.0       749758.
       28850.0       760139.
       28950.0       750267.
       29050.0       740066.
       29150.0       730032.
       29250.0       720161.
       29350.0       710451.
       29450.0       700900.
       29550.0       691548.
       29650.0       682306.
       29750.0       673214.
       29850.0       664314.
       29950.0       655476.
       30050.0       646907.
       30150.0       638229.
       30250.0       630023.
       30350.0       606901.
       30450.0       606822.
       30550.0       605762.
       30650.0       597886.
       30750.0       589980.
       30850.0       582519.
       30950.0       575261.
       31050.0       567888.
       31150.0       560637.
       31250.0       553506.
       31350.0       546607.
       31450.0       539708.
       31550.0       532962.
       31650.0       526290.
       31750.0       519729.
       31850.0       513239.
       31950.0       506895.
       32100.0       497525.
       32300.0       485389.
       32500.0       473584.
       32700.0       462171.
       32900.0       442404.
       33100.0       439962.
       33300.0       430480.
       33500.0       420387.
       33700.0       410536.
       33900.0       400986.
       34100.0       391695.
       34300.0       382658.
       34500.0       373898.
       34700.0       365188.
       34900.0       356747.
       35100.0       348595.
       35300.0       340847.
       35500.0       333071.
       35700.0       325537.
       35900.0       318909.
       36100.0       311222.
       36300.0       305115.
       36500.0       297765.
       36700.0       292263.
       36900.0       284732.
       37100.0       279426.
       37300.0       271536.
       37500.0       263453.
       37700.0       262494.
       37900.0       257058.
       38100.0       250663.
       38300.0       245718.
       38500.0       241446.
       38700.0       236504.
       38900.0       231524.
       39100.0       225054.
       39300.0       222418.
       39500.0       217962.
       39700.0       213613.
       39900.0       209370.
       40100.0       204258.
       40300.0       199385.
       40500.0       193612.
       40700.0       193415.
       40900.0       189670.
       41100.0       186013.
       41300.0       182299.
       41500.0       178919.
       41700.0       173183.
       41900.0       172150.
       42100.0       168986.
       42300.0       165819.
       42500.0       162647.
       42700.0       159702.
       42900.0       156499.
       43100.0       153863.
       43300.0       151043.
       43500.0       148287.
       43700.0       143514.
       43900.0       142563.
       44100.0       140390.
       44300.0       137875.
       44500.0       135418.
       44700.0       133122.
       44900.0       130769.
       45100.0       128466.
       45300.0       126214.
       45500.0       124011.
       45700.0       121857.
       45900.0       119747.
       46100.0       117649.
       46300.0       115663.
       46500.0       111130.
       46700.0       109537.
       46900.0       109643.
       47100.0       108009.
       47300.0       106195.
       47500.0       104416.
       47700.0       102678.
       47900.0       100975.
       48100.0       99306.5
       48300.0       97671.9
       48500.0       96070.5
       48700.0       94503.1
       48900.0       92965.9
       49100.0       91460.0
       49300.0       89984.8
       49500.0       88539.5
       49700.0       87122.2
       49900.0       85733.8
       50100.0       84372.3
       50300.0       83038.6
       50500.0       81730.7
       50700.0       80448.1
       50900.0       79190.4
       51100.0       77889.4
       51300.0       75100.1
       51500.0       75532.2
       51700.0       74400.6
       51900.0       73259.1
       52100.0       72139.8
       52300.0       71042.3
       52500.0       69966.3
       52700.0       68908.6
       52900.0       67871.6
       53100.0       66854.9
       53300.0       65855.4
       53500.0       64875.7
       53700.0       63913.9
       53900.0       62969.7
       54100.0       62042.9
       54300.0       61133.1
       54500.0       60240.1
       54700.0       59363.5
       54900.0       58503.0
       55100.0       57657.2
       55300.0       56827.0
       55500.0       56010.9
       55700.0       55209.9
       55900.0       54423.7
       56100.0       53650.9
       56300.0       52891.2
       56500.0       52145.7
       56700.0       51412.9
       56900.0       50693.7
       57100.0       49985.6
       57300.0       49290.8
       57500.0       48607.8
       57700.0       47936.4
       57900.0       47275.5
       58100.0       46628.0
       58300.0       45990.5
       58500.0       45387.1
       58700.0       44770.0
       58900.0       44107.0
       59100.0       42514.7
       59300.0       42964.4
       59500.0       42406.9
       59700.0       41841.0
       59900.0       41283.8
       60100.0       40736.2
       60300.0       40198.1
       60500.0       39668.2
       60700.0       39146.5
       60900.0       38633.9
       61100.0       38130.1
       61300.0       37634.0
       61500.0       37145.6
       61700.0       36665.7
       61900.0       36193.2
       62100.0       35727.9
       62300.0       35270.8
       62500.0       34820.7
       62700.0       34377.6
       62900.0       33941.3
       63100.0       33511.7
       63300.0       33089.6
       63500.0       32674.1
       63700.0       32265.0
       63900.0       31861.3
       64200.0       31269.0
       64600.0       30500.2
       65000.0       29754.1
       65400.0       29031.0
       65800.0       28330.2
       66200.0       27649.3
       66600.0       26989.5
       67000.0       26349.3
       67400.0       25727.3
       67800.0       25123.9
       68200.0       24538.5
       68600.0       23968.9
       69000.0       23416.5
       69400.0       22879.8
       69800.0       22358.5
       70200.0       21851.4
       70600.0       21358.9
       71000.0       20880.5
       71400.0       20414.4
       71800.0       19962.5
       72200.0       19522.2
       72600.0       19094.0
       73000.0       18677.5
       73400.0       18272.4
       73800.0       17877.7
       74200.0       17469.9
       74600.0       16950.7
       75000.0       16509.2
       75400.0       16403.4
       75800.0       16058.9
       76200.0       15723.4
       76600.0       15396.5
       77000.0       15077.5
       77400.0       14767.3
       77800.0       14465.3
       78200.0       14170.4
       78600.0       13883.3
       79000.0       13603.0
       79400.0       13330.0
       79800.0       13063.6
       80200.0       12804.2
       80600.0       12551.0
       81000.0       12303.9
       81400.0       12062.7
       81800.0       11827.9
       82200.0       11598.2
       82600.0       11374.1
       83000.0       11155.9
       83400.0       10942.4
       83800.0       10734.2
       84200.0       10530.9
       84600.0       10332.1
       85000.0       10138.6
       85400.0       9948.81
       85800.0       9764.15
       86200.0       9583.50
       86600.0       9406.76
       87000.0       9234.35
       87400.0       9065.68
       87800.0       8900.68
       88200.0       8739.74
       88600.0       8582.30
       89000.0       8428.28
       89400.0       8278.08
       89800.0       8130.68
       90200.0       7986.96
       90600.0       7845.91
       91000.0       7708.39
       91400.0       7573.88
       91800.0       7441.86
       92200.0       7313.17
       92600.0       7186.86
       93000.0       7063.75
       93400.0       6942.92
       93800.0       6824.74
       94200.0       6708.74
       94600.0       6595.72
       95000.0       6484.77
       95400.0       6376.28
       95800.0       6269.78
       96200.0       6165.65
       96600.0       6063.82
       97000.0       5963.86
       97400.0       5866.14
       97800.0       5770.20
       98200.0       5676.01
       98600.0       5584.33
       99000.0       5493.94
       99400.0       5405.58
       99800.0       5319.22
       100200.       5234.43
       200000.       323.762
       400000.       19.7548
       600000.       3.84296
       800000.       1.20230
   1.00000e+06      0.488054
   1.20000e+06      0.233646
   1.40000e+06      0.125344
   1.60000e+06     0.0730901
