       90.9000       0.00000
       93.5000       0.00000
       96.1000       0.00000
       97.7000       0.00000
       99.6000       0.00000
       102.000       0.00000
       103.800       0.00000
       105.600       0.00000
       107.700       0.00000
       110.400       0.00000
       114.000       0.00000
       117.800       0.00000
       121.300       0.00000
       124.800       0.00000
       127.100       0.00000
       128.400       0.00000
       130.500       0.00000
       132.400       0.00000
       133.900       0.00000
       136.600       0.00000
       139.800       0.00000
       143.300       0.00000
       147.200       0.00000
       151.000       0.00000
       155.200       0.00000
       158.800       0.00000
       162.000       0.00000
       166.000       0.00000
       170.300       0.00000
       173.400       0.00000
       176.800       0.00000
       180.200       0.00000
       181.700       0.00000
       186.100       0.00000
       191.000       0.00000
       193.900       0.00000
       198.400       0.00000
       201.800       0.00000
       205.000       0.00000
       210.500       0.00000
       216.200       0.00000
       219.800       0.00000
       223.000       0.00000
       226.800       0.00000
       230.000       0.00000
       234.000       0.00000
       240.000       0.00000
       246.500       0.00000
       252.400       0.00000
       256.800       0.00000
       260.000       0.00000
       264.000       0.00000
       268.500       0.00000
       273.500       0.00000
       278.500       0.00000
       284.000       0.00000
       290.000       0.00000
       296.000       0.00000
       301.000       0.00000
       308.000       0.00000
       318.000       0.00000
       328.000       0.00000
       338.000       0.00000
       348.000       0.00000
       357.000       0.00000
       366.000       0.00000
       375.000       0.00000
       385.000       0.00000
       395.000       0.00000
       405.000       0.00000
       414.000       0.00000
       422.000       0.00000
       430.000       0.00000
       441.000       0.00000
       451.000       0.00000
       460.000       0.00000
       470.000       0.00000
       480.000       0.00000
       490.000       0.00000
       500.000       0.00000
       506.000       0.00000
       512.000       0.00000
       520.000       0.00000
       530.000       0.00000
       540.000       0.00000
       550.000       0.00000
       560.000       0.00000
       570.000       0.00000
       580.000       0.00000
       590.000       0.00000
       600.000       0.00000
       610.000       0.00000
       620.000       0.00000
       630.000       0.00000
       640.000       0.00000
       650.000       0.00000
       658.000       0.00000
       665.000       0.00000
       675.000       0.00000
       685.000       0.00000
       695.000       0.00000
       705.000       0.00000
       716.000       0.00000
       726.000       0.00000
       735.000       0.00000
       745.000       0.00000
       755.000       0.00000
       765.000       0.00000
       775.000       0.00000
       785.000       0.00000
       795.000       0.00000
       805.000       0.00000
       815.000       0.00000
       825.000       0.00000
       835.000       0.00000
       845.000       0.00000
       855.000       0.00000
       865.000       0.00000
       875.000       0.00000
       885.000       0.00000
       895.000       0.00000
       905.000       0.00000
       915.000       0.00000
       925.000   2.67239e-16
       935.000   4.18981e-16
       945.000   8.24439e-16
       955.000   1.49618e-15
       965.000   2.87443e-15
       975.000   4.70168e-15
       985.000   8.47059e-15
       995.000   1.51647e-14
       1005.00   2.60878e-14
       1015.00   4.65142e-14
       1025.00   5.76844e-14
       1035.00   1.39927e-13
       1045.00   2.38515e-13
       1055.00   3.59595e-13
       1065.00   6.30682e-13
       1075.00   1.01333e-12
       1085.00   1.58907e-12
       1095.00   2.38014e-12
       1105.00   3.33466e-12
       1115.00   5.54872e-12
       1125.00   9.91220e-12
       1135.00   1.59720e-11
       1145.00   2.41074e-11
       1155.00   3.72403e-11
       1165.00   5.29195e-11
       1175.00   8.13533e-11
       1185.00   1.14190e-10
       1195.00   1.56404e-10
       1205.00   2.06666e-10
       1215.00   1.06132e-10
       1225.00   4.28641e-10
       1235.00   6.73593e-10
       1245.00   9.91441e-10
       1255.00   1.40871e-09
       1265.00   1.95748e-09
       1275.00   2.69844e-09
       1285.00   3.40722e-09
       1295.00   4.74512e-09
       1305.00   6.38950e-09
       1315.00   9.24493e-09
       1325.00   1.18635e-08
       1335.00   1.58617e-08
       1345.00   1.93863e-08
       1355.00   2.88494e-08
       1365.00   3.43768e-08
       1375.00   4.51847e-08
       1385.00   5.29737e-08
       1395.00   6.92683e-08
       1405.00   1.03594e-07
       1415.00   1.20376e-07
       1425.00   1.55879e-07
       1435.00   2.03895e-07
       1442.00   2.76601e-07
       1447.00   2.73811e-07
       1455.00   3.79235e-07
       1465.00   4.92296e-07
       1475.00   6.26769e-07
       1485.00   7.04850e-07
       1495.00   1.02891e-06
       1505.00   1.45130e-06
       1512.00   1.14021e-06
       1517.00   1.68910e-06
       1525.00   2.43635e-06
       1535.00   3.16753e-06
       1545.00   2.59400e-06
       1555.00   4.24729e-06
       1565.00   4.55850e-06
       1575.00   8.79338e-06
       1585.00   1.06264e-05
       1595.00   1.03130e-05
       1605.00   1.24332e-05
       1615.00   1.62465e-05
       1625.00   1.76736e-05
       1635.00   2.41338e-05
       1645.00   3.15986e-05
       1655.00   3.15301e-05
       1665.00   4.44375e-05
       1672.00   4.35959e-05
       1677.00   5.62913e-05
       1685.00   6.86301e-05
       1695.00   9.18962e-05
       1705.00   9.87668e-05
       1715.00   0.000123014
       1725.00   0.000157687
       1735.00   0.000189690
       1745.00   0.000243926
       1755.00   0.000264015
       1765.00   0.000382895
       1775.00   0.000346595
       1785.00   0.000640361
       1795.00   0.000567196
       1805.00    0.00114585
       1815.00   0.000799245
       1825.00    0.00122544
       1835.00    0.00114735
       1845.00    0.00170800
       1855.00    0.00135791
       1865.00    0.00255560
       1875.00    0.00228666
       1885.00    0.00305394
       1895.00    0.00384764
       1905.00    0.00425602
       1915.00    0.00658781
       1925.00    0.00525260
       1935.00    0.00480484
       1945.00    0.00812699
       1955.00     0.0126650
       1967.00     0.0129764
       1976.00     0.0171385
       1984.00     0.0239748
       1995.00     0.0191715
       2005.00     0.0224762
       2015.00     0.0254622
       2025.00     0.0236257
       2035.00     0.0288596
       2045.00     0.0305544
       2055.00     0.0394195
       2065.00     0.0354394
       2074.00     0.0337251
       2078.00     0.0752739
       2085.00      0.108360
       2095.00      0.130709
       2105.00     0.0900883
       2115.00     0.0741329
       2125.00     0.0972189
       2135.00      0.170033
       2145.00     0.0943008
       2155.00      0.141987
       2165.00      0.123703
       2175.00      0.158899
       2185.00      0.127131
       2195.00      0.356508
       2205.00      0.212470
       2215.00      0.364320
       2225.00      0.276675
       2235.00       1.36152
       2245.00      0.989510
       2255.00       2.07923
       2265.00      0.278203
       2275.00       1.53658
       2285.00      0.919670
       2295.00       3.35587
       2305.00      0.297192
       2315.00       5.06677
       2325.00       1.74314
       2335.00       6.62803
       2345.00       3.01486
       2355.00       1.08345
       2365.00       2.49388
       2375.00       1.98075
       2385.00       7.84427
       2395.00       5.02266
       2405.00       17.4074
       2415.00       5.91771
       2425.00       17.7249
       2435.00       26.4635
       2445.00       54.7876
       2455.00       69.7889
       2465.00       18.3032
       2475.00       31.1071
       2485.00       2.56881
       2495.00       7.16239
       2505.00       26.7096
       2513.00       10.0936
       2518.00       6.89251
       2525.00       9.93466
       2535.00       146.489
       2545.00       132.882
       2555.00       406.040
       2565.00       98.0588
       2575.00       318.640
       2585.00       119.318
       2595.00       190.093
       2605.00       281.875
       2615.00       203.884
       2625.00       501.094
       2635.00       1530.04
       2645.00       1606.05
       2655.00       4946.70
       2665.00       2042.88
       2675.00       1908.50
       2685.00       3473.03
       2695.00       1141.39
       2705.00       3513.92
       2715.00       1651.72
       2725.00       671.919
       2735.00       1132.12
       2745.00       1120.79
       2755.00       1523.54
       2765.00       2833.80
       2775.00       3744.25
       2785.00       1497.07
       2795.00       564.178
       2805.00       695.139
       2815.00       2564.20
       2825.00       3328.28
       2835.00       2023.52
       2845.00       530.279
       2855.00       88.0468
       2865.00       1356.39
       2875.00       3517.75
       2885.00       7724.06
       2895.00       15426.5
       2910.00       31463.8
       2930.00       22701.1
       2950.00       15170.5
       2970.00       16463.8
       2990.00       13559.6
       3010.00       11321.7
       3030.00       18158.4
       3050.00       20080.0
       3070.00       36996.7
       3090.00       49687.0
       3110.00       83330.1
       3130.00       67486.9
       3150.00       89800.2
       3170.00       108964.
       3190.00       83778.8
       3210.00       96174.3
       3230.00       64907.4
       3250.00       127865.
       3270.00       170740.
       3290.00       179286.
       3310.00       157485.
       3330.00       162785.
       3350.00       144499.
       3370.00       97794.2
       3390.00       109311.
       3410.00       129998.
       3430.00       160111.
       3450.00       154880.
       3470.00       169297.
       3490.00       206152.
       3510.00       220239.
       3530.00       164428.
       3550.00       203630.
       3570.00       83032.1
       3590.00       116432.
       3610.00       196929.
       3630.00       263256.
       3640.00       291356.
       3650.00       317276.
       3670.00       381404.
       3690.00       342751.
       3710.00       356911.
       3730.00       136074.
       3750.00       163198.
       3770.00       256951.
       3790.00       264003.
       3810.00       214651.
       3830.00       82889.5
       3850.00       108471.
       3870.00       128009.
       3890.00       276745.
       3910.00       310958.
       3930.00       84181.3
       3950.00       206046.
       3970.00       120301.
       3990.00       483925.
       4010.00       659836.
       4030.00       708859.
       4050.00       634028.
       4070.00       563382.
       4090.00       816875.
       4110.00       824578.
       4130.00       666930.
       4150.00       598941.
       4170.00       616499.
       4190.00       649918.
       4210.00       746187.
       4230.00       809218.
       4250.00       861396.
       4270.00       800120.
       4290.00       733458.
       4310.00       588476.
       4330.00       994044.
       4350.00   1.01951e+06
       4370.00   1.10749e+06
       4390.00       946806.
       4410.00   1.01553e+06
       4430.00   1.16907e+06
       4450.00   1.19199e+06
       4470.00   1.33058e+06
       4490.00   1.39135e+06
       4510.00   1.67759e+06
       4530.00   1.40888e+06
       4550.00   1.45950e+06
       4570.00   1.63881e+06
       4590.00   1.56499e+06
       4610.00   1.63230e+06
       4630.00   1.55303e+06
       4650.00   1.60798e+06
       4670.00   1.67969e+06
       4690.00   1.64744e+06
       4710.00   1.61742e+06
       4730.00   1.71418e+06
       4750.00   1.87576e+06
       4770.00   1.93507e+06
       4790.00   1.90154e+06
       4810.00   1.86068e+06
       4830.00   1.96981e+06
       4850.00   1.83701e+06
       4870.00   1.69805e+06
       4890.00   1.91248e+06
       4910.00   1.89802e+06
       4930.00   1.86204e+06
       4950.00   2.05489e+06
       4970.00   1.96869e+06
       4990.00   1.79967e+06
       5010.00   1.70684e+06
       5030.00   1.82894e+06
       5050.00   1.87357e+06
       5070.00   1.99395e+06
       5090.00   1.78884e+06
       5110.00   1.87282e+06
       5130.00   1.76033e+06
       5150.00   1.72836e+06
       5170.00   1.64497e+06
       5190.00   1.76742e+06
       5210.00   1.86005e+06
       5230.00   1.92739e+06
       5250.00   2.00116e+06
       5270.00   1.73845e+06
       5290.00   2.05085e+06
       5310.00   2.22582e+06
       5330.00   1.90574e+06
       5350.00   2.17621e+06
       5370.00   2.19962e+06
       5390.00   2.07310e+06
       5410.00   2.05973e+06
       5430.00   2.09876e+06
       5450.00   2.28264e+06
       5470.00   2.13189e+06
       5490.00   2.13451e+06
       5510.00   2.12040e+06
       5530.00   2.19798e+06
       5550.00   2.25910e+06
       5570.00   2.23125e+06
       5590.00   2.14888e+06
       5610.00   2.30344e+06
       5630.00   2.20997e+06
       5650.00   2.26599e+06
       5670.00   2.19202e+06
       5690.00   2.30720e+06
       5710.00   2.19331e+06
       5730.00   2.47028e+06
       5750.00   2.30898e+06
       5770.00   2.37244e+06
       5790.00   2.22965e+06
       5810.00   2.39624e+06
       5830.00   2.50973e+06
       5850.00   2.40751e+06
       5870.00   2.42962e+06
       5890.00   2.17500e+06
       5910.00   2.38508e+06
       5930.00   2.40277e+06
       5950.00   2.40367e+06
       5970.00   2.47797e+06
       5990.00   2.40296e+06
       6010.00   2.34788e+06
       6030.00   2.44133e+06
       6050.00   2.48718e+06
       6070.00   2.47981e+06
       6090.00   2.32805e+06
       6110.00   2.35138e+06
       6130.00   2.19450e+06
       6150.00   2.29549e+06
       6170.00   2.21582e+06
       6190.00   2.37919e+06
       6210.00   2.35773e+06
       6230.00   2.24653e+06
       6250.00   2.13612e+06
       6270.00   2.28829e+06
       6290.00   2.34461e+06
       6310.00   2.25994e+06
       6330.00   2.30802e+06
       6350.00   2.30229e+06
       6370.00   2.27764e+06
       6390.00   2.33509e+06
       6410.00   2.29707e+06
       6430.00   2.32044e+06
       6450.00   2.33151e+06
       6470.00   2.32090e+06
       6490.00   2.22362e+06
       6510.00   2.32447e+06
       6530.00   2.31732e+06
       6550.00   2.29195e+06
       6561.25   2.22626e+06
       6590.00   2.32363e+06
       6610.00   2.34184e+06
       6630.00   2.32431e+06
       6650.00   2.32270e+06
       6670.00   2.25841e+06
       6690.00   2.36512e+06
       6710.00   2.24846e+06
       6730.00   2.36670e+06
       6750.00   2.30979e+06
       6770.00   2.33389e+06
       6790.00   2.30128e+06
       6810.00   2.30184e+06
       6830.00   2.33481e+06
       6850.00   2.24123e+06
       6870.00   2.29014e+06
       6890.00   2.34424e+06
       6910.00   2.30300e+06
       6930.00   2.25294e+06
       6950.00   2.18625e+06
       6970.00   2.21792e+06
       6990.00   2.19314e+06
       7010.00   2.10621e+06
       7030.00   2.17504e+06
       7050.00   2.23389e+06
       7070.00   2.17401e+06
       7090.00   2.15412e+06
       7110.00   2.11713e+06
       7130.00   2.06555e+06
       7150.00   2.08444e+06
       7170.00   2.11028e+06
       7190.00   2.01919e+06
       7210.00   2.10294e+06
       7230.00   2.14552e+06
       7250.00   2.14001e+06
       7270.00   2.11093e+06
       7290.00   2.01770e+06
       7310.00   2.07182e+06
       7330.00   2.08023e+06
       7350.00   2.06551e+06
       7370.00   2.13102e+06
       7390.00   2.06694e+06
       7410.00   2.04283e+06
       7430.00   2.08105e+06
       7450.00   2.09229e+06
       7470.00   2.09703e+06
       7490.00   2.06738e+06
       7510.00   2.10748e+06
       7530.00   2.13956e+06
       7550.00   2.15322e+06
       7570.00   2.12719e+06
       7590.00   2.11240e+06
       7610.00   2.11894e+06
       7630.00   2.13283e+06
       7650.00   2.14750e+06
       7670.00   2.05723e+06
       7690.00   2.14000e+06
       7710.00   2.08645e+06
       7730.00   2.09130e+06
       7750.00   2.07513e+06
       7770.00   2.13734e+06
       7790.00   2.13365e+06
       7810.00   2.12366e+06
       7830.00   2.10238e+06
       7850.00   2.06759e+06
       7870.00   2.07109e+06
       7890.00   1.96244e+06
       7910.00   1.88576e+06
       7930.00   1.89782e+06
       7950.00   1.85729e+06
       7970.00   1.95841e+06
       7990.00   1.96219e+06
       8010.00   1.95053e+06
       8030.00   1.95461e+06
       8050.00   1.92706e+06
       8070.00   1.90919e+06
       8090.00   1.82453e+06
       8110.00   1.80787e+06
       8130.00   1.85558e+06
       8150.00   1.85380e+06
       8170.00   1.86760e+06
       8190.00   1.83759e+06
       8210.00   1.82211e+06
       8230.00   1.85582e+06
       8250.00   1.87932e+06
       8270.00   1.90401e+06
       8290.00   1.87932e+06
       8310.00   1.77509e+06
       8330.00   1.80327e+06
       8350.00   1.79724e+06
       8370.00   1.83217e+06
       8390.00   1.76907e+06
       8410.00   1.85265e+06
       8430.00   1.78179e+06
       8450.00   1.83658e+06
       8470.00   1.83154e+06
       8490.00   1.85600e+06
       8510.00   1.73955e+06
       8530.00   1.84718e+06
       8550.00   1.70404e+06
       8570.00   1.86060e+06
       8590.00   1.81523e+06
       8610.00   1.83004e+06
       8630.00   1.84979e+06
       8650.00   1.86380e+06
       8670.00   1.69729e+06
       8690.00   1.76741e+06
       8710.00   1.81760e+06
       8730.00   1.83000e+06
       8750.00   1.80550e+06
       8770.00   1.84219e+06
       8790.00   1.81675e+06
       8810.00   1.76172e+06
       8830.00   1.80449e+06
       8850.00   1.83482e+06
       8870.00   1.78604e+06
       8890.00   1.81844e+06
       8910.00   1.85280e+06
       8930.00   1.78390e+06
       8950.00   1.77801e+06
       8970.00   1.78680e+06
       8990.00   1.79201e+06
       9010.00   1.73951e+06
       9030.00   1.79539e+06
       9050.00   1.84808e+06
       9070.00   1.81567e+06
       9090.00   1.73584e+06
       9110.00   1.75346e+06
       9130.00   1.80825e+06
       9150.00   1.78388e+06
       9170.00   1.78305e+06
       9190.00   1.81629e+06
       9210.00   1.75068e+06
       9230.00   1.77657e+06
       9250.00   1.74468e+06
       9270.00   1.75842e+06
       9290.00   1.74798e+06
       9310.00   1.77164e+06
       9330.00   1.75319e+06
       9350.00   1.75204e+06
       9370.00   1.70706e+06
       9390.00   1.73804e+06
       9410.00   1.67424e+06
       9430.00   1.73730e+06
       9450.00   1.68457e+06
       9470.00   1.73156e+06
       9490.00   1.73419e+06
       9510.00   1.71445e+06
       9530.00   1.71618e+06
       9550.00   1.67640e+06
       9570.00   1.66389e+06
       9590.00   1.71140e+06
       9610.00   1.67324e+06
       9630.00   1.66967e+06
       9650.00   1.63601e+06
       9670.00   1.63216e+06
       9690.00   1.66515e+06
       9710.00   1.64595e+06
       9730.00   1.63190e+06
       9750.00   1.61860e+06
       9770.00   1.62224e+06
       9790.00   1.58696e+06
       9810.00   1.64771e+06
       9830.00   1.62897e+06
       9850.00   1.64053e+06
       9870.00   1.62155e+06
       9890.00   1.62117e+06
       9910.00   1.61325e+06
       9930.00   1.61978e+06
       9950.00   1.61929e+06
       9970.00   1.61966e+06
       9990.00   1.60688e+06
       10025.0   1.59497e+06
       10075.0   1.57023e+06
       10125.0   1.57067e+06
       10175.0   1.54185e+06
       10225.0   1.54615e+06
       10275.0   1.54827e+06
       10325.0   1.51055e+06
       10375.0   1.49711e+06
       10425.0   1.50577e+06
       10475.0   1.48600e+06
       10525.0   1.48967e+06
       10575.0   1.46949e+06
       10625.0   1.45966e+06
       10675.0   1.42549e+06
       10725.0   1.42667e+06
       10775.0   1.40999e+06
       10825.0   1.38802e+06
       10875.0   1.38348e+06
       10925.0   1.40083e+06
       10975.0   1.37052e+06
       11025.0   1.37956e+06
       11075.0   1.37242e+06
       11125.0   1.36139e+06
       11175.0   1.34377e+06
       11225.0   1.34426e+06
       11275.0   1.31876e+06
       11325.0   1.31234e+06
       11375.0   1.30168e+06
       11425.0   1.28304e+06
       11475.0   1.30512e+06
       11525.0   1.29595e+06
       11575.0   1.27249e+06
       11625.0   1.25443e+06
       11675.0   1.25394e+06
       11725.0   1.26634e+06
       11775.0   1.24056e+06
       11825.0   1.23079e+06
       11875.0   1.20805e+06
       11925.0   1.23500e+06
       11975.0   1.18441e+06
       12025.0   1.20960e+06
       12075.0   1.19226e+06
       12125.0   1.19196e+06
       12175.0   1.19817e+06
       12225.0   1.18622e+06
       12275.0   1.17745e+06
       12325.0   1.16693e+06
       12375.0   1.16332e+06
       12425.0   1.15237e+06
       12475.0   1.15220e+06
       12525.0   1.13258e+06
       12575.0   1.13026e+06
       12625.0   1.12423e+06
       12675.0   1.10935e+06
       12725.0   1.11240e+06
       12775.0   1.11477e+06
       12825.0   1.06956e+06
       12875.0   1.08438e+06
       12925.0   1.07042e+06
       12975.0   1.08416e+06
       13025.0   1.06286e+06
       13075.0   1.07072e+06
       13125.0   1.05088e+06
       13175.0   1.04676e+06
       13225.0   1.04614e+06
       13275.0   1.02359e+06
       13325.0   1.03512e+06
       13375.0   1.02182e+06
       13425.0   1.03107e+06
       13475.0   1.02084e+06
       13525.0   1.01820e+06
       13575.0       993872.
       13625.0       991704.
       13675.0       991436.
       13725.0       992845.
       13775.0       985631.
       13825.0       984960.
       13875.0       973862.
       13925.0       977217.
       13975.0       975870.
       14025.0       954406.
       14075.0       963364.
       14125.0       946700.
       14175.0       957226.
       14225.0       935819.
       14275.0       919606.
       14325.0       936127.
       14375.0       939362.
       14425.0       900725.
       14475.0       923767.
       14525.0       905704.
       14570.0       912398.
       14620.0       907790.
       14675.0       906561.
       14725.0       885021.
       14775.0       887842.
       14825.0       884675.
       14875.0       874055.
       14925.0       890668.
       14975.0       873155.
       15025.0       866352.
       15075.0       851614.
       15125.0       863267.
       15175.0       863952.
       15225.0       858059.
       15275.0       860152.
       15325.0       849560.
       15375.0       857654.
       15425.0       848682.
       15475.0       846998.
       15525.0       830391.
       15575.0       802658.
       15625.0       829101.
       15675.0       805927.
       15725.0       818452.
       15775.0       768522.
       15825.0       785892.
       15875.0       757271.
       15925.0       780525.
       15975.0       772724.
       16050.0       793291.
       16150.0       780363.
       16250.0       778906.
       16350.0       768660.
       16450.0       747746.
       16550.0       743716.
       16650.0       733328.
       16750.0       715830.
       16850.0       693718.
       16950.0       698643.
       17050.0       671176.
       17150.0       668841.
       17250.0       644004.
       17350.0       628117.
       17450.0       622584.
       17550.0       611497.
       17650.0       601770.
       17750.0       587320.
       17850.0       581479.
       17950.0       568891.
       18050.0       555344.
       18150.0       545147.
       18250.0       534223.
       18350.0       524781.
       18450.0       510397.
       18550.0       505741.
       18650.0       489187.
       18750.0       477629.
       18850.0       476815.
       18950.0       453101.
       19050.0       463098.
       19150.0       452182.
       19250.0       445504.
       19350.0       431584.
       19450.0       421073.
       19550.0       421360.
       19650.0       412145.
       19750.0       403781.
       19850.0       398384.
       19950.0       391835.
       20050.0       389070.
       20150.0       384281.
       20250.0       371152.
       20350.0       363601.
       20450.0       364585.
       20550.0       356674.
       20650.0       348864.
       20750.0       343829.
       20850.0       337454.
       20950.0       329657.
       21050.0       328530.
       21150.0       321110.
       21250.0       315534.
       21350.0       313263.
       21450.0       307565.
       21550.0       302437.
       21650.0       294458.
       21750.0       289837.
       21850.0       286196.
       21950.0       282828.
       22050.0       275271.
       22150.0       274365.
       22250.0       267140.
       22350.0       263383.
       22450.0       259853.
       22550.0       255901.
       22650.0       250533.
       22750.0       249253.
       22850.0       243006.
       22950.0       206274.
       23050.0       222194.
       23150.0       218816.
       23250.0       187528.
       23350.0       202246.
       23450.0       201093.
       23550.0       171505.
       23650.0       188587.
       23750.0       185192.
       23850.0       161740.
       23950.0       175426.
       24050.0       175820.
       24150.0       156577.
       24250.0       166058.
       24350.0       166755.
       24450.0       154788.
       24550.0       154723.
       24650.0       161103.
       24750.0       154527.
       24850.0       145208.
       24950.0       151321.
       25050.0       156329.
       25150.0       140097.
       25250.0       147622.
       25350.0       147885.
       25450.0       143194.
       25550.0       140310.
       25650.0       141462.
       25750.0       142377.
       25850.0       132483.
       25950.0       135273.
       26050.0       137029.
       26150.0       132893.
       26250.0       130832.
       26350.0       131838.
       26450.0       130746.
       26550.0       127385.
       26650.0       124547.
       26750.0       128430.
       26850.0       126466.
       26950.0       121811.
       27050.0       123208.
       27150.0       121888.
       27250.0       121573.
       27350.0       117508.
       27450.0       118423.
       27550.0       118067.
       27650.0       115948.
       27750.0       113201.
       27850.0       113429.
       27950.0       113342.
       28050.0       111841.
       28150.0       109593.
       28250.0       109021.
       28350.0       108690.
       28450.0       107033.
       28550.0       105656.
       28650.0       104631.
       28750.0       103494.
       28850.0       102461.
       28950.0       101359.
       29050.0       100162.
       29150.0       99360.7
       29250.0       97348.3
       29350.0       97346.5
       29450.0       95548.4
       29550.0       94605.1
       29650.0       94049.5
       29750.0       92954.3
       29850.0       91689.9
       29950.0       90549.4
       30050.0       89484.7
       30150.0       88800.9
       30250.0       87514.9
       30350.0       85928.9
       30450.0       85698.6
       30550.0       84428.1
       30650.0       83416.9
       30750.0       82751.7
       30850.0       81317.5
       30950.0       80450.8
       31050.0       79976.4
       31150.0       78349.4
       31250.0       77898.9
       31350.0       77126.8
       31450.0       76210.5
       31550.0       75126.4
       31650.0       74178.5
       31750.0       73607.4
       31850.0       72670.5
       31950.0       72039.2
       32100.0       70618.0
       32300.0       68987.9
       32500.0       67371.0
       32700.0       65777.8
       32900.0       64200.9
       33100.0       62818.8
       33300.0       61312.3
       33500.0       60169.4
       33700.0       58714.3
       33900.0       57322.1
       34100.0       55955.1
       34300.0       55009.8
       34500.0       53921.3
       34700.0       52675.7
       34900.0       51588.1
       35100.0       50561.6
       35300.0       49282.8
       35500.0       48409.2
       35700.0       47306.7
       35900.0       46287.1
       36100.0       45492.3
       36300.0       44563.6
       36500.0       43412.0
       36700.0       42512.2
       36900.0       41305.6
       37100.0       40374.2
       37300.0       39855.8
       37500.0       38614.7
       37700.0       38285.6
       37900.0       37465.6
       38100.0       36852.7
       38300.0       36271.1
       38500.0       35615.6
       38700.0       34763.0
       38900.0       34115.1
       39100.0       33550.2
       39300.0       32929.1
       39500.0       32074.9
       39700.0       31561.3
       39900.0       30687.2
       40100.0       30297.6
       40300.0       29867.7
       40500.0       29224.3
       40700.0       28726.3
       40900.0       28214.1
       41100.0       27750.6
       41300.0       27288.1
       41500.0       26708.5
       41700.0       26212.5
       41900.0       25735.4
       42100.0       25174.7
       42300.0       24933.0
       42500.0       24350.6
       42700.0       24009.4
       42900.0       22121.8
       43100.0       20667.7
       43300.0       21182.5
       43500.0       19521.9
       43700.0       19018.9
       43900.0       18543.2
       44100.0       16890.8
       44300.0       17038.7
       44500.0       16490.5
       44700.0       15315.7
       44900.0       15904.4
       45100.0       15235.7
       45300.0       14380.1
       45500.0       14697.3
       45700.0       14466.8
       45900.0       13480.0
       46100.0       14015.1
       46300.0       13526.1
       46500.0       13429.2
       46700.0       13369.9
       46900.0       13097.3
       47100.0       12715.6
       47300.0       12991.7
       47500.0       12652.6
       47700.0       12498.2
       47900.0       12250.4
       48100.0       11933.5
       48300.0       12242.9
       48500.0       11910.1
       48700.0       11619.2
       48900.0       11602.5
       49100.0       11318.3
       49300.0       11210.5
       49500.0       11025.5
       49700.0       11047.0
       49900.0       10755.4
       50100.0       10800.4
       50300.0       10649.3
       50500.0       10317.3
       50700.0       10249.2
       50900.0       10165.3
       51100.0       9946.70
       51300.0       9863.14
       51500.0       9700.04
       51700.0       9790.88
       51900.0       9547.46
       52100.0       9382.42
       52300.0       9263.97
       52500.0       9245.05
       52700.0       9331.68
       52900.0       8945.70
       53100.0       8798.67
       53300.0       8806.50
       53500.0       8694.58
       53700.0       8597.14
       53900.0       8526.85
       54100.0       8433.80
       54300.0       8245.17
       54500.0       8275.83
       54700.0       8086.74
       54900.0       8051.93
       55100.0       7887.61
       55300.0       8046.49
       55500.0       7727.85
       55700.0       7797.53
       55900.0       7613.55
       56100.0       7625.32
       56300.0       7417.80
       56500.0       7449.52
       56700.0       7342.80
       56900.0       7159.90
       57100.0       7197.07
       57300.0       7122.59
       57500.0       7031.20
       57700.0       6929.92
       57900.0       6914.83
       58100.0       6797.44
       58300.0       6733.60
       58500.0       6660.00
       58700.0       6527.67
       58900.0       6481.46
       59100.0       6424.61
       59300.0       6370.31
       59500.0       6255.94
       59700.0       6236.51
       59900.0       6165.22
       60100.0       6100.05
       60300.0       6028.26
       60500.0       5923.73
       60700.0       5868.81
       60900.0       5790.81
       61100.0       5715.42
       61300.0       5676.59
       61500.0       5625.28
       61700.0       5597.38
       61900.0       5520.67
       62100.0       5478.13
       62300.0       5384.19
       62500.0       5300.89
       62700.0       5250.55
       62900.0       5197.22
       63100.0       5131.40
       63300.0       5110.12
       63500.0       5036.68
       63700.0       5014.11
       63900.0       4930.37
       64200.0       4854.23
       64600.0       4735.35
       65000.0       4634.45
       65400.0       4530.90
       65800.0       4444.92
       66200.0       4338.50
       66600.0       4247.81
       67000.0       4159.73
       67400.0       4060.25
       67800.0       3975.44
       68200.0       3887.79
       68600.0       3811.05
       69000.0       3722.60
       69400.0       3644.69
       69800.0       3567.39
       70200.0       3487.79
       70600.0       3418.97
       71000.0       3343.79
       71400.0       3276.28
       71800.0       3205.02
       72200.0       3138.75
       72600.0       3071.45
       73000.0       3009.04
       73400.0       2944.30
       73800.0       2885.64
       74200.0       2820.94
       74600.0       2762.95
       75000.0       2708.51
       75400.0       2651.02
       75800.0       2601.02
       76200.0       2548.35
       76600.0       2497.28
       77000.0       2445.73
       77400.0       2397.94
       77800.0       2350.63
       78200.0       2303.73
       78600.0       2258.75
       79000.0       2214.14
       79400.0       2170.62
       79800.0       2129.21
       80200.0       2085.94
       80600.0       2045.23
       81000.0       2007.91
       81400.0       1967.47
       81800.0       1931.55
       82200.0       1895.63
       82600.0       1859.26
       83000.0       1824.81
       83400.0       1789.20
       83800.0       1756.34
       84200.0       1725.08
       84600.0       1693.01
       85000.0       1661.84
       85400.0       1631.64
       85800.0       1601.77
       86200.0       1573.10
       86600.0       1545.14
       87000.0       1517.52
       87400.0       1490.35
       87800.0       1463.56
       88200.0       1436.75
       88600.0       1411.76
       89000.0       1386.55
       89400.0       1363.18
       89800.0       1338.22
       90200.0       1316.23
       90600.0       1294.31
       91000.0       1269.90
       91400.0       1249.25
       91800.0       1228.64
       92200.0       1208.30
       92600.0       1187.73
       93000.0       1167.96
       93400.0       1148.00
       93800.0       1129.19
       94200.0       1110.45
       94600.0       1091.65
       95000.0       1073.84
       95400.0       1056.24
       95800.0       1039.31
       96200.0       1022.02
       96600.0       1005.86
       97000.0       989.693
       97400.0       972.169
       97800.0       957.538
       98200.0       942.760
       98600.0       927.880
       99000.0       913.401
       99400.0       898.591
       99800.0       884.594
       100200.       870.792
       200000.       56.3259
       400000.       3.52337
       600000.      0.690254
       800000.      0.216443
   1.00000e+06     0.0879100
   1.20000e+06     0.0420656
   1.40000e+06     0.0225462
   1.60000e+06     0.0131317
