       90.9000       0.00000
       93.5000       0.00000
       96.1000       0.00000
       97.7000       0.00000
       99.6000       0.00000
       102.000       0.00000
       103.800       0.00000
       105.600       0.00000
       107.700       0.00000
       110.400       0.00000
       114.000       0.00000
       117.800       0.00000
       121.300       0.00000
       124.800       0.00000
       127.100       0.00000
       128.400       0.00000
       130.500       0.00000
       132.400       0.00000
       133.900       0.00000
       136.600       0.00000
       139.800       0.00000
       143.300       0.00000
       147.200       0.00000
       151.000       0.00000
       155.200       0.00000
       158.800       0.00000
       162.000       0.00000
       166.000       0.00000
       170.300       0.00000
       173.400       0.00000
       176.800       0.00000
       180.200       0.00000
       181.700       0.00000
       186.100       0.00000
       191.000       0.00000
       193.900       0.00000
       198.400       0.00000
       201.800       0.00000
       205.000       0.00000
       210.500       0.00000
       216.200       0.00000
       219.800       0.00000
       223.000       0.00000
       226.800       0.00000
       230.000       0.00000
       234.000       0.00000
       240.000       0.00000
       246.500       0.00000
       252.400       0.00000
       256.800       0.00000
       260.000       0.00000
       264.000       0.00000
       268.500       0.00000
       273.500       0.00000
       278.500       0.00000
       284.000       0.00000
       290.000       0.00000
       296.000       0.00000
       301.000       0.00000
       308.000       0.00000
       318.000       0.00000
       328.000       0.00000
       338.000       0.00000
       348.000       0.00000
       357.000       0.00000
       366.000       0.00000
       375.000       0.00000
       385.000       0.00000
       395.000       0.00000
       405.000       0.00000
       414.000       0.00000
       422.000       0.00000
       430.000       0.00000
       441.000       0.00000
       451.000       0.00000
       460.000       0.00000
       470.000       0.00000
       480.000       0.00000
       490.000       0.00000
       500.000       0.00000
       506.000       0.00000
       512.000       0.00000
       520.000       0.00000
       530.000       0.00000
       540.000       0.00000
       550.000       0.00000
       560.000       0.00000
       570.000       0.00000
       580.000       0.00000
       590.000       0.00000
       600.000       0.00000
       610.000       0.00000
       620.000       0.00000
       630.000       0.00000
       640.000       0.00000
       650.000       0.00000
       658.000       0.00000
       665.000       0.00000
       675.000       0.00000
       685.000       0.00000
       695.000       0.00000
       705.000       0.00000
       716.000       0.00000
       726.000       0.00000
       735.000       0.00000
       745.000       0.00000
       755.000       0.00000
       765.000       0.00000
       775.000       0.00000
       785.000       0.00000
       795.000       0.00000
       805.000       0.00000
       815.000       0.00000
       825.000       0.00000
       835.000       0.00000
       845.000       0.00000
       855.000       0.00000
       865.000       0.00000
       875.000       0.00000
       885.000       0.00000
       895.000       0.00000
       905.000       0.00000
       915.000       0.00000
       925.000   2.43762e-05
       935.000   3.49644e-05
       945.000   5.14415e-05
       955.000   7.46748e-05
       965.000   0.000106252
       975.000   0.000147232
       985.000   0.000205402
       995.000   0.000282430
       1005.00   0.000400966
       1015.00   0.000545920
       1025.00   0.000704103
       1035.00    0.00100293
       1045.00    0.00134809
       1055.00    0.00178731
       1065.00    0.00236121
       1075.00    0.00312654
       1085.00    0.00410900
       1095.00    0.00531339
       1105.00     0.0246187
       1115.00     0.0445631
       1125.00     0.0660962
       1135.00     0.0958857
       1145.00      0.127063
       1155.00      0.147148
       1165.00      0.199212
       1175.00      0.253509
       1185.00      0.276788
       1195.00      0.221658
       1205.00      0.244686
       1215.00     0.0851138
       1225.00      0.329703
       1235.00      0.661021
       1245.00      0.968230
       1255.00       1.19464
       1265.00       1.25617
       1275.00       1.58120
       1285.00       1.84625
       1295.00       2.23429
       1305.00       2.32539
       1315.00       2.91585
       1325.00       3.09818
       1335.00       3.47956
       1345.00       4.04902
       1355.00       4.64997
       1365.00       5.02206
       1375.00       5.45979
       1385.00       6.03209
       1395.00       6.79984
       1405.00       8.09559
       1415.00       9.12857
       1425.00       10.4367
       1435.00       12.1587
       1442.00       15.2813
       1447.00       14.1118
       1455.00       16.4601
       1465.00       20.3195
       1475.00       22.9731
       1485.00       24.9830
       1495.00       31.7832
       1505.00       37.9371
       1512.00       30.7627
       1517.00       37.8435
       1525.00       75.4992
       1535.00       114.727
       1545.00       99.1199
       1555.00       151.967
       1565.00       143.910
       1575.00       244.479
       1585.00       293.500
       1595.00       340.002
       1605.00       365.188
       1615.00       402.163
       1625.00       444.422
       1635.00       517.175
       1645.00       704.310
       1655.00       462.773
       1665.00       801.044
       1672.00       584.760
       1677.00       1880.08
       1685.00       2113.05
       1695.00       2535.20
       1705.00       2792.21
       1715.00       2881.94
       1725.00       3527.61
       1735.00       4320.56
       1745.00       5741.97
       1755.00       8083.00
       1765.00       6862.65
       1775.00       8136.00
       1785.00       10607.7
       1795.00       14407.3
       1805.00       13601.7
       1815.00       11993.0
       1825.00       15048.3
       1835.00       15542.6
       1845.00       11150.2
       1855.00       17964.9
       1865.00       22299.1
       1875.00       23408.9
       1885.00       25012.3
       1895.00       32967.6
       1905.00       31402.6
       1915.00       34989.5
       1925.00       31622.7
       1935.00       20858.8
       1945.00       43935.7
       1955.00       45652.9
       1967.00       60636.7
       1976.00       52874.4
       1984.00       69013.9
       1995.00       75162.9
       2005.00       70593.4
       2015.00       77281.1
       2025.00       58684.7
       2035.00       87881.4
       2045.00       103353.
       2055.00       101305.
       2065.00       99478.4
       2074.00       109714.
       2078.00       358594.
       2085.00       501389.
       2095.00       451945.
       2105.00       431984.
       2115.00       516843.
       2125.00       437898.
       2135.00       419995.
       2145.00       584334.
       2155.00       563860.
       2165.00       458863.
       2175.00       463254.
       2185.00       674966.
       2195.00       631485.
       2205.00       618921.
       2215.00       433427.
       2225.00       566189.
       2235.00       809161.
       2245.00       764370.
       2255.00       528724.
       2265.00       461464.
       2275.00       504248.
       2285.00       803720.
       2295.00       608846.
       2305.00       822095.
       2315.00       646453.
       2325.00       518678.
       2335.00       418788.
       2345.00       243206.
       2355.00       596469.
       2365.00       291020.
       2375.00       412875.
       2385.00       210770.
       2395.00       283722.
       2405.00       286214.
       2415.00       361730.
       2425.00       740312.
       2435.00       743648.
       2445.00       931928.
       2455.00   1.02242e+06
       2465.00       825044.
       2475.00       702892.
       2485.00       320658.
       2495.00       470248.
       2505.00       838410.
       2513.00       271513.
       2518.00       192325.
       2525.00       228604.
       2535.00       489304.
       2545.00       524291.
       2555.00   1.14156e+06
       2565.00       789051.
       2575.00   1.07582e+06
       2585.00       921780.
       2595.00       797262.
       2605.00       656694.
       2615.00       576151.
       2625.00       852186.
       2635.00   1.66759e+06
       2645.00   2.32020e+06
       2655.00   3.24835e+06
       2665.00   1.97005e+06
       2675.00   2.31962e+06
       2685.00   2.71160e+06
       2695.00   1.91990e+06
       2705.00   2.37154e+06
       2715.00   1.66562e+06
       2725.00   1.27448e+06
       2735.00   1.70465e+06
       2745.00       838004.
       2755.00   1.23080e+06
       2765.00   1.68186e+06
       2775.00   1.75826e+06
       2785.00       939224.
       2795.00       382236.
       2805.00       477993.
       2815.00   1.52409e+06
       2825.00   2.44643e+06
       2835.00   2.35139e+06
       2845.00   1.53391e+06
       2855.00       754706.
       2865.00   2.37318e+06
       2875.00   3.35144e+06
       2885.00   2.80841e+06
       2895.00   3.47165e+06
       2910.00   4.55426e+06
       2930.00   3.94999e+06
       2950.00   3.74605e+06
       2970.00   3.96996e+06
       2990.00   4.03198e+06
       3010.00   4.17892e+06
       3030.00   4.33772e+06
       3050.00   4.54709e+06
       3070.00   4.70748e+06
       3090.00   4.55047e+06
       3110.00   4.98991e+06
       3130.00   4.80137e+06
       3150.00   4.53102e+06
       3170.00   4.87329e+06
       3190.00   4.33480e+06
       3210.00   4.89079e+06
       3230.00   4.07066e+06
       3250.00   5.44026e+06
       3270.00   6.27091e+06
       3290.00   5.99512e+06
       3310.00   5.86581e+06
       3330.00   5.95660e+06
       3350.00   5.85615e+06
       3370.00   4.62384e+06
       3390.00   5.27195e+06
       3410.00   5.30684e+06
       3430.00   5.43278e+06
       3450.00   5.76087e+06
       3470.00   5.95621e+06
       3490.00   6.41797e+06
       3510.00   6.65694e+06
       3530.00   6.18870e+06
       3550.00   7.08950e+06
       3570.00   5.47911e+06
       3590.00   5.27500e+06
       3610.00   6.10072e+06
       3630.00   6.11602e+06
       3640.00   6.24339e+06
       3650.00   7.05276e+06
       3670.00   7.15595e+06
       3690.00   6.67518e+06
       3710.00   7.12153e+06
       3730.00   5.65736e+06
       3750.00   6.28916e+06
       3770.00   7.35548e+06
       3790.00   7.66989e+06
       3810.00   7.73906e+06
       3830.00   4.77125e+06
       3850.00   6.85396e+06
       3870.00   6.67338e+06
       3890.00   7.10908e+06
       3910.00   8.13213e+06
       3930.00   4.30493e+06
       3950.00   7.04494e+06
       3970.00   4.96271e+06
       3990.00   9.39951e+06
       4010.00   9.94323e+06
       4030.00   1.00983e+07
       4050.00   9.75514e+06
       4070.00   9.47893e+06
       4090.00   1.04686e+07
       4110.00   1.00097e+07
       4130.00   1.04216e+07
       4150.00   1.05686e+07
       4170.00   1.06098e+07
       4190.00   1.01703e+07
       4210.00   1.02040e+07
       4230.00   9.74898e+06
       4250.00   9.87894e+06
       4270.00   9.34259e+06
       4290.00   8.68006e+06
       4310.00   7.30114e+06
       4330.00   1.00072e+07
       4350.00   9.52074e+06
       4370.00   1.06591e+07
       4390.00   9.81934e+06
       4410.00   1.04127e+07
       4430.00   1.08883e+07
       4450.00   1.07463e+07
       4470.00   1.12209e+07
       4490.00   1.12366e+07
       4510.00   1.22079e+07
       4530.00   1.11639e+07
       4550.00   1.14663e+07
       4570.00   1.21000e+07
       4590.00   1.14324e+07
       4610.00   1.16630e+07
       4630.00   1.14709e+07
       4650.00   1.15848e+07
       4670.00   1.18542e+07
       4690.00   1.16143e+07
       4710.00   1.12372e+07
       4730.00   1.17162e+07
       4750.00   1.18445e+07
       4770.00   1.18470e+07
       4790.00   1.17733e+07
       4810.00   1.16353e+07
       4830.00   1.17871e+07
       4850.00   1.09785e+07
       4870.00   9.70287e+06
       4890.00   1.11476e+07
       4910.00   1.11492e+07
       4930.00   1.09580e+07
       4950.00   1.13412e+07
       4970.00   1.14415e+07
       4990.00   1.07086e+07
       5010.00   1.03365e+07
       5030.00   1.08500e+07
       5050.00   1.08696e+07
       5070.00   1.12573e+07
       5090.00   1.08703e+07
       5110.00   1.10171e+07
       5130.00   1.07684e+07
       5150.00   1.04229e+07
       5170.00   9.66840e+06
       5190.00   9.72438e+06
       5210.00   1.04203e+07
       5230.00   1.05254e+07
       5250.00   1.07909e+07
       5270.00   9.72167e+06
       5290.00   1.06757e+07
       5310.00   1.09451e+07
       5330.00   1.00595e+07
       5350.00   1.06594e+07
       5370.00   1.05824e+07
       5390.00   1.04809e+07
       5410.00   1.01589e+07
       5430.00   1.04193e+07
       5450.00   1.05904e+07
       5470.00   1.04129e+07
       5490.00   1.04600e+07
       5510.00   1.03831e+07
       5530.00   1.03928e+07
       5550.00   1.04600e+07
       5570.00   1.01960e+07
       5590.00   1.00491e+07
       5610.00   1.02589e+07
       5630.00   1.02752e+07
       5650.00   1.02649e+07
       5670.00   1.00344e+07
       5690.00   1.01499e+07
       5710.00   9.97702e+06
       5730.00   1.04467e+07
       5750.00   1.01434e+07
       5770.00   1.01972e+07
       5790.00   9.99798e+06
       5810.00   1.01175e+07
       5830.00   1.02064e+07
       5850.00   9.99782e+06
       5870.00   9.99716e+06
       5890.00   9.49327e+06
       5910.00   9.87620e+06
       5930.00   9.84194e+06
       5950.00   9.83942e+06
       5970.00   9.82772e+06
       5990.00   9.72945e+06
       6010.00   9.58209e+06
       6030.00   9.59126e+06
       6050.00   9.72598e+06
       6070.00   9.64379e+06
       6090.00   9.45348e+06
       6110.00   9.36758e+06
       6130.00   9.05421e+06
       6150.00   9.14651e+06
       6170.00   8.92344e+06
       6190.00   9.26476e+06
       6210.00   9.25558e+06
       6230.00   9.04435e+06
       6250.00   8.79010e+06
       6270.00   9.10986e+06
       6290.00   9.10058e+06
       6310.00   8.86378e+06
       6330.00   8.89670e+06
       6350.00   8.89475e+06
       6370.00   8.84186e+06
       6390.00   8.86521e+06
       6410.00   8.64301e+06
       6430.00   8.71043e+06
       6450.00   8.62751e+06
       6470.00   8.56904e+06
       6490.00   8.45566e+06
       6510.00   8.57029e+06
       6530.00   8.51151e+06
       6550.00   8.04900e+06
       6561.25   6.93006e+06
       6590.00   8.24844e+06
       6610.00   8.42692e+06
       6630.00   8.37084e+06
       6650.00   8.34366e+06
       6670.00   8.24492e+06
       6690.00   8.32928e+06
       6710.00   8.17151e+06
       6730.00   8.22432e+06
       6750.00   8.13878e+06
       6770.00   8.12784e+06
       6790.00   8.06965e+06
       6810.00   8.01582e+06
       6830.00   8.02176e+06
       6850.00   7.86339e+06
       6870.00   7.91753e+06
       6890.00   7.90940e+06
       6910.00   7.83765e+06
       6930.00   7.81169e+06
       6950.00   7.77070e+06
       6970.00   7.74152e+06
       6990.00   7.71116e+06
       7010.00   7.50853e+06
       7030.00   7.58372e+06
       7050.00   7.58653e+06
       7070.00   7.51706e+06
       7090.00   7.46782e+06
       7110.00   7.45381e+06
       7130.00   7.36129e+06
       7150.00   7.31243e+06
       7170.00   7.28371e+06
       7190.00   7.11980e+06
       7210.00   7.20623e+06
       7230.00   7.18919e+06
       7250.00   7.19954e+06
       7270.00   7.16497e+06
       7290.00   6.98556e+06
       7310.00   7.05575e+06
       7330.00   7.02992e+06
       7350.00   7.02798e+06
       7370.00   7.01139e+06
       7390.00   6.84635e+06
       7410.00   6.69102e+06
       7430.00   6.80818e+06
       7450.00   6.80392e+06
       7470.00   6.82627e+06
       7490.00   6.75629e+06
       7510.00   6.73371e+06
       7530.00   6.72589e+06
       7550.00   6.72335e+06
       7570.00   6.65566e+06
       7590.00   6.62063e+06
       7610.00   6.57742e+06
       7630.00   6.57469e+06
       7650.00   6.54551e+06
       7670.00   6.38104e+06
       7690.00   6.47632e+06
       7710.00   6.38762e+06
       7730.00   6.39307e+06
       7750.00   6.30555e+06
       7770.00   6.33428e+06
       7790.00   6.34464e+06
       7810.00   6.29798e+06
       7830.00   6.22590e+06
       7850.00   6.18933e+06
       7870.00   6.22908e+06
       7890.00   6.19572e+06
       7910.00   6.11746e+06
       7930.00   6.01176e+06
       7950.00   6.00480e+06
       7970.00   6.06603e+06
       7990.00   6.05341e+06
       8010.00   5.96156e+06
       8030.00   5.94417e+06
       8050.00   5.89374e+06
       8070.00   5.91779e+06
       8090.00   5.81719e+06
       8110.00   5.85440e+06
       8130.00   5.84957e+06
       8150.00   5.80615e+06
       8170.00   5.77832e+06
       8190.00   5.61455e+06
       8210.00   5.62434e+06
       8230.00   5.59370e+06
       8250.00   5.61200e+06
       8270.00   5.64714e+06
       8290.00   5.61060e+06
       8310.00   5.51380e+06
       8330.00   5.45532e+06
       8350.00   5.48271e+06
       8370.00   5.48397e+06
       8390.00   5.38988e+06
       8410.00   5.43512e+06
       8430.00   5.33832e+06
       8450.00   5.33841e+06
       8470.00   5.29117e+06
       8490.00   5.29345e+06
       8510.00   5.07722e+06
       8530.00   5.27033e+06
       8550.00   4.95670e+06
       8570.00   5.26587e+06
       8590.00   5.13263e+06
       8610.00   5.10678e+06
       8630.00   5.16862e+06
       8650.00   5.14123e+06
       8670.00   4.75057e+06
       8690.00   4.98445e+06
       8710.00   5.03488e+06
       8730.00   5.01036e+06
       8750.00   4.85576e+06
       8770.00   4.98337e+06
       8790.00   4.95048e+06
       8810.00   4.84920e+06
       8830.00   4.88979e+06
       8850.00   4.85232e+06
       8870.00   4.68054e+06
       8890.00   4.85594e+06
       8910.00   4.85505e+06
       8930.00   4.76482e+06
       8950.00   4.76754e+06
       8970.00   4.76175e+06
       8990.00   4.74991e+06
       9010.00   4.47881e+06
       9030.00   4.64139e+06
       9050.00   4.71888e+06
       9070.00   4.61657e+06
       9090.00   4.49789e+06
       9110.00   4.55342e+06
       9130.00   4.60897e+06
       9150.00   4.58750e+06
       9170.00   4.56437e+06
       9190.00   4.57084e+06
       9210.00   4.45020e+06
       9230.00   4.25909e+06
       9250.00   4.38374e+06
       9270.00   4.42522e+06
       9290.00   4.44198e+06
       9310.00   4.43726e+06
       9330.00   4.39921e+06
       9350.00   4.37912e+06
       9370.00   4.35487e+06
       9390.00   4.34659e+06
       9410.00   4.17403e+06
       9430.00   4.28861e+06
       9450.00   4.23124e+06
       9470.00   4.27094e+06
       9490.00   4.26760e+06
       9510.00   4.22384e+06
       9530.00   4.18041e+06
       9550.00   3.94813e+06
       9570.00   4.12909e+06
       9590.00   4.16145e+06
       9610.00   4.11069e+06
       9630.00   4.06276e+06
       9650.00   4.05484e+06
       9670.00   4.02962e+06
       9690.00   4.05273e+06
       9710.00   4.03445e+06
       9730.00   4.02186e+06
       9750.00   3.96971e+06
       9770.00   3.96611e+06
       9790.00   3.94599e+06
       9810.00   3.94518e+06
       9830.00   3.92642e+06
       9850.00   3.91243e+06
       9870.00   3.87416e+06
       9890.00   3.85234e+06
       9910.00   3.83988e+06
       9930.00   3.84888e+06
       9950.00   3.83380e+06
       9970.00   3.81768e+06
       9990.00   3.79523e+06
       10025.0   3.73204e+06
       10075.0   3.63801e+06
       10125.0   3.67280e+06
       10175.0   3.61380e+06
       10225.0   3.59234e+06
       10275.0   3.56977e+06
       10325.0   3.50313e+06
       10375.0   3.46703e+06
       10425.0   3.44629e+06
       10475.0   3.38233e+06
       10525.0   3.36734e+06
       10575.0   3.32257e+06
       10625.0   3.27736e+06
       10675.0   3.19172e+06
       10725.0   3.19478e+06
       10775.0   3.15242e+06
       10825.0   3.09607e+06
       10875.0   3.07190e+06
       10925.0   2.97674e+06
       10975.0   2.99400e+06
       11025.0   3.01370e+06
       11075.0   2.99583e+06
       11125.0   2.95313e+06
       11175.0   2.91578e+06
       11225.0   2.90066e+06
       11275.0   2.83276e+06
       11325.0   2.81515e+06
       11375.0   2.79360e+06
       11425.0   2.74475e+06
       11475.0   2.75942e+06
       11525.0   2.73017e+06
       11575.0   2.68898e+06
       11625.0   2.63755e+06
       11675.0   2.61650e+06
       11725.0   2.62492e+06
       11775.0   2.55559e+06
       11825.0   2.53537e+06
       11875.0   2.50159e+06
       11925.0   2.52598e+06
       11975.0   2.43678e+06
       12025.0   2.45059e+06
       12075.0   2.41615e+06
       12125.0   2.40805e+06
       12175.0   2.40422e+06
       12225.0   2.37908e+06
       12275.0   2.34486e+06
       12325.0   2.32914e+06
       12375.0   2.30628e+06
       12425.0   2.28185e+06
       12475.0   2.26696e+06
       12525.0   2.23905e+06
       12575.0   2.21535e+06
       12625.0   2.19559e+06
       12675.0   2.16939e+06
       12725.0   2.16031e+06
       12775.0   2.13429e+06
       12825.0   1.98669e+06
       12875.0   2.08751e+06
       12925.0   2.07194e+06
       12975.0   2.06383e+06
       13025.0   2.03294e+06
       13075.0   2.02588e+06
       13125.0   1.98939e+06
       13175.0   1.96866e+06
       13225.0   1.96940e+06
       13275.0   1.93607e+06
       13325.0   1.92764e+06
       13375.0   1.90675e+06
       13425.0   1.90076e+06
       13475.0   1.88137e+06
       13525.0   1.86372e+06
       13575.0   1.83139e+06
       13625.0   1.82435e+06
       13675.0   1.80696e+06
       13725.0   1.78728e+06
       13775.0   1.77510e+06
       13825.0   1.76331e+06
       13875.0   1.75182e+06
       13925.0   1.73466e+06
       13975.0   1.72020e+06
       14025.0   1.69498e+06
       14075.0   1.69085e+06
       14125.0   1.66330e+06
       14175.0   1.66484e+06
       14225.0   1.62845e+06
       14275.0   1.60577e+06
       14325.0   1.61498e+06
       14375.0   1.61020e+06
       14425.0   1.54869e+06
       14475.0   1.57758e+06
       14525.0   1.53808e+06
       14570.0   1.54352e+06
       14620.0   1.53114e+06
       14675.0   1.52014e+06
       14725.0   1.49206e+06
       14775.0   1.48038e+06
       14825.0   1.47399e+06
       14875.0   1.43965e+06
       14925.0   1.46230e+06
       14975.0   1.43646e+06
       15025.0   1.39598e+06
       15075.0   1.38945e+06
       15125.0   1.40442e+06
       15175.0   1.39624e+06
       15225.0   1.37128e+06
       15275.0   1.37006e+06
       15325.0   1.35349e+06
       15375.0   1.34382e+06
       15425.0   1.33305e+06
       15475.0   1.32188e+06
       15525.0   1.30149e+06
       15575.0   1.28585e+06
       15625.0   1.29314e+06
       15675.0   1.25907e+06
       15725.0   1.25778e+06
       15775.0   1.22069e+06
       15825.0   1.23021e+06
       15875.0   1.18371e+06
       15925.0   1.20501e+06
       15975.0   1.20921e+06
       16050.0   1.18660e+06
       16150.0   1.15556e+06
       16250.0   1.15522e+06
       16350.0   1.12105e+06
       16450.0   1.08803e+06
       16550.0   1.09236e+06
       16650.0   1.07239e+06
       16750.0   1.03394e+06
       16850.0       996950.
       16950.0   1.01267e+06
       17050.0       982109.
       17150.0       966500.
       17250.0       938754.
       17350.0       887203.
       17450.0       899036.
       17550.0       889921.
       17650.0       872331.
       17750.0       855331.
       17850.0       841092.
       17950.0       825433.
       18050.0       805501.
       18150.0       761678.
       18250.0       766565.
       18350.0       760224.
       18450.0       741038.
       18550.0       731428.
       18650.0       710727.
       18750.0       661470.
       18850.0       686830.
       18950.0       664923.
       19050.0       667158.
       19150.0       653151.
       19250.0       641584.
       19350.0       624204.
       19450.0       586632.
       19550.0       604726.
       19650.0       594616.
       19750.0       582573.
       19850.0       574577.
       19950.0       564789.
       20050.0       557033.
       20150.0       549198.
       20250.0       535344.
       20350.0       523209.
       20450.0       520357.
       20550.0       510479.
       20650.0       498647.
       20750.0       491682.
       20850.0       483649.
       20950.0       472777.
       21050.0       467760.
       21150.0       459095.
       21250.0       451130.
       21350.0       444508.
       21450.0       437581.
       21550.0       429352.
       21650.0       401926.
       21750.0       412111.
       21850.0       406927.
       21950.0       402766.
       22050.0       393000.
       22150.0       388884.
       22250.0       382421.
       22350.0       376276.
       22450.0       370166.
       22550.0       363556.
       22650.0       357702.
       22750.0       352876.
       22850.0       345912.
       22950.0       340651.
       23050.0       336751.
       23150.0       330580.
       23250.0       324264.
       23350.0       319296.
       23450.0       315996.
       23550.0       308305.
       23650.0       305542.
       23750.0       300149.
       23850.0       293180.
       23950.0       290914.
       24050.0       286220.
       24150.0       280560.
       24250.0       277040.
       24350.0       272444.
       24450.0       268474.
       24550.0       262904.
       24650.0       261321.
       24750.0       256366.
       24850.0       250841.
       24950.0       248853.
       25050.0       246612.
       25150.0       241861.
       25250.0       238809.
       25350.0       235228.
       25450.0       231627.
       25550.0       227757.
       25650.0       223786.
       25750.0       222540.
       25850.0       217010.
       25950.0       215749.
       26050.0       212680.
       26150.0       208446.
       26250.0       197462.
       26350.0       202911.
       26450.0       200055.
       26550.0       197733.
       26650.0       193589.
       26750.0       191645.
       26850.0       190444.
       26950.0       187981.
       27050.0       185450.
       27150.0       182768.
       27250.0       180273.
       27350.0       178020.
       27450.0       175720.
       27550.0       171394.
       27650.0       169704.
       27750.0       168311.
       27850.0       166221.
       27950.0       164305.
       28050.0       162025.
       28150.0       159982.
       28250.0       157756.
       28350.0       155877.
       28450.0       153345.
       28550.0       151584.
       28650.0       149017.
       28750.0       145389.
       28850.0       145506.
       28950.0       143909.
       29050.0       142063.
       29150.0       140158.
       29250.0       138105.
       29350.0       136659.
       29450.0       134629.
       29550.0       133163.
       29650.0       131559.
       29750.0       129850.
       29850.0       128229.
       29950.0       126412.
       30050.0       124855.
       30150.0       123431.
       30250.0       121731.
       30350.0       118239.
       30450.0       117915.
       30550.0       117277.
       30650.0       115731.
       30750.0       114605.
       30850.0       112925.
       30950.0       111611.
       31050.0       110448.
       31150.0       108350.
       31250.0       107654.
       31350.0       106477.
       31450.0       105180.
       31550.0       103591.
       31650.0       102599.
       31750.0       101360.
       31850.0       100226.
       31950.0       99153.5
       32100.0       97223.6
       32300.0       95080.8
       32500.0       92805.0
       32700.0       90616.3
       32900.0       87255.6
       33100.0       86300.6
       33300.0       84394.0
       33500.0       82691.0
       33700.0       80714.0
       33900.0       78807.2
       34100.0       76971.8
       34300.0       75545.3
       34500.0       73988.2
       34700.0       72311.8
       34900.0       70755.5
       35100.0       69254.2
       35300.0       67670.5
       35500.0       66300.4
       35700.0       64794.0
       35900.0       63428.1
       36100.0       62215.6
       36300.0       60914.3
       36500.0       59473.8
       36700.0       58212.0
       36900.0       56747.1
       37100.0       55581.3
       37300.0       54369.5
       37500.0       52708.8
       37700.0       52450.5
       37900.0       51368.6
       38100.0       50407.7
       38300.0       49497.4
       38500.0       48567.7
       38700.0       47506.0
       38900.0       46580.6
       39100.0       45708.6
       39300.0       44871.3
       39500.0       43879.6
       39700.0       43106.4
       39900.0       42079.0
       40100.0       41341.7
       40300.0       40665.6
       40500.0       39318.7
       40700.0       39137.9
       40900.0       38425.0
       41100.0       37755.3
       41300.0       37088.0
       41500.0       36331.1
       41700.0       35610.8
       41900.0       34996.9
       42100.0       34248.6
       42300.0       33832.9
       42500.0       33141.9
       42700.0       32604.8
       42900.0       31716.1
       43100.0       30925.6
       43300.0       30471.7
       43500.0       29559.1
       43700.0       28896.6
       43900.0       28555.7
       44100.0       27689.0
       44300.0       27366.6
       44500.0       26942.3
       44700.0       26175.7
       44900.0       25948.7
       45100.0       25480.1
       45300.0       24831.5
       45500.0       24568.2
       45700.0       24234.6
       45900.0       23618.0
       46100.0       23378.0
       46300.0       22977.9
       46500.0       22434.0
       46700.0       22204.2
       46900.0       21963.9
       47100.0       21635.1
       47300.0       21373.4
       47500.0       20990.0
       47700.0       20647.2
       47900.0       20365.1
       48100.0       19976.3
       48300.0       19766.0
       48500.0       19422.3
       48700.0       19115.4
       48900.0       18827.0
       49100.0       18542.7
       49300.0       18249.9
       49500.0       17962.8
       49700.0       17685.9
       49900.0       17435.4
       50100.0       17195.9
       50300.0       16941.8
       50500.0       16620.3
       50700.0       16401.5
       50900.0       16191.4
       51100.0       15896.1
       51300.0       15602.1
       51500.0       15441.4
       51700.0       15277.0
       51900.0       15002.9
       52100.0       14776.9
       52300.0       14553.9
       52500.0       14376.2
       52700.0       14192.7
       52900.0       13932.1
       53100.0       13765.9
       53300.0       13556.7
       53500.0       13381.8
       53700.0       13187.0
       53900.0       13008.9
       54100.0       12831.0
       54300.0       12605.9
       54500.0       12473.7
       54700.0       12285.0
       54900.0       12114.8
       55100.0       11969.5
       55300.0       11824.0
       55500.0       11623.8
       55700.0       11506.4
       55900.0       11307.7
       56100.0       11172.2
       56300.0       11013.6
       56500.0       10895.1
       56700.0       10750.5
       56900.0       10582.0
       57100.0       10464.2
       57300.0       10323.1
       57500.0       10184.3
       57700.0       10048.6
       57900.0       9919.21
       58100.0       9785.41
       58300.0       9662.08
       58500.0       9542.74
       58700.0       9402.38
       58900.0       9265.55
       59100.0       9114.29
       59300.0       9053.34
       59500.0       8919.37
       59700.0       8825.46
       59900.0       8712.34
       60100.0       8597.71
       60300.0       8493.22
       60500.0       8384.05
       60700.0       8272.96
       60900.0       8166.70
       61100.0       8051.97
       61300.0       7967.33
       61500.0       7871.27
       61700.0       7772.63
       61900.0       7678.43
       62100.0       7583.43
       62300.0       7471.83
       62500.0       7387.92
       62700.0       7297.74
       62900.0       7213.89
       63100.0       7115.24
       63300.0       7042.24
       63500.0       6952.64
       63700.0       6868.85
       63900.0       6783.94
       64200.0       6664.01
       64600.0       6500.22
       65000.0       6344.05
       65400.0       6199.30
       65800.0       6055.34
       66200.0       5911.55
       66600.0       5776.29
       67000.0       5640.97
       67400.0       5509.36
       67800.0       5385.70
       68200.0       5262.86
       68600.0       5144.18
       69000.0       5028.29
       69400.0       4914.42
       69800.0       4807.60
       70200.0       4696.94
       70600.0       4596.93
       71000.0       4496.85
       71400.0       4398.87
       71800.0       4303.37
       72200.0       4210.14
       72600.0       4119.35
       73000.0       4033.33
       73400.0       3945.78
       73800.0       3864.32
       74200.0       3780.96
       74600.0       3684.81
       75000.0       3614.40
       75400.0       3549.78
       75800.0       3479.37
       76200.0       3407.71
       76600.0       3338.89
       77000.0       3269.97
       77400.0       3205.39
       77800.0       3141.27
       78200.0       3078.60
       78600.0       3017.58
       79000.0       2957.95
       79400.0       2899.65
       79800.0       2843.27
       80200.0       2786.92
       80600.0       2732.65
       81000.0       2681.15
       81400.0       2628.15
       81800.0       2578.75
       82200.0       2530.52
       82600.0       2482.27
       83000.0       2435.87
       83400.0       2388.95
       83800.0       2345.00
       84200.0       2302.16
       84600.0       2259.60
       85000.0       2218.15
       85400.0       2177.37
       85800.0       2137.88
       86200.0       2098.82
       86600.0       2061.24
       87000.0       2024.31
       87400.0       1987.97
       87800.0       1952.55
       88200.0       1917.15
       88600.0       1883.52
       89000.0       1850.07
       89400.0       1818.28
       89800.0       1785.72
       90200.0       1755.43
       90600.0       1725.69
       91000.0       1694.90
       91400.0       1666.21
       91800.0       1638.31
       92200.0       1610.70
       92600.0       1583.37
       93000.0       1556.84
       93400.0       1530.53
       93800.0       1505.09
       94200.0       1480.02
       94600.0       1455.45
       95000.0       1431.45
       95400.0       1407.72
       95800.0       1385.03
       96200.0       1362.13
       96600.0       1340.34
       97000.0       1318.70
       97400.0       1296.53
       97800.0       1276.26
       98200.0       1256.08
       98600.0       1236.26
       99000.0       1216.75
       99400.0       1197.26
       99800.0       1178.53
       100200.       1160.09
       200000.       74.9081
       400000.       4.69453
       600000.      0.922257
       800000.      0.290018
   1.00000e+06      0.118109
   1.20000e+06     0.0566613
   1.40000e+06     0.0304402
   1.60000e+06     0.0177681
