       90.9000       0.00000
       93.5000       0.00000
       96.1000       0.00000
       97.7000       0.00000
       99.6000       0.00000
       102.000       0.00000
       103.800       0.00000
       105.600       0.00000
       107.700       0.00000
       110.400       0.00000
       114.000       0.00000
       117.800       0.00000
       121.300       0.00000
       124.800       0.00000
       127.100       0.00000
       128.400       0.00000
       130.500       0.00000
       132.400       0.00000
       133.900       0.00000
       136.600       0.00000
       139.800       0.00000
       143.300       0.00000
       147.200       0.00000
       151.000       0.00000
       155.200       0.00000
       158.800       0.00000
       162.000       0.00000
       166.000       0.00000
       170.300       0.00000
       173.400       0.00000
       176.800       0.00000
       180.200       0.00000
       181.700       0.00000
       186.100       0.00000
       191.000       0.00000
       193.900       0.00000
       198.400       0.00000
       201.800       0.00000
       205.000       0.00000
       210.500       0.00000
       216.200       0.00000
       219.800       0.00000
       223.000       0.00000
       226.800       0.00000
       230.000       0.00000
       234.000       0.00000
       240.000       0.00000
       246.500       0.00000
       252.400       0.00000
       256.800       0.00000
       260.000       0.00000
       264.000       0.00000
       268.500       0.00000
       273.500       0.00000
       278.500       0.00000
       284.000       0.00000
       290.000       0.00000
       296.000       0.00000
       301.000       0.00000
       308.000       0.00000
       318.000       0.00000
       328.000       0.00000
       338.000       0.00000
       348.000       0.00000
       357.000       0.00000
       366.000       0.00000
       375.000       0.00000
       385.000       0.00000
       395.000       0.00000
       405.000       0.00000
       414.000       0.00000
       422.000       0.00000
       430.000       0.00000
       441.000       0.00000
       451.000       0.00000
       460.000       0.00000
       470.000       0.00000
       480.000       0.00000
       490.000       0.00000
       500.000       0.00000
       506.000       0.00000
       512.000       0.00000
       520.000       0.00000
       530.000       0.00000
       540.000       0.00000
       550.000       0.00000
       560.000       0.00000
       570.000       0.00000
       580.000       0.00000
       590.000       0.00000
       600.000       0.00000
       610.000       0.00000
       620.000       0.00000
       630.000       0.00000
       640.000       0.00000
       650.000       0.00000
       658.000       0.00000
       665.000       0.00000
       675.000       0.00000
       685.000       0.00000
       695.000       0.00000
       705.000       0.00000
       716.000       0.00000
       726.000       0.00000
       735.000       0.00000
       745.000       0.00000
       755.000       0.00000
       765.000       0.00000
       775.000       0.00000
       785.000       0.00000
       795.000       0.00000
       805.000       0.00000
       815.000       0.00000
       825.000       0.00000
       835.000       0.00000
       845.000       0.00000
       855.000       0.00000
       865.000       0.00000
       875.000       0.00000
       885.000       0.00000
       895.000       0.00000
       905.000       0.00000
       915.000       0.00000
       925.000   0.000890019
       935.000    0.00122643
       945.000    0.00171945
       955.000    0.00245864
       965.000    0.00337640
       975.000    0.00450511
       985.000    0.00610045
       995.000    0.00801122
       1005.00     0.0111808
       1015.00     0.0148140
       1025.00     0.0177413
       1035.00     0.0252578
       1045.00     0.0330932
       1055.00     0.0428305
       1065.00     0.0541932
       1075.00     0.0699068
       1085.00     0.0891468
       1095.00      0.111405
       1105.00      0.564745
       1115.00       1.13553
       1125.00       1.60459
       1135.00       2.05402
       1145.00       2.67281
       1155.00       2.90930
       1165.00       3.97736
       1175.00       4.65270
       1185.00       4.61501
       1195.00       2.76317
       1205.00       2.82854
       1215.00       1.09592
       1225.00       3.74741
       1235.00       8.64450
       1245.00       22.6725
       1255.00       41.7961
       1265.00       45.0177
       1275.00       83.7295
       1285.00       137.327
       1295.00       187.531
       1305.00       134.216
       1315.00       277.380
       1325.00       353.743
       1335.00       408.728
       1345.00       570.273
       1355.00       605.182
       1365.00       697.464
       1375.00       776.446
       1385.00       867.498
       1395.00       1053.26
       1405.00       1212.81
       1415.00       1262.75
       1425.00       1473.06
       1435.00       1520.86
       1442.00       1883.32
       1447.00       2136.62
       1455.00       2392.75
       1465.00       2419.18
       1475.00       2724.67
       1485.00       3150.20
       1495.00       3845.14
       1505.00       4392.65
       1512.00       4371.84
       1517.00       4643.79
       1525.00       6806.86
       1535.00       7814.97
       1545.00       11125.3
       1555.00       11346.7
       1565.00       9990.98
       1575.00       15882.5
       1585.00       18558.9
       1595.00       25098.8
       1605.00       22887.3
       1615.00       21440.6
       1625.00       19752.3
       1635.00       23901.3
       1645.00       30594.8
       1655.00       18577.8
       1665.00       32132.3
       1672.00       15452.8
       1677.00       121075.
       1685.00       165342.
       1695.00       148908.
       1705.00       120967.
       1715.00       231759.
       1725.00       311969.
       1735.00       442544.
       1745.00       334403.
       1755.00       536262.
       1765.00       410951.
       1775.00       579787.
       1785.00       460759.
       1795.00       869841.
       1805.00   1.06294e+06
       1815.00   1.35643e+06
       1825.00   1.10473e+06
       1835.00       958087.
       1845.00       932490.
       1855.00   1.24207e+06
       1865.00   1.54040e+06
       1875.00   1.31966e+06
       1885.00   1.44904e+06
       1895.00   1.75859e+06
       1905.00   1.58269e+06
       1915.00   1.59661e+06
       1925.00   1.36119e+06
       1935.00       658856.
       1945.00   1.90764e+06
       1955.00   2.00241e+06
       1967.00   2.36598e+06
       1976.00   2.23159e+06
       1984.00   2.39518e+06
       1995.00   2.35625e+06
       2005.00   2.07182e+06
       2015.00   1.80607e+06
       2025.00   1.69742e+06
       2035.00   2.23752e+06
       2045.00   2.57575e+06
       2055.00   2.13084e+06
       2065.00   1.95255e+06
       2074.00   2.81995e+06
       2078.00   3.50122e+06
       2085.00   3.44915e+06
       2095.00   3.15640e+06
       2105.00   2.83843e+06
       2115.00   2.97697e+06
       2125.00   2.86501e+06
       2135.00   2.18911e+06
       2145.00   2.85334e+06
       2155.00   3.03865e+06
       2165.00   2.40446e+06
       2175.00   2.59830e+06
       2185.00   2.86977e+06
       2195.00   3.37867e+06
       2205.00   2.93549e+06
       2215.00   2.13235e+06
       2225.00   2.07594e+06
       2235.00   3.19486e+06
       2245.00   2.86814e+06
       2255.00   1.93721e+06
       2265.00   1.88805e+06
       2275.00   2.52696e+06
       2285.00   2.91869e+06
       2295.00   2.64719e+06
       2305.00   2.88251e+06
       2315.00   2.37248e+06
       2325.00       867321.
       2335.00   1.01738e+06
       2345.00       733384.
       2355.00   1.62531e+06
       2365.00       718137.
       2375.00   1.10201e+06
       2385.00       528839.
       2395.00       744000.
       2405.00       706171.
       2415.00   1.19765e+06
       2425.00   2.61851e+06
       2435.00   2.55054e+06
       2445.00   2.93027e+06
       2455.00   3.01258e+06
       2465.00   2.69536e+06
       2475.00   2.47030e+06
       2485.00   2.38079e+06
       2495.00   2.37536e+06
       2505.00   3.52444e+06
       2513.00   1.98555e+06
       2518.00   1.95723e+06
       2525.00   1.71837e+06
       2535.00   1.94842e+06
       2545.00   2.08542e+06
       2555.00   2.82685e+06
       2565.00   2.06287e+06
       2575.00   2.49085e+06
       2585.00   2.00362e+06
       2595.00   1.63447e+06
       2605.00   1.29868e+06
       2615.00   1.20557e+06
       2625.00   1.72695e+06
       2635.00   2.87332e+06
       2645.00   4.91837e+06
       2655.00   5.43422e+06
       2665.00   3.90059e+06
       2675.00   4.55580e+06
       2685.00   4.53541e+06
       2695.00   4.09391e+06
       2705.00   4.64571e+06
       2715.00   3.54144e+06
       2725.00   3.54873e+06
       2735.00   3.74574e+06
       2745.00   1.63821e+06
       2755.00   2.21292e+06
       2765.00   2.93363e+06
       2775.00   3.58134e+06
       2785.00   2.37354e+06
       2795.00       801779.
       2805.00   1.03998e+06
       2815.00   3.20711e+06
       2825.00   4.85793e+06
       2835.00   4.81950e+06
       2845.00   4.76055e+06
       2855.00   4.11920e+06
       2865.00   5.47639e+06
       2875.00   5.43381e+06
       2885.00   5.47994e+06
       2895.00   5.28617e+06
       2910.00   6.59938e+06
       2930.00   6.04048e+06
       2950.00   5.82466e+06
       2970.00   6.54043e+06
       2990.00   6.67994e+06
       3010.00   7.22974e+06
       3030.00   7.13502e+06
       3050.00   7.26692e+06
       3070.00   7.30685e+06
       3090.00   7.82453e+06
       3110.00   7.49363e+06
       3130.00   7.40971e+06
       3150.00   7.83797e+06
       3170.00   7.73263e+06
       3190.00   6.99625e+06
       3210.00   7.66396e+06
       3230.00   6.97064e+06
       3250.00   7.79640e+06
       3270.00   8.22769e+06
       3290.00   8.21219e+06
       3310.00   8.60702e+06
       3330.00   8.37756e+06
       3350.00   8.31140e+06
       3370.00   8.07405e+06
       3390.00   8.34523e+06
       3410.00   8.54310e+06
       3430.00   8.72652e+06
       3450.00   8.75129e+06
       3470.00   8.59219e+06
       3490.00   8.55678e+06
       3510.00   8.99926e+06
       3530.00   8.93929e+06
       3550.00   9.55868e+06
       3570.00   8.83114e+06
       3590.00   8.84146e+06
       3610.00   8.99527e+06
       3630.00   9.18461e+06
       3640.00   9.02304e+06
       3650.00   9.47475e+06
       3670.00   9.36924e+06
       3690.00   1.20356e+07
       3710.00   1.67918e+07
       3730.00   1.73420e+07
       3750.00   2.19303e+07
       3770.00   2.35004e+07
       3790.00   2.84513e+07
       3810.00   3.29261e+07
       3830.00   2.61831e+07
       3850.00   3.44516e+07
       3870.00   3.76582e+07
       3890.00   2.48819e+07
       3910.00   3.38681e+07
       3930.00   1.68150e+07
       3950.00   2.84289e+07
       3970.00   1.56229e+07
       3990.00   3.45184e+07
       4010.00   3.72394e+07
       4030.00   3.69704e+07
       4050.00   3.62732e+07
       4070.00   3.56605e+07
       4090.00   3.37362e+07
       4110.00   2.74272e+07
       4130.00   3.52349e+07
       4150.00   3.68823e+07
       4170.00   3.56801e+07
       4190.00   3.57351e+07
       4210.00   3.53560e+07
       4230.00   3.44392e+07
       4250.00   3.49898e+07
       4270.00   3.36421e+07
       4290.00   3.40435e+07
       4310.00   3.17104e+07
       4330.00   2.93746e+07
       4350.00   2.55534e+07
       4370.00   3.37850e+07
       4390.00   3.30165e+07
       4410.00   3.22683e+07
       4430.00   3.18778e+07
       4450.00   3.21683e+07
       4470.00   3.23167e+07
       4490.00   3.20313e+07
       4510.00   3.35185e+07
       4530.00   3.13194e+07
       4550.00   3.09773e+07
       4570.00   3.25828e+07
       4590.00   3.06347e+07
       4610.00   3.18000e+07
       4630.00   3.06542e+07
       4650.00   3.10810e+07
       4670.00   3.11194e+07
       4690.00   2.99931e+07
       4710.00   2.89662e+07
       4730.00   3.01749e+07
       4750.00   3.03705e+07
       4770.00   2.96610e+07
       4790.00   2.95764e+07
       4810.00   2.91340e+07
       4830.00   2.87398e+07
       4850.00   2.47539e+07
       4870.00   2.02257e+07
       4890.00   2.72479e+07
       4910.00   2.74858e+07
       4930.00   2.67223e+07
       4950.00   2.75216e+07
       4970.00   2.76681e+07
       4990.00   2.59595e+07
       5010.00   2.47560e+07
       5030.00   2.58461e+07
       5050.00   2.55398e+07
       5070.00   2.61331e+07
       5090.00   2.55966e+07
       5110.00   2.55510e+07
       5130.00   2.46865e+07
       5150.00   2.41471e+07
       5170.00   2.38338e+07
       5190.00   2.36211e+07
       5210.00   2.35941e+07
       5230.00   2.36027e+07
       5250.00   2.38264e+07
       5270.00   2.21620e+07
       5290.00   2.34177e+07
       5310.00   2.29918e+07
       5330.00   2.23090e+07
       5350.00   2.30020e+07
       5370.00   2.28153e+07
       5390.00   2.24427e+07
       5410.00   2.19218e+07
       5430.00   2.20417e+07
       5450.00   2.23952e+07
       5470.00   2.19295e+07
       5490.00   2.19775e+07
       5510.00   2.16011e+07
       5530.00   2.15178e+07
       5550.00   2.15147e+07
       5570.00   2.11334e+07
       5590.00   2.10066e+07
       5610.00   2.10258e+07
       5630.00   2.09468e+07
       5650.00   2.06643e+07
       5670.00   2.02469e+07
       5690.00   2.04306e+07
       5710.00   2.01941e+07
       5730.00   2.04883e+07
       5750.00   2.00851e+07
       5770.00   2.00377e+07
       5790.00   1.97388e+07
       5810.00   1.96568e+07
       5830.00   1.95908e+07
       5850.00   1.93547e+07
       5870.00   1.92537e+07
       5890.00   1.87626e+07
       5910.00   1.89206e+07
       5930.00   1.87589e+07
       5950.00   1.86373e+07
       5970.00   1.85411e+07
       5990.00   1.82621e+07
       6010.00   1.79656e+07
       6030.00   1.80010e+07
       6050.00   1.79141e+07
       6070.00   1.78913e+07
       6090.00   1.75800e+07
       6110.00   1.73258e+07
       6130.00   1.69894e+07
       6150.00   1.67007e+07
       6170.00   1.67470e+07
       6190.00   1.69546e+07
       6210.00   1.68602e+07
       6230.00   1.65056e+07
       6250.00   1.58736e+07
       6270.00   1.64864e+07
       6290.00   1.63836e+07
       6310.00   1.59440e+07
       6330.00   1.59873e+07
       6350.00   1.58288e+07
       6370.00   1.57203e+07
       6390.00   1.56571e+07
       6410.00   1.53312e+07
       6430.00   1.53654e+07
       6450.00   1.51054e+07
       6470.00   1.52165e+07
       6490.00   1.48107e+07
       6510.00   1.48790e+07
       6530.00   1.47862e+07
       6550.00   1.35966e+07
       6561.25   1.09184e+07
       6590.00   1.41781e+07
       6610.00   1.43882e+07
       6630.00   1.43992e+07
       6650.00   1.42889e+07
       6670.00   1.41423e+07
       6690.00   1.41303e+07
       6710.00   1.39809e+07
       6730.00   1.39063e+07
       6750.00   1.37256e+07
       6770.00   1.37539e+07
       6790.00   1.36068e+07
       6810.00   1.35311e+07
       6830.00   1.33817e+07
       6850.00   1.32635e+07
       6870.00   1.32495e+07
       6890.00   1.31719e+07
       6910.00   1.30595e+07
       6930.00   1.29583e+07
       6950.00   1.28737e+07
       6970.00   1.27604e+07
       6990.00   1.27067e+07
       7010.00   1.24388e+07
       7030.00   1.24573e+07
       7050.00   1.24110e+07
       7070.00   1.23349e+07
       7090.00   1.22481e+07
       7110.00   1.18708e+07
       7130.00   1.19495e+07
       7150.00   1.19233e+07
       7170.00   1.18261e+07
       7190.00   1.16715e+07
       7210.00   1.16489e+07
       7230.00   1.15413e+07
       7250.00   1.14899e+07
       7270.00   1.14709e+07
       7290.00   1.12670e+07
       7310.00   1.12076e+07
       7330.00   1.11886e+07
       7350.00   1.11340e+07
       7370.00   1.11132e+07
       7390.00   1.09304e+07
       7410.00   1.07555e+07
       7430.00   1.06929e+07
       7450.00   1.06695e+07
       7470.00   1.05672e+07
       7490.00   1.05276e+07
       7510.00   1.04950e+07
       7530.00   1.04606e+07
       7550.00   1.04733e+07
       7570.00   1.03484e+07
       7590.00   1.02926e+07
       7610.00   1.02314e+07
       7630.00   1.01714e+07
       7650.00   1.00603e+07
       7670.00   9.90417e+06
       7690.00   9.92916e+06
       7710.00   9.80927e+06
       7730.00   9.81595e+06
       7750.00   9.72082e+06
       7770.00   9.49300e+06
       7790.00   9.66471e+06
       7810.00   9.58006e+06
       7830.00   9.44516e+06
       7850.00   9.33168e+06
       7870.00   9.34513e+06
       7890.00   9.24880e+06
       7910.00   9.17138e+06
       7930.00   9.11080e+06
       7950.00   9.03104e+06
       7970.00   9.10498e+06
       7990.00   8.94733e+06
       8010.00   8.93500e+06
       8030.00   8.85725e+06
       8050.00   8.82318e+06
       8070.00   8.76850e+06
       8090.00   8.69297e+06
       8110.00   8.69654e+06
       8130.00   8.65552e+06
       8150.00   8.59267e+06
       8170.00   8.53767e+06
       8190.00   8.30450e+06
       8210.00   8.30601e+06
       8230.00   8.25957e+06
       8250.00   8.20906e+06
       8270.00   8.22063e+06
       8290.00   8.05438e+06
       8310.00   7.87600e+06
       8330.00   7.67915e+06
       8350.00   7.81261e+06
       8370.00   7.58226e+06
       8390.00   7.67674e+06
       8410.00   7.71751e+06
       8430.00   7.97568e+06
       8450.00   7.84880e+06
       8470.00   7.48253e+06
       8490.00   8.33792e+06
       8510.00   7.21676e+06
       8530.00   8.50015e+06
       8550.00   6.85667e+06
       8570.00   8.59692e+06
       8590.00   7.86820e+06
       8610.00   7.56844e+06
       8630.00   8.50410e+06
       8650.00   8.26091e+06
       8670.00   6.58248e+06
       8690.00   8.04684e+06
       8710.00   8.34612e+06
       8730.00   8.16012e+06
       8750.00   6.79874e+06
       8770.00   7.96732e+06
       8790.00   8.19879e+06
       8810.00   8.11792e+06
       8830.00   7.89758e+06
       8850.00   7.53918e+06
       8870.00   6.58682e+06
       8890.00   7.81803e+06
       8910.00   7.87931e+06
       8930.00   7.80059e+06
       8950.00   7.82738e+06
       8970.00   7.74756e+06
       8990.00   7.61431e+06
       9010.00   6.46400e+06
       9030.00   7.06373e+06
       9050.00   7.56014e+06
       9070.00   7.33678e+06
       9090.00   7.20149e+06
       9110.00   7.36147e+06
       9130.00   7.40247e+06
       9150.00   7.40884e+06
       9170.00   7.31518e+06
       9190.00   7.21825e+06
       9210.00   6.95954e+06
       9230.00   5.81151e+06
       9250.00   6.73348e+06
       9270.00   6.87631e+06
       9290.00   7.06456e+06
       9310.00   7.05076e+06
       9330.00   6.98421e+06
       9350.00   6.96082e+06
       9370.00   6.93672e+06
       9390.00   6.83542e+06
       9410.00   6.56218e+06
       9430.00   6.72502e+06
       9450.00   6.68773e+06
       9470.00   6.70068e+06
       9490.00   6.67623e+06
       9510.00   6.58153e+06
       9530.00   6.34570e+06
       9550.00   5.36041e+06
       9570.00   6.31045e+06
       9590.00   6.44146e+06
       9610.00   6.36083e+06
       9630.00   6.24425e+06
       9650.00   6.30699e+06
       9670.00   6.20116e+06
       9690.00   6.18883e+06
       9710.00   6.25886e+06
       9730.00   6.20729e+06
       9750.00   6.10417e+06
       9770.00   6.13999e+06
       9790.00   6.10156e+06
       9810.00   6.06183e+06
       9830.00   6.02432e+06
       9850.00   5.92766e+06
       9870.00   5.90598e+06
       9890.00   5.85555e+06
       9910.00   5.83232e+06
       9930.00   5.82719e+06
       9950.00   5.79085e+06
       9970.00   5.78659e+06
       9990.00   5.74117e+06
       10025.0   5.46987e+06
       10075.0   5.23088e+06
       10125.0   5.45276e+06
       10175.0   5.41931e+06
       10225.0   5.37004e+06
       10275.0   5.31470e+06
       10325.0   5.19726e+06
       10375.0   5.14134e+06
       10425.0   5.07204e+06
       10475.0   4.92863e+06
       10525.0   4.88497e+06
       10575.0   4.84259e+06
       10625.0   4.77543e+06
       10675.0   4.62237e+06
       10725.0   4.61376e+06
       10775.0   4.55546e+06
       10825.0   4.49451e+06
       10875.0   4.42779e+06
       10925.0   4.01080e+06
       10975.0   4.23237e+06
       11025.0   4.30007e+06
       11075.0   4.25027e+06
       11125.0   4.17167e+06
       11175.0   4.11964e+06
       11225.0   4.07973e+06
       11275.0   3.93220e+06
       11325.0   3.88874e+06
       11375.0   3.89045e+06
       11425.0   3.80105e+06
       11475.0   3.81921e+06
       11525.0   3.77282e+06
       11575.0   3.71021e+06
       11625.0   3.60476e+06
       11675.0   3.53996e+06
       11725.0   3.57752e+06
       11775.0   3.45292e+06
       11825.0   3.44264e+06
       11875.0   3.36802e+06
       11925.0   3.40739e+06
       11975.0   3.30649e+06
       12025.0   3.29989e+06
       12075.0   3.24446e+06
       12125.0   3.21135e+06
       12175.0   3.18477e+06
       12225.0   3.13634e+06
       12275.0   3.09734e+06
       12325.0   3.05862e+06
       12375.0   3.02559e+06
       12425.0   2.99860e+06
       12475.0   2.95186e+06
       12525.0   2.91033e+06
       12575.0   2.85483e+06
       12625.0   2.83723e+06
       12675.0   2.81301e+06
       12725.0   2.78583e+06
       12775.0   2.72990e+06
       12825.0   2.45282e+06
       12875.0   2.66652e+06
       12925.0   2.64390e+06
       12975.0   2.61663e+06
       13025.0   2.58747e+06
       13075.0   2.56177e+06
       13125.0   2.52392e+06
       13175.0   2.48158e+06
       13225.0   2.46866e+06
       13275.0   2.43706e+06
       13325.0   2.41138e+06
       13375.0   2.38096e+06
       13425.0   2.35406e+06
       13475.0   2.32604e+06
       13525.0   2.29096e+06
       13575.0   2.25735e+06
       13625.0   2.24426e+06
       13675.0   2.21257e+06
       13725.0   2.16008e+06
       13775.0   2.15694e+06
       13825.0   2.13545e+06
       13875.0   2.12263e+06
       13925.0   2.08371e+06
       13975.0   2.06767e+06
       14025.0   2.04319e+06
       14075.0   2.02622e+06
       14125.0   1.99491e+06
       14175.0   1.97711e+06
       14225.0   1.94834e+06
       14275.0   1.92437e+06
       14325.0   1.90930e+06
       14375.0   1.89440e+06
       14425.0   1.82299e+06
       14475.0   1.84584e+06
       14525.0   1.79869e+06
       14570.0   1.80517e+06
       14620.0   1.78139e+06
       14675.0   1.76753e+06
       14725.0   1.73835e+06
       14775.0   1.70873e+06
       14825.0   1.69011e+06
       14875.0   1.65508e+06
       14925.0   1.64805e+06
       14975.0   1.62265e+06
       15025.0   1.58313e+06
       15075.0   1.56868e+06
       15125.0   1.56477e+06
       15175.0   1.55811e+06
       15225.0   1.57710e+06
       15275.0   1.50638e+06
       15325.0   1.50697e+06
       15375.0   1.54048e+06
       15425.0   1.45164e+06
       15475.0   1.51554e+06
       15525.0   1.51292e+06
       15575.0   1.39721e+06
       15625.0   1.51216e+06
       15675.0   1.44456e+06
       15725.0   1.36560e+06
       15775.0   1.44972e+06
       15825.0   1.44336e+06
       15875.0   1.28539e+06
       15925.0   1.39848e+06
       15975.0   1.40993e+06
       16050.0   1.36893e+06
       16150.0   1.28720e+06
       16250.0   1.33314e+06
       16350.0   1.28345e+06
       16450.0   1.20468e+06
       16550.0   1.24797e+06
       16650.0   1.22354e+06
       16750.0   1.17976e+06
       16850.0   1.10863e+06
       16950.0   1.14840e+06
       17050.0   1.11641e+06
       17150.0   1.10108e+06
       17250.0   1.06746e+06
       17350.0       984307.
       17450.0   1.01776e+06
       17550.0   1.00510e+06
       17650.0       983080.
       17750.0       966857.
       17850.0       946052.
       17950.0       933517.
       18050.0       907904.
       18150.0       846579.
       18250.0       867878.
       18350.0       860336.
       18450.0       842580.
       18550.0       824104.
       18650.0       808629.
       18750.0       745215.
       18850.0       775530.
       18950.0       756666.
       19050.0       752739.
       19150.0       737522.
       19250.0       723160.
       19350.0       707605.
       19450.0       656401.
       19550.0       682457.
       19650.0       671070.
       19750.0       656719.
       19850.0       646907.
       19950.0       635459.
       20050.0       624525.
       20150.0       614009.
       20250.0       601528.
       20350.0       589673.
       20450.0       581650.
       20550.0       570962.
       20650.0       559412.
       20750.0       549955.
       20850.0       540802.
       20950.0       530904.
       21050.0       521978.
       21150.0       511310.
       21250.0       502897.
       21350.0       494164.
       21450.0       487692.
       21550.0       478885.
       21650.0       445569.
       21750.0       461016.
       21850.0       454754.
       21950.0       448470.
       22050.0       439227.
       22150.0       431700.
       22250.0       426359.
       22350.0       419295.
       22450.0       412465.
       22550.0       403570.
       22650.0       398487.
       22750.0       392444.
       22850.0       387848.
       22950.0       386399.
       23050.0       379012.
       23150.0       370465.
       23250.0       363320.
       23350.0       355813.
       23450.0       349353.
       23550.0       343152.
       23650.0       337380.
       23750.0       332468.
       23850.0       326944.
       23950.0       321993.
       24050.0       316051.
       24150.0       310493.
       24250.0       311493.
       24350.0       301392.
       24450.0       296871.
       24550.0       297214.
       24650.0       290108.
       24750.0       285892.
       24850.0       286500.
       24950.0       270597.
       25050.0       280214.
       25150.0       275084.
       25250.0       259017.
       25350.0       266586.
       25450.0       263745.
       25550.0       258378.
       25650.0       242905.
       25750.0       251522.
       25850.0       247838.
       25950.0       245445.
       26050.0       240138.
       26150.0       226521.
       26250.0       221349.
       26350.0       230415.
       26450.0       228175.
       26550.0       224696.
       26650.0       220483.
       26750.0       207850.
       26850.0       215214.
       26950.0       213122.
       27050.0       209891.
       27150.0       207290.
       27250.0       204432.
       27350.0       201610.
       27450.0       198864.
       27550.0       187297.
       27650.0       190996.
       27750.0       190879.
       27850.0       188379.
       27950.0       185973.
       28050.0       183452.
       28150.0       180977.
       28250.0       178574.
       28350.0       176309.
       28450.0       173550.
       28550.0       171643.
       28650.0       168326.
       28750.0       159044.
       28850.0       164656.
       28950.0       162635.
       29050.0       160785.
       29150.0       158256.
       29250.0       156520.
       29350.0       154655.
       29450.0       152612.
       29550.0       150744.
       29650.0       148850.
       29750.0       146940.
       29850.0       145116.
       29950.0       143170.
       30050.0       141397.
       30150.0       139561.
       30250.0       137882.
       30350.0       131171.
       30450.0       132424.
       30550.0       132810.
       30650.0       131155.
       30750.0       129642.
       30850.0       127722.
       30950.0       126312.
       31050.0       124765.
       31150.0       122847.
       31250.0       121676.
       31350.0       120265.
       31450.0       118801.
       31550.0       117496.
       31650.0       116240.
       31750.0       114645.
       31850.0       113496.
       31950.0       112137.
       32100.0       110115.
       32300.0       107622.
       32500.0       105110.
       32700.0       102630.
       32900.0       97456.9
       33100.0       98074.2
       33300.0       95996.0
       33500.0       93762.2
       33700.0       91272.6
       33900.0       89084.2
       34100.0       87012.1
       34300.0       85190.2
       34500.0       83455.2
       34700.0       81616.7
       34900.0       79821.0
       35100.0       78195.4
       35300.0       76510.7
       35500.0       74703.4
       35700.0       72958.3
       35900.0       72238.3
       36100.0       69815.4
       36300.0       69374.2
       36500.0       66817.5
       36700.0       66522.0
       36900.0       63772.0
       37100.0       63655.6
       37300.0       61778.0
       37500.0       59149.0
       37700.0       59909.4
       37900.0       58772.6
       38100.0       56794.7
       38300.0       56049.0
       38500.0       55427.5
       38700.0       54219.7
       38900.0       53133.3
       39100.0       50994.3
       39300.0       51213.2
       39500.0       50208.2
       39700.0       49275.7
       39900.0       48167.7
       40100.0       46929.4
       40300.0       45713.1
       40500.0       44514.0
       40700.0       44741.7
       40900.0       43859.3
       41100.0       43152.5
       41300.0       42349.0
       41500.0       41513.1
       41700.0       39802.9
       41900.0       39990.4
       42100.0       39230.8
       42300.0       38639.7
       42500.0       37922.3
       42700.0       37262.1
       42900.0       36600.2
       43100.0       35945.0
       43300.0       35292.2
       43500.0       34679.7
       43700.0       33299.7
       43900.0       33389.9
       44100.0       32857.2
       44300.0       32319.3
       44500.0       31755.5
       44700.0       31336.2
       44900.0       30790.5
       45100.0       30284.6
       45300.0       29766.3
       45500.0       29266.8
       45700.0       28755.0
       45900.0       28272.5
       46100.0       27822.1
       46300.0       27355.6
       46500.0       26383.8
       46700.0       25792.0
       46900.0       25995.6
       47100.0       25600.4
       47300.0       25192.4
       47500.0       24761.9
       47700.0       24369.3
       47900.0       23993.8
       48100.0       23605.8
       48300.0       23229.8
       48500.0       22860.9
       48700.0       22500.4
       48900.0       22145.0
       49100.0       21785.2
       49300.0       21455.4
       49500.0       21119.4
       49700.0       20792.6
       49900.0       20467.4
       50100.0       20155.7
       50300.0       19843.9
       50500.0       19545.2
       50700.0       19252.1
       50900.0       18955.7
       51100.0       18656.1
       51300.0       17966.9
       51500.0       18110.3
       51700.0       17845.0
       51900.0       17581.9
       52100.0       17315.3
       52300.0       17060.6
       52500.0       16813.3
       52700.0       16566.5
       52900.0       16325.7
       53100.0       16086.7
       53300.0       15854.9
       53500.0       15624.7
       53700.0       15392.2
       53900.0       15177.1
       54100.0       14963.4
       54300.0       14743.5
       54500.0       14536.5
       54700.0       14318.3
       54900.0       14130.5
       55100.0       13935.0
       55300.0       13735.8
       55500.0       13545.3
       55700.0       13352.3
       55900.0       13153.2
       56100.0       12987.8
       56300.0       12811.3
       56500.0       12638.1
       56700.0       12463.6
       56900.0       12295.8
       57100.0       12130.1
       57300.0       11965.3
       57500.0       11804.7
       57700.0       11644.9
       57900.0       11484.8
       58100.0       11336.7
       58300.0       11187.0
       58500.0       11056.7
       58700.0       10907.1
       58900.0       10745.3
       59100.0       10399.4
       59300.0       10481.1
       59500.0       10326.3
       59700.0       10214.8
       59900.0       10080.2
       60100.0       9948.49
       60300.0       9824.90
       60500.0       9698.81
       60700.0       9572.63
       60900.0       9448.00
       61100.0       9320.25
       61300.0       9213.11
       61500.0       9096.81
       61700.0       8983.01
       61900.0       8868.13
       62100.0       8759.42
       62300.0       8642.12
       62500.0       8540.70
       62700.0       8432.35
       62900.0       8332.06
       63100.0       8223.22
       63300.0       8125.64
       63500.0       8026.51
       63700.0       7930.51
       63900.0       7832.14
       64200.0       7692.39
       64600.0       7506.70
       65000.0       7326.76
       65400.0       7155.41
       65800.0       6985.93
       66200.0       6821.47
       66600.0       6663.42
       67000.0       6509.24
       67400.0       6358.73
       67800.0       6213.93
       68200.0       6072.57
       68600.0       5934.88
       69000.0       5797.90
       69400.0       5668.45
       69800.0       5543.35
       70200.0       5420.73
       70600.0       5301.21
       71000.0       5188.06
       71400.0       5073.56
       71800.0       4963.55
       72200.0       4852.19
       72600.0       4751.91
       73000.0       4652.54
       73400.0       4553.02
       73800.0       4457.80
       74200.0       4363.48
       74600.0       4259.54
       75000.0       4144.70
       75400.0       4097.86
       75800.0       4013.68
       76200.0       3932.66
       76600.0       3852.85
       77000.0       3774.93
       77400.0       3699.48
       77800.0       3625.56
       78200.0       3553.51
       78600.0       3483.04
       79000.0       3414.42
       79400.0       3347.24
       79800.0       3281.82
       80200.0       3217.65
       80600.0       3155.46
       81000.0       3095.21
       81400.0       3035.24
       81800.0       2977.53
       82200.0       2921.53
       82600.0       2866.24
       83000.0       2812.22
       83400.0       2758.01
       83800.0       2706.15
       84200.0       2656.85
       84600.0       2608.89
       85000.0       2561.30
       85400.0       2514.06
       85800.0       2468.26
       86200.0       2423.46
       86600.0       2380.27
       87000.0       2337.53
       87400.0       2295.52
       87800.0       2254.86
       88200.0       2214.21
       88600.0       2175.21
       89000.0       2137.10
       89400.0       2100.02
       89800.0       2062.99
       90200.0       2027.51
       90600.0       1992.85
       91000.0       1957.94
       91400.0       1924.74
       91800.0       1892.14
       92200.0       1860.07
       92600.0       1828.65
       93000.0       1797.84
       93400.0       1767.71
       93800.0       1738.15
       94200.0       1709.32
       94600.0       1680.92
       95000.0       1653.23
       95400.0       1625.70
       95800.0       1599.63
       96200.0       1573.37
       96600.0       1548.05
       97000.0       1523.06
       97400.0       1498.14
       97800.0       1474.33
       98200.0       1450.71
       98600.0       1427.80
       99000.0       1405.29
       99400.0       1383.02
       99800.0       1361.10
       100200.       1339.79
       200000.       86.3080
       400000.       5.38795
       600000.       1.05642
       800000.      0.331870
   1.00000e+06      0.135065
   1.20000e+06     0.0647689
   1.40000e+06     0.0347861
   1.60000e+06     0.0203008
