       90.9000       0.00000
       93.5000       0.00000
       96.1000       0.00000
       97.7000       0.00000
       99.6000       0.00000
       102.000       0.00000
       103.800       0.00000
       105.600       0.00000
       107.700       0.00000
       110.400       0.00000
       114.000       0.00000
       117.800       0.00000
       121.300       0.00000
       124.800       0.00000
       127.100       0.00000
       128.400       0.00000
       130.500       0.00000
       132.400       0.00000
       133.900       0.00000
       136.600       0.00000
       139.800       0.00000
       143.300       0.00000
       147.200       0.00000
       151.000       0.00000
       155.200       0.00000
       158.800       0.00000
       162.000       0.00000
       166.000       0.00000
       170.300       0.00000
       173.400       0.00000
       176.800       0.00000
       180.200       0.00000
       181.700       0.00000
       186.100       0.00000
       191.000       0.00000
       193.900       0.00000
       198.400       0.00000
       201.800       0.00000
       205.000       0.00000
       210.500       0.00000
       216.200       0.00000
       219.800       0.00000
       223.000       0.00000
       226.800       0.00000
       230.000   7.90351e-19
       234.000   2.53039e-18
       240.000   1.35191e-17
       246.500   7.62485e-17
       252.400   3.40984e-16
       256.800   9.98178e-16
       260.000   2.13338e-15
       264.000   5.37707e-15
       268.500   1.46852e-14
       273.500   4.32144e-14
       278.500   1.22915e-13
       284.000   3.71756e-13
       290.000   1.18462e-12
       296.000   3.59342e-12
       301.000   8.79901e-12
       308.000   2.93616e-11
       318.000   1.49535e-10
       328.000   6.89561e-10
       338.000   2.90716e-09
       348.000   1.12791e-08
       357.000   3.61008e-08
       366.000   1.08171e-07
       375.000   3.06474e-07
       385.000   9.21461e-07
       395.000   2.61206e-06
       405.000   7.03781e-06
       414.000   1.64688e-05
       422.000   3.39257e-05
       430.000   6.77728e-05
       441.000   0.000169849
       451.000   0.000374673
       460.000   0.000740268
       470.000    0.00152875
       480.000    0.00305881
       490.000    0.00594908
       500.000     0.0112346
       506.000      0.767892
       512.000       3.33094
       520.000       4.84581
       530.000       8.05659
       540.000       10.8106
       550.000       19.1279
       560.000       28.0614
       570.000       41.5493
       580.000       57.5914
       590.000       92.3547
       600.000       133.551
       610.000       189.064
       620.000       249.981
       630.000       337.425
       640.000       430.757
       650.000       574.351
       658.000       718.762
       665.000       838.455
       675.000       1063.65
       685.000       1368.67
       695.000       1758.37
       705.000       2198.34
       716.000       2770.57
       726.000       3445.48
       735.000       4071.81
       745.000       5097.37
       755.000       6247.63
       765.000       7561.97
       775.000       9219.04
       785.000       11089.3
       795.000       13056.3
       805.000       15543.0
       815.000       18046.3
       825.000       21470.5
       835.000       24249.4
       845.000       28901.2
       855.000       33807.7
       865.000       39280.5
       875.000       45675.1
       885.000       53390.9
       895.000       60999.3
       905.000       67239.0
       915.000       684412.
       925.000   5.59752e+06
       935.000   2.16017e+07
       945.000   9.74874e+07
       955.000   2.02570e+08
       965.000   2.57126e+08
       975.000   4.26178e+07
       985.000   2.31476e+08
       995.000   2.39747e+08
       1005.00   3.72327e+08
       1015.00   4.24077e+08
       1025.00   1.15329e+08
       1035.00   1.60968e+08
       1045.00   5.24996e+08
       1055.00   5.88641e+08
       1065.00   4.43617e+08
       1075.00   5.67137e+08
       1085.00   3.27824e+08
       1095.00   6.05584e+08
       1105.00   6.12383e+08
       1115.00   5.78024e+08
       1125.00   5.11862e+08
       1135.00   7.33356e+08
       1145.00   6.82470e+08
       1155.00   7.72339e+08
       1165.00   8.42465e+08
       1175.00   6.57261e+08
       1185.00   8.06809e+08
       1195.00   2.44860e+08
       1205.00   1.95738e+08
       1215.00   7.20757e+07
       1225.00   5.10533e+08
       1235.00   9.92495e+08
       1245.00   1.15081e+09
       1255.00   1.04277e+09
       1265.00   7.80405e+08
       1275.00   1.13956e+09
       1285.00   1.19705e+09
       1295.00   8.42678e+08
       1305.00   8.27954e+08
       1315.00   1.12194e+09
       1325.00   1.06443e+09
       1335.00   7.50893e+08
       1345.00   1.16920e+09
       1355.00   1.13434e+09
       1365.00   9.51782e+08
       1375.00   1.05743e+09
       1385.00   1.09400e+09
       1395.00   1.01437e+09
       1405.00   1.06754e+09
       1415.00   1.00078e+09
       1425.00   1.04877e+09
       1435.00   1.02875e+09
       1442.00   1.09914e+09
       1447.00   1.12144e+09
       1455.00   1.08560e+09
       1465.00   1.00513e+09
       1475.00   9.81296e+08
       1485.00   1.01398e+09
       1495.00   1.02512e+09
       1505.00   9.77060e+08
       1512.00   8.60691e+08
       1517.00   9.37828e+08
       1525.00   9.11070e+08
       1535.00   8.04073e+08
       1545.00   8.85457e+08
       1555.00   8.29141e+08
       1565.00   8.35083e+08
       1575.00   8.60248e+08
       1585.00   9.19158e+08
       1595.00   9.39640e+08
       1605.00   8.97753e+08
       1615.00   9.16699e+08
       1625.00   8.49069e+08
       1635.00   9.06529e+08
       1645.00   9.12860e+08
       1655.00   8.21345e+08
       1665.00   9.14068e+08
       1672.00   8.00321e+08
       1677.00   8.82762e+08
       1685.00   9.45971e+08
       1695.00   8.84319e+08
       1705.00   8.35292e+08
       1715.00   7.61870e+08
       1725.00   7.63634e+08
       1735.00   8.16868e+08
       1745.00   7.96831e+08
       1755.00   8.61238e+08
       1765.00   7.77399e+08
       1775.00   7.98546e+08
       1785.00   8.18556e+08
       1795.00   8.72448e+08
       1805.00   8.67479e+08
       1815.00   7.78889e+08
       1825.00   8.01889e+08
       1835.00   7.62182e+08
       1845.00   7.00510e+08
       1855.00   6.28339e+08
       1865.00   6.65853e+08
       1875.00   7.86718e+08
       1885.00   7.07833e+08
       1895.00   6.54012e+08
       1905.00   7.27908e+08
       1915.00   6.71909e+08
       1925.00   6.60839e+08
       1935.00   7.07223e+08
       1945.00   7.16759e+08
       1955.00   6.59205e+08
       1967.00   7.36462e+08
       1976.00   7.61030e+08
       1984.00   7.09693e+08
       1995.00   6.79597e+08
       2005.00   7.13553e+08
       2015.00   6.75219e+08
       2025.00   7.29946e+08
       2035.00   6.63413e+08
       2045.00   6.94055e+08
       2055.00   6.53427e+08
       2065.00   6.62433e+08
       2074.00   7.13081e+08
       2078.00   6.47426e+08
       2085.00   6.89527e+08
       2095.00   6.43039e+08
       2105.00   6.51857e+08
       2115.00   6.59224e+08
       2125.00   6.68076e+08
       2135.00   6.15979e+08
       2145.00   6.27485e+08
       2155.00   6.59688e+08
       2165.00   6.36127e+08
       2175.00   6.27958e+08
       2185.00   6.01012e+08
       2195.00   6.36138e+08
       2205.00   6.16511e+08
       2215.00   5.85326e+08
       2225.00   5.53975e+08
       2235.00   6.00509e+08
       2245.00   5.63396e+08
       2255.00   5.41452e+08
       2265.00   5.56993e+08
       2275.00   5.75822e+08
       2285.00   5.86342e+08
       2295.00   5.58498e+08
       2305.00   5.39481e+08
       2315.00   5.08892e+08
       2325.00   3.39924e+08
       2335.00   4.73505e+08
       2345.00   4.69887e+08
       2355.00   4.96302e+08
       2365.00   4.61380e+08
       2375.00   4.69151e+08
       2385.00   4.40051e+08
       2395.00   4.75909e+08
       2405.00   4.46636e+08
       2415.00   4.55502e+08
       2425.00   4.73611e+08
       2435.00   4.48565e+08
       2445.00   4.79872e+08
       2455.00   4.63226e+08
       2465.00   4.64720e+08
       2475.00   4.43113e+08
       2485.00   4.72833e+08
       2495.00   4.57297e+08
       2505.00   4.81769e+08
       2513.00   4.39441e+08
       2518.00   4.64276e+08
       2525.00   4.34713e+08
       2535.00   4.37962e+08
       2545.00   4.21515e+08
       2555.00   4.42778e+08
       2565.00   4.34551e+08
       2575.00   4.62471e+08
       2585.00   4.55540e+08
       2595.00   4.57462e+08
       2605.00   4.37191e+08
       2615.00   4.33639e+08
       2625.00   4.40685e+08
       2635.00   4.43050e+08
       2645.00   4.63136e+08
       2655.00   4.57954e+08
       2665.00   4.33640e+08
       2675.00   4.48325e+08
       2685.00   4.39845e+08
       2695.00   4.29118e+08
       2705.00   4.35012e+08
       2715.00   4.19144e+08
       2725.00   4.18894e+08
       2735.00   4.34552e+08
       2745.00   3.95588e+08
       2755.00   3.92985e+08
       2765.00   4.02353e+08
       2775.00   4.14282e+08
       2785.00   4.15256e+08
       2795.00   3.82449e+08
       2805.00   3.98635e+08
       2815.00   4.12514e+08
       2825.00   4.07337e+08
       2835.00   3.87505e+08
       2845.00   3.78093e+08
       2855.00   3.83445e+08
       2865.00   3.91540e+08
       2875.00   3.83429e+08
       2885.00   3.86569e+08
       2895.00   3.81935e+08
       2910.00   3.91799e+08
       2930.00   3.81544e+08
       2950.00   3.74627e+08
       2970.00   3.71289e+08
       2990.00   3.67034e+08
       3010.00   3.68522e+08
       3030.00   3.64867e+08
       3050.00   3.57838e+08
       3070.00   3.51852e+08
       3090.00   3.50034e+08
       3110.00   3.41625e+08
       3130.00   3.37400e+08
       3150.00   3.34450e+08
       3170.00   3.28294e+08
       3190.00   3.17574e+08
       3210.00   3.18986e+08
       3230.00   3.15113e+08
       3250.00   3.10569e+08
       3270.00   3.07662e+08
       3290.00   3.03700e+08
       3310.00   3.01299e+08
       3330.00   2.96430e+08
       3350.00   2.90887e+08
       3370.00   2.87425e+08
       3390.00   2.83057e+08
       3410.00   2.80559e+08
       3430.00   2.75648e+08
       3450.00   2.72585e+08
       3470.00   2.68235e+08
       3490.00   2.65333e+08
       3510.00   2.63205e+08
       3530.00   2.60282e+08
       3550.00   2.56987e+08
       3570.00   2.53625e+08
       3590.00   2.49351e+08
       3610.00   2.46509e+08
       3630.00   2.43223e+08
       3640.00   2.42522e+08
       3650.00   2.41489e+08
       3670.00   2.27187e+08
       3690.00   2.27514e+08
       3710.00   2.75402e+08
       3730.00   2.82042e+08
       3750.00   3.22789e+08
       3770.00   3.21892e+08
       3790.00   3.35000e+08
       3810.00   3.52436e+08
       3830.00   3.11346e+08
       3850.00   3.52115e+08
       3870.00   3.50950e+08
       3890.00   2.96687e+08
       3910.00   3.45851e+08
       3930.00   3.34828e+08
       3950.00   3.36106e+08
       3970.00   2.76317e+08
       3990.00   3.25023e+08
       4010.00   3.20992e+08
       4030.00   3.09788e+08
       4050.00   3.13764e+08
       4070.00   3.06913e+08
       4090.00   2.95451e+08
       4110.00   2.58794e+08
       4130.00   2.89314e+08
       4150.00   2.88479e+08
       4170.00   2.85501e+08
       4190.00   2.83126e+08
       4210.00   2.79698e+08
       4230.00   2.75186e+08
       4250.00   2.71017e+08
       4270.00   2.64227e+08
       4290.00   2.63796e+08
       4310.00   2.59305e+08
       4330.00   2.44035e+08
       4350.00   2.20593e+08
       4370.00   2.48170e+08
       4390.00   2.42258e+08
       4410.00   2.42371e+08
       4430.00   2.37461e+08
       4450.00   2.36188e+08
       4470.00   2.28460e+08
       4490.00   2.27364e+08
       4510.00   2.26167e+08
       4530.00   2.22614e+08
       4550.00   2.19041e+08
       4570.00   2.17706e+08
       4590.00   2.14167e+08
       4610.00   2.11728e+08
       4630.00   2.07706e+08
       4650.00   2.05732e+08
       4670.00   2.03196e+08
       4690.00   2.00970e+08
       4710.00   1.95191e+08
       4730.00   1.94436e+08
       4750.00   1.91801e+08
       4770.00   1.91007e+08
       4790.00   1.88184e+08
       4810.00   1.84929e+08
       4830.00   1.82544e+08
       4850.00   1.74171e+08
       4870.00   1.54669e+08
       4890.00   1.75871e+08
       4910.00   1.73722e+08
       4930.00   1.69123e+08
       4950.00   1.69496e+08
       4970.00   1.67692e+08
       4990.00   1.65171e+08
       5010.00   1.59877e+08
       5030.00   1.60142e+08
       5050.00   1.56128e+08
       5070.00   1.56628e+08
       5090.00   1.54600e+08
       5110.00   1.52224e+08
       5130.00   1.50510e+08
       5150.00   1.48135e+08
       5170.00   1.46780e+08
       5190.00   1.45301e+08
       5210.00   1.42162e+08
       5230.00   1.41324e+08
       5250.00   1.40154e+08
       5270.00   1.37858e+08
       5290.00   1.37221e+08
       5310.00   1.35027e+08
       5330.00   1.33737e+08
       5350.00   1.31857e+08
       5370.00   1.30720e+08
       5390.00   1.29116e+08
       5410.00   1.27438e+08
       5430.00   1.25628e+08
       5450.00   1.24432e+08
       5470.00   1.22842e+08
       5490.00   1.21717e+08
       5510.00   1.20130e+08
       5530.00   1.18897e+08
       5550.00   1.17650e+08
       5570.00   1.16239e+08
       5590.00   1.14943e+08
       5610.00   1.13624e+08
       5630.00   1.12573e+08
       5650.00   1.10271e+08
       5670.00   1.09292e+08
       5690.00   1.08436e+08
       5710.00   1.07390e+08
       5730.00   1.06230e+08
       5750.00   1.05042e+08
       5770.00   1.03906e+08
       5790.00   1.02625e+08
       5810.00   1.01509e+08
       5830.00   1.00382e+08
       5850.00   9.92913e+07
       5870.00   9.64313e+07
       5890.00   9.67234e+07
       5910.00   9.59933e+07
       5930.00   9.50308e+07
       5950.00   9.34811e+07
       5970.00   9.28621e+07
       5990.00   9.15637e+07
       6010.00   9.09741e+07
       6030.00   8.99344e+07
       6050.00   8.89754e+07
       6070.00   8.79943e+07
       6090.00   8.70069e+07
       6110.00   8.61890e+07
       6130.00   8.52466e+07
       6150.00   8.38832e+07
       6170.00   8.33818e+07
       6190.00   8.25666e+07
       6210.00   8.16830e+07
       6230.00   8.07275e+07
       6250.00   7.95491e+07
       6270.00   7.91018e+07
       6290.00   7.82225e+07
       6310.00   7.72789e+07
       6330.00   7.66071e+07
       6350.00   7.50985e+07
       6370.00   7.45265e+07
       6390.00   7.41991e+07
       6410.00   7.33352e+07
       6430.00   7.27858e+07
       6450.00   7.18833e+07
       6470.00   7.12542e+07
       6490.00   7.04704e+07
       6510.00   6.96523e+07
       6530.00   6.88464e+07
       6550.00   6.65773e+07
       6561.25   5.85472e+07
       6590.00   6.63710e+07
       6610.00   6.63243e+07
       6630.00   6.57011e+07
       6650.00   6.50952e+07
       6670.00   6.40974e+07
       6690.00   6.34673e+07
       6710.00   6.31246e+07
       6730.00   6.25221e+07
       6750.00   6.19182e+07
       6770.00   6.13244e+07
       6790.00   6.06114e+07
       6810.00   6.00829e+07
       6830.00   5.94352e+07
       6850.00   5.89080e+07
       6870.00   5.83587e+07
       6890.00   5.77847e+07
       6910.00   5.72266e+07
       6930.00   5.65469e+07
       6950.00   5.61276e+07
       6970.00   5.56090e+07
       6990.00   5.50738e+07
       7010.00   5.45231e+07
       7030.00   5.39991e+07
       7050.00   5.33521e+07
       7070.00   5.25027e+07
       7090.00   5.25224e+07
       7110.00   5.19382e+07
       7130.00   5.14597e+07
       7150.00   5.10072e+07
       7170.00   5.05435e+07
       7190.00   5.00929e+07
       7210.00   4.96277e+07
       7230.00   4.88454e+07
       7250.00   4.86601e+07
       7270.00   4.82552e+07
       7290.00   4.76243e+07
       7310.00   4.73584e+07
       7330.00   4.69229e+07
       7350.00   4.65152e+07
       7370.00   4.60855e+07
       7390.00   4.56653e+07
       7410.00   4.52408e+07
       7430.00   4.47648e+07
       7450.00   4.43904e+07
       7470.00   4.39248e+07
       7490.00   4.35737e+07
       7510.00   4.31803e+07
       7530.00   4.28217e+07
       7550.00   4.24438e+07
       7570.00   4.20699e+07
       7590.00   4.16739e+07
       7610.00   4.13348e+07
       7630.00   4.09572e+07
       7650.00   4.05792e+07
       7670.00   4.02270e+07
       7690.00   3.98638e+07
       7710.00   3.95109e+07
       7730.00   3.91673e+07
       7750.00   3.88224e+07
       7770.00   3.80475e+07
       7790.00   3.81485e+07
       7810.00   3.78243e+07
       7830.00   3.74998e+07
       7850.00   3.70424e+07
       7870.00   3.67212e+07
       7890.00   3.63586e+07
       7910.00   3.61918e+07
       7930.00   3.58992e+07
       7950.00   3.54780e+07
       7970.00   3.52705e+07
       7990.00   3.47938e+07
       8010.00   3.46784e+07
       8030.00   3.43855e+07
       8050.00   3.40870e+07
       8070.00   3.38153e+07
       8090.00   3.34998e+07
       8110.00   3.32173e+07
       8130.00   3.29538e+07
       8150.00   3.26669e+07
       8170.00   3.24197e+07
       8190.00   3.21127e+07
       8210.00   3.17390e+07
       8230.00   3.14431e+07
       8250.00   3.13406e+07
       8270.00   3.10444e+07
       8290.00   3.06563e+07
       8310.00   3.02400e+07
       8330.00   2.97393e+07
       8350.00   2.93414e+07
       8370.00   2.88191e+07
       8390.00   2.87252e+07
       8410.00   2.85232e+07
       8430.00   2.89107e+07
       8450.00   2.86606e+07
       8470.00   2.74778e+07
       8490.00   2.95514e+07
       8510.00   2.71628e+07
       8530.00   2.96198e+07
       8550.00   2.63197e+07
       8570.00   2.95968e+07
       8590.00   2.75634e+07
       8610.00   2.69035e+07
       8630.00   2.90521e+07
       8650.00   2.82543e+07
       8670.00   2.49547e+07
       8690.00   2.82148e+07
       8710.00   2.82691e+07
       8730.00   2.76736e+07
       8750.00   2.41747e+07
       8770.00   2.69731e+07
       8790.00   2.73707e+07
       8810.00   2.72073e+07
       8830.00   2.68513e+07
       8850.00   2.58066e+07
       8870.00   2.32435e+07
       8890.00   2.61826e+07
       8910.00   2.61051e+07
       8930.00   2.58650e+07
       8950.00   2.57716e+07
       8970.00   2.55580e+07
       8990.00   2.50655e+07
       9010.00   2.23588e+07
       9030.00   2.37660e+07
       9050.00   2.46749e+07
       9070.00   2.43729e+07
       9090.00   2.42211e+07
       9110.00   2.41444e+07
       9130.00   2.39524e+07
       9150.00   2.38244e+07
       9170.00   2.35750e+07
       9190.00   2.33204e+07
       9210.00   2.27910e+07
       9230.00   1.99171e+07
       9250.00   2.23839e+07
       9270.00   2.23698e+07
       9290.00   2.25058e+07
       9310.00   2.23510e+07
       9330.00   2.21938e+07
       9350.00   2.20507e+07
       9370.00   2.18885e+07
       9390.00   2.17000e+07
       9410.00   2.13854e+07
       9430.00   2.13918e+07
       9450.00   2.12457e+07
       9470.00   2.10300e+07
       9490.00   2.09117e+07
       9510.00   2.06339e+07
       9530.00   2.01168e+07
       9550.00   1.77839e+07
       9570.00   2.00498e+07
       9590.00   2.01215e+07
       9610.00   1.99746e+07
       9630.00   1.96955e+07
       9650.00   1.97115e+07
       9670.00   1.95321e+07
       9690.00   1.94123e+07
       9710.00   1.92628e+07
       9730.00   1.91404e+07
       9750.00   1.89934e+07
       9770.00   1.88648e+07
       9790.00   1.87233e+07
       9810.00   1.85844e+07
       9830.00   1.84352e+07
       9850.00   1.83111e+07
       9870.00   1.81770e+07
       9890.00   1.80230e+07
       9910.00   1.78932e+07
       9930.00   1.77895e+07
       9950.00   1.76621e+07
       9970.00   1.75326e+07
       9990.00   1.74073e+07
       10025.0   1.67515e+07
       10075.0   1.61005e+07
       10125.0   1.64986e+07
       10175.0   1.62845e+07
       10225.0   1.60114e+07
       10275.0   1.57343e+07
       10325.0   1.54338e+07
       10375.0   1.51941e+07
       10425.0   1.49357e+07
       10475.0   1.46743e+07
       10525.0   1.44158e+07
       10575.0   1.41798e+07
       10625.0   1.39452e+07
       10675.0   1.36588e+07
       10725.0   1.34695e+07
       10775.0   1.32517e+07
       10825.0   1.29328e+07
       10875.0   1.28122e+07
       10925.0   1.18203e+07
       10975.0   1.22696e+07
       11025.0   1.21756e+07
       11075.0   1.20005e+07
       11125.0   1.18049e+07
       11175.0   1.16117e+07
       11225.0   1.14250e+07
       11275.0   1.11935e+07
       11325.0   1.10250e+07
       11375.0   1.08881e+07
       11425.0   1.07151e+07
       11475.0   1.05484e+07
       11525.0   1.03822e+07
       11575.0   1.02196e+07
       11625.0   1.00477e+07
       11675.0   9.89243e+06
       11725.0   9.74904e+06
       11775.0   9.57269e+06
       11825.0   9.45149e+06
       11875.0   9.30234e+06
       11925.0   9.16834e+06
       11975.0   9.00734e+06
       12025.0   8.89273e+06
       12075.0   8.75852e+06
       12125.0   8.62570e+06
       12175.0   8.49781e+06
       12225.0   8.37072e+06
       12275.0   8.24540e+06
       12325.0   8.12383e+06
       12375.0   8.00494e+06
       12425.0   7.88915e+06
       12475.0   7.76285e+06
       12525.0   7.65513e+06
       12575.0   7.54196e+06
       12625.0   7.43791e+06
       12675.0   7.33268e+06
       12725.0   7.22747e+06
       12775.0   7.07729e+06
       12825.0   6.59894e+06
       12875.0   6.91050e+06
       12925.0   6.82512e+06
       12975.0   6.71936e+06
       13025.0   6.63478e+06
       13075.0   6.54183e+06
       13125.0   6.45075e+06
       13175.0   6.35478e+06
       13225.0   6.27300e+06
       13275.0   6.18629e+06
       13325.0   6.10112e+06
       13375.0   6.01768e+06
       13425.0   5.93281e+06
       13475.0   5.85338e+06
       13525.0   5.77312e+06
       13575.0   5.69591e+06
       13625.0   5.61887e+06
       13675.0   5.54160e+06
       13725.0   5.46810e+06
       13775.0   5.39730e+06
       13825.0   5.32561e+06
       13875.0   5.25501e+06
       13925.0   5.18490e+06
       13975.0   5.11680e+06
       14025.0   5.05012e+06
       14075.0   4.98369e+06
       14125.0   4.91826e+06
       14175.0   4.85531e+06
       14225.0   4.79238e+06
       14275.0   4.73058e+06
       14325.0   4.66935e+06
       14375.0   4.60939e+06
       14425.0   4.54581e+06
       14475.0   4.49108e+06
       14525.0   4.43308e+06
       14570.0   4.38515e+06
       14620.0   4.33000e+06
       14675.0   4.27137e+06
       14725.0   4.21808e+06
       14775.0   4.16335e+06
       14825.0   4.10995e+06
       14875.0   4.05325e+06
       14925.0   3.99147e+06
       14975.0   3.93378e+06
       15025.0   3.87326e+06
       15075.0   3.82142e+06
       15125.0   3.77347e+06
       15175.0   3.73523e+06
       15225.0   3.72601e+06
       15275.0   3.62271e+06
       15325.0   3.59574e+06
       15375.0   3.60426e+06
       15425.0   3.48688e+06
       15475.0   3.53124e+06
       15525.0   3.50166e+06
       15575.0   3.33866e+06
       15625.0   3.45343e+06
       15675.0   3.35186e+06
       15725.0   3.23627e+06
       15775.0   3.33796e+06
       15825.0   3.29494e+06
       15875.0   3.07898e+06
       15925.0   3.19709e+06
       15975.0   3.18832e+06
       16050.0   3.11604e+06
       16150.0   2.97011e+06
       16250.0   2.99016e+06
       16350.0   2.90409e+06
       16450.0   2.77297e+06
       16550.0   2.79155e+06
       16650.0   2.72904e+06
       16750.0   2.65036e+06
       16850.0   2.53235e+06
       16950.0   2.54976e+06
       17050.0   2.49156e+06
       17150.0   2.44004e+06
       17250.0   2.38765e+06
       17350.0   2.25633e+06
       17450.0   2.28202e+06
       17550.0   2.23725e+06
       17650.0   2.18996e+06
       17750.0   2.14323e+06
       17850.0   2.09859e+06
       17950.0   2.05563e+06
       18050.0   2.00979e+06
       18150.0   1.90800e+06
       18250.0   1.92198e+06
       18350.0   1.89080e+06
       18450.0   1.85254e+06
       18550.0   1.81423e+06
       18650.0   1.77403e+06
       18750.0   1.68432e+06
       18850.0   1.70700e+06
       18950.0   1.67393e+06
       19050.0   1.63979e+06
       19150.0   1.60904e+06
       19250.0   1.57753e+06
       19350.0   1.54597e+06
       19450.0   1.46568e+06
       19550.0   1.48641e+06
       19650.0   1.45932e+06
       19750.0   1.43135e+06
       19850.0   1.40424e+06
       19950.0   1.37771e+06
       20050.0   1.35172e+06
       20150.0   1.32646e+06
       20250.0   1.30173e+06
       20350.0   1.27759e+06
       20450.0   1.25387e+06
       20550.0   1.22974e+06
       20650.0   1.20841e+06
       20750.0   1.18638e+06
       20850.0   1.16488e+06
       20950.0   1.14375e+06
       21050.0   1.12330e+06
       21150.0   1.10201e+06
       21250.0   1.08340e+06
       21350.0   1.06410e+06
       21450.0   1.04536e+06
       21550.0   1.02676e+06
       21650.0       975176.
       21750.0       990280.
       21850.0       974292.
       21950.0       957381.
       22050.0       941124.
       22150.0       924967.
       22250.0       909214.
       22350.0       893780.
       22450.0       878734.
       22550.0       863920.
       22650.0       849479.
       22750.0       835258.
       22850.0       823057.
       22950.0       815256.
       23050.0       800114.
       23150.0       784992.
       23250.0       770658.
       23350.0       756677.
       23450.0       743661.
       23550.0       729683.
       23650.0       717733.
       23750.0       705890.
       23850.0       694420.
       23950.0       683379.
       24050.0       671781.
       24150.0       660028.
       24250.0       654339.
       24350.0       640398.
       24450.0       629656.
       24550.0       624600.
       24650.0       611792.
       24750.0       602381.
       24850.0       599977.
       24950.0       576913.
       25050.0       582642.
       25150.0       573319.
       25250.0       549648.
       25350.0       555209.
       25450.0       548197.
       25550.0       538824.
       25650.0       516010.
       25750.0       523396.
       25850.0       516259.
       25950.0       508646.
       26050.0       498919.
       26150.0       478263.
       26250.0       468574.
       26350.0       478589.
       26450.0       472597.
       26550.0       465709.
       26650.0       458348.
       26750.0       437364.
       26850.0       445269.
       26950.0       439678.
       27050.0       433452.
       27150.0       427326.
       27250.0       421309.
       27350.0       415393.
       27450.0       409512.
       27550.0       391669.
       27650.0       395297.
       27750.0       392761.
       27850.0       387347.
       27950.0       382029.
       28050.0       376792.
       28150.0       371642.
       28250.0       366580.
       28350.0       361575.
       28450.0       356734.
       28550.0       351914.
       28650.0       345873.
       28750.0       331097.
       28850.0       337790.
       28950.0       333397.
       29050.0       329097.
       29150.0       324728.
       29250.0       320481.
       29350.0       316268.
       29450.0       312143.
       29550.0       308084.
       29650.0       304081.
       29750.0       300146.
       29850.0       296278.
       29950.0       292467.
       30050.0       288717.
       30150.0       285023.
       30250.0       281372.
       30350.0       270449.
       30450.0       271170.
       30550.0       270787.
       30650.0       267443.
       30750.0       264084.
       30850.0       260665.
       30950.0       257536.
       31050.0       254336.
       31150.0       251188.
       31250.0       248078.
       31350.0       245034.
       31450.0       242019.
       31550.0       239068.
       31650.0       236139.
       31750.0       233278.
       31850.0       230453.
       31950.0       227665.
       32100.0       223568.
       32300.0       218248.
       32500.0       213081.
       32700.0       208065.
       32900.0       199219.
       33100.0       198751.
       33300.0       194662.
       33500.0       189901.
       33700.0       185285.
       33900.0       180945.
       34100.0       176716.
       34300.0       172625.
       34500.0       168689.
       34700.0       164917.
       34900.0       161210.
       35100.0       157721.
       35300.0       154318.
       35500.0       150785.
       35700.0       147383.
       35900.0       145049.
       36100.0       140964.
       36300.0       139003.
       36500.0       134910.
       36700.0       133326.
       36900.0       129038.
       37100.0       127705.
       37300.0       124187.
       37500.0       119659.
       37700.0       120047.
       37900.0       117616.
       38100.0       114160.
       38300.0       112185.
       38500.0       110624.
       38700.0       108407.
       38900.0       106150.
       39100.0       102415.
       39300.0       102087.
       39500.0       100061.
       39700.0       98128.4
       39900.0       96217.1
       40100.0       93741.6
       40300.0       91352.1
       40500.0       89071.7
       40700.0       89035.4
       40900.0       87344.7
       41100.0       85696.1
       41300.0       84075.2
       41500.0       82503.4
       41700.0       79389.2
       41900.0       79437.8
       42100.0       78002.6
       42300.0       76569.8
       42500.0       75166.7
       42700.0       73801.0
       42900.0       72445.1
       43100.0       71153.7
       43300.0       69875.0
       43500.0       68624.8
       43700.0       66147.6
       43900.0       66029.1
       44100.0       65040.3
       44300.0       63897.7
       44500.0       62778.6
       44700.0       61816.5
       44900.0       60741.9
       45100.0       59693.1
       45300.0       58660.5
       45500.0       57660.1
       45700.0       56676.7
       45900.0       55713.6
       46100.0       54770.3
       46300.0       53848.3
       46500.0       52035.8
       46700.0       50881.0
       46900.0       51134.8
       47100.0       50346.5
       47300.0       49517.6
       47500.0       48697.4
       47700.0       47905.7
       47900.0       47125.6
       48100.0       46360.0
       48300.0       45610.3
       48500.0       44876.1
       48700.0       44157.2
       48900.0       43451.7
       49100.0       42759.4
       49300.0       42081.4
       49500.0       41417.7
       49700.0       40766.2
       49900.0       40128.4
       50100.0       39501.0
       50300.0       38886.7
       50500.0       38285.4
       50700.0       37695.2
       50900.0       37116.0
       51100.0       36520.1
       51300.0       35180.9
       51500.0       35436.6
       51700.0       34907.8
       51900.0       34380.6
       52100.0       33864.5
       52300.0       33358.1
       52500.0       32859.8
       52700.0       32370.7
       52900.0       31893.5
       53100.0       31422.6
       53300.0       30960.5
       53500.0       30508.3
       53700.0       30063.3
       53900.0       29625.3
       54100.0       29196.9
       54300.0       28775.2
       54500.0       28361.5
       54700.0       27955.5
       54900.0       27556.0
       55100.0       27164.0
       55300.0       26779.4
       55500.0       26400.8
       55700.0       26029.4
       55900.0       25663.8
       56100.0       25305.2
       56300.0       24953.4
       56500.0       24607.1
       56700.0       24266.3
       56900.0       23931.9
       57100.0       23602.8
       57300.0       23280.0
       57500.0       22962.2
       57700.0       22649.4
       57900.0       22342.6
       58100.0       22040.6
       58300.0       21744.4
       58500.0       21478.2
       58700.0       21191.1
       58900.0       20884.5
       59100.0       20140.5
       59300.0       20349.8
       59500.0       20088.7
       59700.0       19824.4
       59900.0       19564.1
       60100.0       19308.9
       60300.0       19056.7
       60500.0       18809.5
       60700.0       18566.1
       60900.0       18326.6
       61100.0       18090.7
       61300.0       17858.6
       61500.0       17630.1
       61700.0       17406.1
       61900.0       17184.7
       62100.0       16966.7
       62300.0       16753.1
       62500.0       16541.9
       62700.0       16335.0
       62900.0       16130.3
       63100.0       15928.9
       63300.0       15731.5
       63500.0       15536.4
       63700.0       15344.3
       63900.0       15155.2
       64200.0       14877.7
       64600.0       14516.2
       65000.0       14166.8
       65400.0       13826.7
       65800.0       13497.3
       66200.0       13177.4
       66600.0       12867.5
       67000.0       12566.6
       67400.0       12273.6
       67800.0       11989.9
       68200.0       11713.6
       68600.0       11445.3
       69000.0       11185.6
       69400.0       10931.9
       69800.0       10686.3
       70200.0       10447.2
       70600.0       10215.0
       71000.0       9988.85
       71400.0       9768.61
       71800.0       9554.84
       72200.0       9347.37
       72600.0       9144.58
       73000.0       8947.79
       73400.0       8756.13
       73800.0       8569.48
       74200.0       8387.01
       74600.0       8163.27
       75000.0       7945.83
       75400.0       7871.69
       75800.0       7708.18
       76200.0       7549.61
       76600.0       7394.56
       77000.0       7243.59
       77400.0       7095.97
       77800.0       6952.86
       78200.0       6812.92
       78600.0       6676.06
       79000.0       6543.44
       79400.0       6413.73
       79800.0       6286.89
       80200.0       6163.42
       80600.0       6043.24
       81000.0       5925.71
       81400.0       5810.76
       81800.0       5698.89
       82200.0       5590.04
       82600.0       5483.19
       83000.0       5379.06
       83400.0       5277.38
       83800.0       5178.08
       84200.0       5081.12
       84600.0       4986.45
       85000.0       4893.95
       85400.0       4803.58
       85800.0       4715.25
       86200.0       4628.95
       86600.0       4544.64
       87000.0       4462.18
       87400.0       4381.63
       87800.0       4302.85
       88200.0       4225.85
       88600.0       4150.58
       89000.0       4076.97
       89400.0       4004.94
       89800.0       3934.53
       90200.0       3865.64
       90600.0       3798.26
       91000.0       3732.32
       91400.0       3667.84
       91800.0       3604.70
       92200.0       3542.95
       92600.0       3482.49
       93000.0       3423.33
       93400.0       3365.40
       93800.0       3308.71
       94200.0       3253.20
       94600.0       3198.80
       95000.0       3145.58
       95400.0       3093.43
       95800.0       3042.41
       96200.0       2992.37
       96600.0       2943.38
       97000.0       2895.37
       97400.0       2848.36
       97800.0       2802.31
       98200.0       2757.14
       98600.0       2712.92
       99000.0       2669.55
       99400.0       2627.07
       99800.0       2585.40
       100200.       2544.57
       200000.       160.393
       400000.       9.85715
       600000.       1.91892
       800000.      0.600120
   1.00000e+06      0.243466
   1.20000e+06      0.116480
   1.40000e+06     0.0624450
   1.60000e+06     0.0363883
