       90.9000   4.05509e-15
       93.5000   2.12354e-14
       96.1000   1.02109e-13
       97.7000   2.58620e-13
       99.6000   7.51816e-13
       102.000   2.73495e-12
       103.800   6.94549e-12
       105.600   1.71038e-11
       107.700   4.71721e-11
       110.400   1.64074e-10
       114.000   7.92421e-10
       117.800   3.77875e-09
       121.300   1.45815e-08
       124.800   5.21108e-08
       127.100   1.15761e-07
       128.400   1.79408e-07
       130.500   3.57170e-07
       132.400   6.53302e-07
       133.900   1.03934e-06
       136.600   2.33594e-06
       139.800   5.85681e-06
       143.300   1.52240e-05
       147.200   4.16270e-05
       151.000   0.000105987
       155.200   0.000280432
       158.800   0.000619054
       162.000    0.00121288
       166.000    0.00271447
       170.300    0.00615910
       173.400     0.0108550
       176.800     0.0197825
       180.200     0.0350939
       181.700     0.0451040
       186.100     0.0908007
       191.000      0.190477
       193.900      0.290324
       198.400      0.545372
       201.800      0.859464
       205.000       1.30164
       210.500       2.58379
       216.200       5.04715
       219.800       7.63075
       223.000       10.8537
       226.800       16.3807
       230.000       12474.8
       234.000       28113.1
       240.000       41127.1
       246.500       63798.8
       252.400       100803.
       256.800       133951.
       260.000       227008.
       264.000       510999.
       268.500       778050.
       273.500       999716.
       278.500   1.11131e+06
       284.000   2.15073e+06
       290.000   2.97989e+06
       296.000   3.61896e+06
       301.000   7.59357e+06
       308.000   1.40841e+07
       318.000   3.80217e+07
       328.000   5.12794e+07
       338.000   9.49312e+07
       348.000   1.40499e+08
       357.000   2.87015e+08
       366.000   6.28447e+08
       375.000   6.21789e+08
       385.000   7.20394e+08
       395.000   1.24144e+09
       405.000   1.53228e+09
       414.000   1.75269e+09
       422.000   1.78700e+09
       430.000   1.81419e+09
       441.000   2.18370e+09
       451.000   2.28482e+09
       460.000   2.20875e+09
       470.000   2.45702e+09
       480.000   2.84853e+09
       490.000   2.71557e+09
       500.000   3.31312e+09
       506.000   6.03449e+09
       512.000   2.25569e+10
       520.000   2.17400e+10
       530.000   1.90967e+10
       540.000   1.63780e+10
       550.000   1.79224e+10
       560.000   2.42989e+10
       570.000   2.70147e+10
       580.000   2.52221e+10
       590.000   2.59361e+10
       600.000   1.95889e+10
       610.000   2.31505e+10
       620.000   2.92574e+10
       630.000   2.81062e+10
       640.000   2.94072e+10
       650.000   2.82918e+10
       658.000   2.50046e+10
       665.000   2.85616e+10
       675.000   3.12894e+10
       685.000   2.38053e+10
       695.000   3.05752e+10
       705.000   2.16188e+10
       716.000   3.24911e+10
       726.000   3.20625e+10
       735.000   3.21824e+10
       745.000   3.04167e+10
       755.000   3.01781e+10
       765.000   2.73028e+10
       775.000   3.00763e+10
       785.000   2.91945e+10
       795.000   3.03238e+10
       805.000   2.95094e+10
       815.000   2.93801e+10
       825.000   3.00532e+10
       835.000   2.11636e+10
       845.000   2.85260e+10
       855.000   2.82105e+10
       865.000   2.90096e+10
       875.000   2.88227e+10
       885.000   2.88830e+10
       895.000   2.87990e+10
       905.000   2.78698e+10
       915.000   2.81891e+10
       925.000   6.18796e+10
       935.000   8.85735e+10
       945.000   1.00550e+11
       955.000   1.06593e+11
       965.000   1.13061e+11
       975.000   6.03284e+10
       985.000   9.01031e+10
       995.000   7.98648e+10
       1005.00   8.67316e+10
       1015.00   9.09148e+10
       1025.00   8.02209e+10
       1035.00   8.97070e+10
       1045.00   9.75889e+10
       1055.00   9.36829e+10
       1065.00   8.47276e+10
       1075.00   8.50135e+10
       1085.00   8.03655e+10
       1095.00   8.34037e+10
       1105.00   8.01515e+10
       1115.00   7.86506e+10
       1125.00   7.06415e+10
       1135.00   7.55786e+10
       1145.00   7.37211e+10
       1155.00   6.99734e+10
       1165.00   6.69231e+10
       1175.00   4.80605e+10
       1185.00   6.10506e+10
       1195.00   5.90174e+10
       1205.00   5.77410e+10
       1215.00   4.96004e+10
       1225.00   5.47061e+10
       1235.00   5.71854e+10
       1245.00   5.64041e+10
       1255.00   5.53438e+10
       1265.00   5.63368e+10
       1275.00   5.73731e+10
       1285.00   5.70791e+10
       1295.00   5.49991e+10
       1305.00   5.37989e+10
       1315.00   5.55959e+10
       1325.00   5.38479e+10
       1335.00   5.24566e+10
       1345.00   5.24771e+10
       1355.00   5.05173e+10
       1365.00   4.90621e+10
       1375.00   4.75022e+10
       1385.00   4.62511e+10
       1395.00   3.39150e+10
       1405.00   2.88518e+10
       1415.00   4.36070e+10
       1425.00   3.98785e+10
       1435.00   4.22060e+10
       1442.00   4.12990e+10
       1447.00   4.11293e+10
       1455.00   3.93454e+10
       1465.00   3.87907e+10
       1475.00   3.86787e+10
       1485.00   3.87813e+10
       1495.00   3.74754e+10
       1505.00   3.70971e+10
       1512.00   3.62205e+10
       1517.00   3.63325e+10
       1525.00   3.50306e+10
       1535.00   3.08183e+10
       1545.00   2.29666e+10
       1555.00   2.42177e+10
       1565.00   2.90789e+10
       1575.00   3.05728e+10
       1585.00   3.07086e+10
       1595.00   3.03810e+10
       1605.00   2.84490e+10
       1615.00   2.74146e+10
       1625.00   2.78058e+10
       1635.00   2.78726e+10
       1645.00   2.75111e+10
       1655.00   2.78220e+10
       1665.00   2.72469e+10
       1672.00   2.52323e+10
       1677.00   2.88288e+10
       1685.00   2.75977e+10
       1695.00   2.67918e+10
       1705.00   2.64253e+10
       1715.00   2.54366e+10
       1725.00   2.45273e+10
       1735.00   2.52753e+10
       1745.00   2.49939e+10
       1755.00   2.44738e+10
       1765.00   2.41066e+10
       1775.00   2.33933e+10
       1785.00   2.35682e+10
       1795.00   2.29006e+10
       1805.00   2.27944e+10
       1815.00   2.22981e+10
       1825.00   2.18429e+10
       1835.00   2.18292e+10
       1845.00   2.11328e+10
       1855.00   2.11355e+10
       1865.00   2.09777e+10
       1875.00   2.04127e+10
       1885.00   1.97206e+10
       1895.00   1.95770e+10
       1905.00   1.97676e+10
       1915.00   1.92679e+10
       1925.00   1.82600e+10
       1935.00   1.89561e+10
       1945.00   1.89121e+10
       1955.00   1.75846e+10
       1967.00   1.80951e+10
       1976.00   1.80947e+10
       1984.00   1.77672e+10
       1995.00   1.72462e+10
       2005.00   1.74391e+10
       2015.00   1.72646e+10
       2025.00   1.70716e+10
       2035.00   1.66176e+10
       2045.00   1.63258e+10
       2055.00   1.28996e+10
       2065.00   1.46497e+10
       2074.00   1.61685e+10
       2078.00   1.57250e+10
       2085.00   1.56785e+10
       2095.00   1.52013e+10
       2105.00   1.51057e+10
       2115.00   1.52327e+10
       2125.00   1.48752e+10
       2135.00   1.47726e+10
       2145.00   1.44911e+10
       2155.00   1.44007e+10
       2165.00   1.38846e+10
       2175.00   1.39786e+10
       2185.00   1.36513e+10
       2195.00   1.37047e+10
       2205.00   1.34869e+10
       2215.00   1.30851e+10
       2225.00   1.30599e+10
       2235.00   1.28776e+10
       2245.00   1.26525e+10
       2255.00   1.23413e+10
       2265.00   1.23346e+10
       2275.00   1.22017e+10
       2285.00   1.19097e+10
       2295.00   1.13762e+10
       2305.00   1.14323e+10
       2315.00   1.13788e+10
       2325.00   1.10177e+10
       2335.00   1.11405e+10
       2345.00   1.09627e+10
       2355.00   1.07523e+10
       2365.00   1.05868e+10
       2375.00   1.03783e+10
       2385.00   9.96428e+09
       2395.00   1.00303e+10
       2405.00   9.98162e+09
       2415.00   9.86360e+09
       2425.00   9.79203e+09
       2435.00   9.63044e+09
       2445.00   9.50960e+09
       2455.00   9.36478e+09
       2465.00   9.25299e+09
       2475.00   9.14209e+09
       2485.00   8.88319e+09
       2495.00   7.00625e+09
       2505.00   8.55220e+09
       2513.00   8.22700e+09
       2518.00   8.41718e+09
       2525.00   8.52007e+09
       2535.00   8.45591e+09
       2545.00   8.32968e+09
       2555.00   8.21152e+09
       2565.00   8.11841e+09
       2575.00   8.01002e+09
       2585.00   7.91209e+09
       2595.00   7.76004e+09
       2605.00   7.71834e+09
       2615.00   7.57458e+09
       2625.00   7.51260e+09
       2635.00   7.44212e+09
       2645.00   7.32349e+09
       2655.00   7.24705e+09
       2665.00   7.12699e+09
       2675.00   6.96114e+09
       2685.00   6.96268e+09
       2695.00   6.83746e+09
       2705.00   6.79523e+09
       2715.00   6.68496e+09
       2725.00   6.61772e+09
       2735.00   6.42739e+09
       2745.00   6.48314e+09
       2755.00   6.39546e+09
       2765.00   6.29754e+09
       2775.00   6.25566e+09
       2785.00   6.15205e+09
       2795.00   5.99864e+09
       2805.00   5.99616e+09
       2815.00   5.95031e+09
       2825.00   5.86813e+09
       2835.00   5.78462e+09
       2845.00   5.74729e+09
       2855.00   5.67289e+09
       2865.00   5.58196e+09
       2875.00   5.52451e+09
       2885.00   5.46410e+09
       2895.00   5.40079e+09
       2910.00   5.28831e+09
       2930.00   5.19091e+09
       2950.00   5.05453e+09
       2970.00   4.93672e+09
       2990.00   4.79841e+09
       3010.00   4.67872e+09
       3030.00   4.55684e+09
       3050.00   4.48229e+09
       3070.00   4.39290e+09
       3090.00   4.29006e+09
       3110.00   4.21480e+09
       3130.00   4.10881e+09
       3150.00   4.03213e+09
       3170.00   3.93717e+09
       3190.00   3.85316e+09
       3210.00   3.73765e+09
       3230.00   3.69368e+09
       3250.00   3.62446e+09
       3270.00   3.51762e+09
       3290.00   3.46071e+09
       3310.00   3.38494e+09
       3330.00   3.31257e+09
       3350.00   3.22479e+09
       3370.00   3.16971e+09
       3390.00   3.12006e+09
       3410.00   3.05354e+09
       3430.00   2.98607e+09
       3450.00   2.91310e+09
       3470.00   2.87373e+09
       3490.00   2.81683e+09
       3510.00   2.76405e+09
       3530.00   2.70882e+09
       3550.00   2.65411e+09
       3570.00   2.60633e+09
       3590.00   2.54826e+09
       3610.00   2.49420e+09
       3630.00   2.44724e+09
       3640.00   2.40489e+09
       3650.00   2.41294e+09
       3670.00   2.36607e+09
       3690.00   2.29310e+09
       3710.00   2.19522e+09
       3730.00   2.14432e+09
       3750.00   2.15976e+09
       3770.00   2.11939e+09
       3790.00   2.13702e+09
       3810.00   2.16520e+09
       3830.00   2.01809e+09
       3850.00   2.12819e+09
       3870.00   2.08278e+09
       3890.00   1.89878e+09
       3910.00   2.04123e+09
       3930.00   1.98735e+09
       3950.00   1.94777e+09
       3970.00   1.75072e+09
       3990.00   1.89218e+09
       4010.00   1.85532e+09
       4030.00   1.80538e+09
       4050.00   1.79636e+09
       4070.00   1.74248e+09
       4090.00   1.67553e+09
       4110.00   1.56653e+09
       4130.00   1.65518e+09
       4150.00   1.63042e+09
       4170.00   1.61411e+09
       4190.00   1.58554e+09
       4210.00   1.55265e+09
       4230.00   1.53721e+09
       4250.00   1.50409e+09
       4270.00   1.47333e+09
       4290.00   1.45144e+09
       4310.00   1.41859e+09
       4330.00   1.36119e+09
       4350.00   1.28267e+09
       4370.00   1.35357e+09
       4390.00   1.32332e+09
       4410.00   1.30604e+09
       4430.00   1.29243e+09
       4450.00   1.26980e+09
       4470.00   1.23344e+09
       4490.00   1.23053e+09
       4510.00   1.20201e+09
       4530.00   1.18742e+09
       4550.00   1.16001e+09
       4570.00   1.15386e+09
       4590.00   1.13149e+09
       4610.00   1.11508e+09
       4630.00   1.09194e+09
       4650.00   1.04641e+09
       4670.00   1.05901e+09
       4690.00   1.02491e+09
       4710.00   1.02412e+09
       4730.00   1.02162e+09
       4750.00   1.00544e+09
       4770.00   9.91180e+08
       4790.00   9.75843e+08
       4810.00   9.60255e+08
       4830.00   9.44680e+08
       4850.00   9.12978e+08
       4870.00   8.46468e+08
       4890.00   9.01380e+08
       4910.00   8.88144e+08
       4930.00   8.67189e+08
       4950.00   8.60918e+08
       4970.00   8.51242e+08
       4990.00   8.38698e+08
       5010.00   8.17802e+08
       5030.00   8.12413e+08
       5050.00   7.99285e+08
       5070.00   7.90412e+08
       5090.00   7.78948e+08
       5110.00   7.67510e+08
       5130.00   7.56012e+08
       5150.00   7.45137e+08
       5170.00   7.34295e+08
       5190.00   7.24101e+08
       5210.00   7.14097e+08
       5230.00   7.04115e+08
       5250.00   6.92555e+08
       5270.00   6.82520e+08
       5290.00   6.74717e+08
       5310.00   6.65141e+08
       5330.00   6.55929e+08
       5350.00   6.46914e+08
       5370.00   6.37924e+08
       5390.00   6.28997e+08
       5410.00   6.13337e+08
       5430.00   6.12009e+08
       5450.00   6.03618e+08
       5470.00   5.95272e+08
       5490.00   5.87255e+08
       5510.00   5.78830e+08
       5530.00   5.71460e+08
       5550.00   5.63937e+08
       5570.00   5.56069e+08
       5590.00   5.47251e+08
       5610.00   5.41644e+08
       5630.00   5.34463e+08
       5650.00   5.27287e+08
       5670.00   5.19929e+08
       5690.00   5.06681e+08
       5710.00   5.05310e+08
       5730.00   5.00354e+08
       5750.00   4.93211e+08
       5770.00   4.87455e+08
       5790.00   4.81070e+08
       5810.00   4.72842e+08
       5830.00   4.67442e+08
       5850.00   4.62710e+08
       5870.00   4.49307e+08
       5890.00   4.50420e+08
       5910.00   4.45155e+08
       5930.00   4.39329e+08
       5950.00   4.33741e+08
       5970.00   4.28705e+08
       5990.00   4.23443e+08
       6010.00   4.17896e+08
       6030.00   4.12362e+08
       6050.00   4.07778e+08
       6070.00   4.02365e+08
       6090.00   3.98010e+08
       6110.00   3.92643e+08
       6130.00   3.87990e+08
       6150.00   3.83180e+08
       6170.00   3.77968e+08
       6190.00   3.74301e+08
       6210.00   3.69823e+08
       6230.00   3.64579e+08
       6250.00   3.60784e+08
       6270.00   3.56550e+08
       6290.00   3.52325e+08
       6310.00   3.47180e+08
       6330.00   3.43975e+08
       6350.00   3.39700e+08
       6370.00   3.35852e+08
       6390.00   3.31862e+08
       6410.00   3.27199e+08
       6430.00   3.24147e+08
       6450.00   3.20066e+08
       6470.00   3.16083e+08
       6490.00   3.12412e+08
       6510.00   3.08922e+08
       6530.00   3.04629e+08
       6550.00   2.98601e+08
       6561.25   2.74259e+08
       6590.00   2.94380e+08
       6610.00   2.91704e+08
       6630.00   2.88533e+08
       6650.00   2.85181e+08
       6670.00   2.79765e+08
       6690.00   2.76175e+08
       6710.00   2.75125e+08
       6730.00   2.71937e+08
       6750.00   2.69046e+08
       6770.00   2.66440e+08
       6790.00   2.63394e+08
       6810.00   2.60630e+08
       6830.00   2.57733e+08
       6850.00   2.54842e+08
       6870.00   2.51931e+08
       6890.00   2.48153e+08
       6910.00   2.46246e+08
       6930.00   2.43885e+08
       6950.00   2.41204e+08
       6970.00   2.38597e+08
       6990.00   2.35984e+08
       7010.00   2.33444e+08
       7030.00   2.30448e+08
       7050.00   2.28180e+08
       7070.00   2.23438e+08
       7090.00   2.23544e+08
       7110.00   2.20931e+08
       7130.00   2.18604e+08
       7150.00   2.16484e+08
       7170.00   2.13417e+08
       7190.00   2.11787e+08
       7210.00   2.09686e+08
       7230.00   2.06913e+08
       7250.00   2.05214e+08
       7270.00   2.03152e+08
       7290.00   1.99934e+08
       7310.00   1.98834e+08
       7330.00   1.96853e+08
       7350.00   1.94814e+08
       7370.00   1.92780e+08
       7390.00   1.90828e+08
       7410.00   1.88825e+08
       7430.00   1.86929e+08
       7450.00   1.84902e+08
       7470.00   1.83008e+08
       7490.00   1.80803e+08
       7510.00   1.79347e+08
       7530.00   1.77565e+08
       7550.00   1.75787e+08
       7570.00   1.73978e+08
       7590.00   1.71303e+08
       7610.00   1.70332e+08
       7630.00   1.68761e+08
       7650.00   1.67095e+08
       7670.00   1.65507e+08
       7690.00   1.63545e+08
       7710.00   1.62064e+08
       7730.00   1.60306e+08
       7750.00   1.58972e+08
       7770.00   1.57474e+08
       7790.00   1.55940e+08
       7810.00   1.54358e+08
       7830.00   1.52895e+08
       7850.00   1.51273e+08
       7870.00   1.49806e+08
       7890.00   1.48333e+08
       7910.00   1.46994e+08
       7930.00   1.45546e+08
       7950.00   1.44213e+08
       7970.00   1.42701e+08
       7990.00   1.41463e+08
       8010.00   1.40017e+08
       8030.00   1.38649e+08
       8050.00   1.37455e+08
       8070.00   1.36202e+08
       8090.00   1.34775e+08
       8110.00   1.33384e+08
       8130.00   1.32398e+08
       8150.00   1.30994e+08
       8170.00   1.29846e+08
       8190.00   1.28319e+08
       8210.00   1.24599e+08
       8230.00   1.23054e+08
       8250.00   1.22458e+08
       8270.00   1.21073e+08
       8290.00   1.20248e+08
       8310.00   1.19256e+08
       8330.00   1.18081e+08
       8350.00   1.16932e+08
       8370.00   1.16842e+08
       8390.00   1.16355e+08
       8410.00   1.15185e+08
       8430.00   1.14501e+08
       8450.00   1.13195e+08
       8470.00   1.12188e+08
       8490.00   1.11394e+08
       8510.00   1.09539e+08
       8530.00   1.09647e+08
       8550.00   1.07063e+08
       8570.00   1.08503e+08
       8590.00   1.05185e+08
       8610.00   1.04458e+08
       8630.00   1.06205e+08
       8650.00   1.03957e+08
       8670.00   9.94539e+07
       8690.00   1.03242e+08
       8710.00   1.02888e+08
       8730.00   1.00909e+08
       8750.00   9.49767e+07
       8770.00   9.83988e+07
       8790.00   9.94436e+07
       8810.00   9.86431e+07
       8830.00   9.76169e+07
       8850.00   9.42085e+07
       8870.00   8.95033e+07
       8890.00   9.47259e+07
       8910.00   9.45052e+07
       8930.00   9.36146e+07
       8950.00   9.29428e+07
       8970.00   9.21870e+07
       8990.00   9.02530e+07
       9010.00   8.41958e+07
       9030.00   8.66138e+07
       9050.00   8.88026e+07
       9070.00   8.78756e+07
       9090.00   8.74894e+07
       9110.00   8.67924e+07
       9130.00   8.61957e+07
       9150.00   8.54818e+07
       9170.00   8.46165e+07
       9190.00   8.38650e+07
       9210.00   8.16713e+07
       9230.00   7.51711e+07
       9250.00   8.04205e+07
       9270.00   8.10427e+07
       9290.00   8.05458e+07
       9310.00   7.97220e+07
       9330.00   7.92074e+07
       9350.00   7.78563e+07
       9370.00   7.77388e+07
       9390.00   7.72926e+07
       9410.00   7.65730e+07
       9430.00   7.59859e+07
       9450.00   7.53946e+07
       9470.00   7.45682e+07
       9490.00   7.41371e+07
       9510.00   7.29633e+07
       9530.00   7.11392e+07
       9550.00   6.56947e+07
       9570.00   7.08707e+07
       9590.00   7.10916e+07
       9610.00   7.05349e+07
       9630.00   6.98400e+07
       9650.00   6.95347e+07
       9670.00   6.89935e+07
       9690.00   6.84121e+07
       9710.00   6.68959e+07
       9730.00   6.71982e+07
       9750.00   6.68158e+07
       9770.00   6.61478e+07
       9790.00   6.57599e+07
       9810.00   6.52337e+07
       9830.00   6.47151e+07
       9850.00   6.42040e+07
       9870.00   6.37005e+07
       9890.00   6.31619e+07
       9910.00   6.25927e+07
       9930.00   6.22300e+07
       9950.00   6.17518e+07
       9970.00   6.12504e+07
       9990.00   6.07940e+07
       10025.0   5.85747e+07
       10075.0   5.68590e+07
       10125.0   5.70816e+07
       10175.0   5.66129e+07
       10225.0   5.55201e+07
       10275.0   5.44780e+07
       10325.0   5.33190e+07
       10375.0   5.24809e+07
       10425.0   5.14552e+07
       10475.0   5.05600e+07
       10525.0   4.96251e+07
       10575.0   4.87190e+07
       10625.0   4.78311e+07
       10675.0   4.69245e+07
       10725.0   4.61212e+07
       10775.0   4.52885e+07
       10825.0   4.41381e+07
       10875.0   4.36535e+07
       10925.0   4.07677e+07
       10975.0   4.17169e+07
       11025.0   4.12991e+07
       11075.0   4.06906e+07
       11125.0   3.99786e+07
       11175.0   3.92959e+07
       11225.0   3.86027e+07
       11275.0   3.79470e+07
       11325.0   3.72866e+07
       11375.0   3.66538e+07
       11425.0   3.60364e+07
       11475.0   3.54284e+07
       11525.0   3.48352e+07
       11575.0   3.42424e+07
       11625.0   3.35276e+07
       11675.0   3.30392e+07
       11725.0   3.25717e+07
       11775.0   3.20321e+07
       11825.0   3.14951e+07
       11875.0   3.09873e+07
       11925.0   3.04816e+07
       11975.0   2.98073e+07
       12025.0   2.95078e+07
       12075.0   2.90262e+07
       12125.0   2.85542e+07
       12175.0   2.81092e+07
       12225.0   2.76604e+07
       12275.0   2.72230e+07
       12325.0   2.67918e+07
       12375.0   2.63715e+07
       12425.0   2.59596e+07
       12475.0   2.55486e+07
       12525.0   2.51169e+07
       12575.0   2.47603e+07
       12625.0   2.43826e+07
       12675.0   2.40100e+07
       12725.0   2.36425e+07
       12775.0   2.30396e+07
       12825.0   2.17746e+07
       12875.0   2.25319e+07
       12925.0   2.22416e+07
       12975.0   2.18348e+07
       13025.0   2.15727e+07
       13075.0   2.12582e+07
       13125.0   2.09423e+07
       13175.0   2.06322e+07
       13225.0   2.03281e+07
       13275.0   2.00292e+07
       13325.0   1.97343e+07
       13375.0   1.94457e+07
       13425.0   1.91529e+07
       13475.0   1.88855e+07
       13525.0   1.86102e+07
       13575.0   1.83472e+07
       13625.0   1.80799e+07
       13675.0   1.78259e+07
       13725.0   1.75630e+07
       13775.0   1.73234e+07
       13825.0   1.70789e+07
       13875.0   1.68380e+07
       13925.0   1.65970e+07
       13975.0   1.63691e+07
       14025.0   1.61362e+07
       14075.0   1.59177e+07
       14125.0   1.56957e+07
       14175.0   1.54798e+07
       14225.0   1.52682e+07
       14275.0   1.50581e+07
       14325.0   1.48527e+07
       14375.0   1.46504e+07
       14425.0   1.44529e+07
       14475.0   1.42575e+07
       14525.0   1.40649e+07
       14570.0   1.38951e+07
       14620.0   1.37111e+07
       14675.0   1.35109e+07
       14725.0   1.33313e+07
       14775.0   1.31213e+07
       14825.0   1.29822e+07
       14875.0   1.28117e+07
       14925.0   1.26434e+07
       14975.0   1.24770e+07
       15025.0   1.23125e+07
       15075.0   1.21345e+07
       15125.0   1.19888e+07
       15175.0   1.18287e+07
       15225.0   1.16736e+07
       15275.0   1.15161e+07
       15325.0   1.13624e+07
       15375.0   1.12295e+07
       15425.0   1.10587e+07
       15475.0   1.09469e+07
       15525.0   1.08048e+07
       15575.0   1.06207e+07
       15625.0   1.05731e+07
       15675.0   1.03785e+07
       15725.0   1.02126e+07
       15775.0   1.01930e+07
       15825.0   1.00569e+07
       15875.0   9.76912e+06
       15925.0   9.77754e+06
       15975.0   9.72293e+06
       16050.0   9.50285e+06
       16150.0   9.18649e+06
       16250.0   9.09132e+06
       16350.0   8.82360e+06
       16450.0   8.52035e+06
       16550.0   8.45758e+06
       16650.0   8.25900e+06
       16750.0   8.01418e+06
       16850.0   7.72866e+06
       16950.0   7.69662e+06
       17050.0   7.49346e+06
       17150.0   7.34856e+06
       17250.0   7.18043e+06
       17350.0   6.83433e+06
       17450.0   6.84827e+06
       17550.0   6.70868e+06
       17650.0   6.55984e+06
       17750.0   6.41463e+06
       17850.0   6.27296e+06
       17950.0   6.13685e+06
       18050.0   6.00336e+06
       18150.0   5.71633e+06
       18250.0   5.72444e+06
       18350.0   5.62451e+06
       18450.0   5.50461e+06
       18550.0   5.38531e+06
       18650.0   5.22623e+06
       18750.0   5.01086e+06
       18850.0   5.05590e+06
       18950.0   4.95149e+06
       19050.0   4.83839e+06
       19150.0   4.75060e+06
       19250.0   4.65369e+06
       19350.0   4.55541e+06
       19450.0   4.32475e+06
       19550.0   4.36963e+06
       19650.0   4.28966e+06
       19750.0   4.20431e+06
       19850.0   4.12085e+06
       19950.0   4.03960e+06
       20050.0   3.96052e+06
       20150.0   3.88326e+06
       20250.0   3.80780e+06
       20350.0   3.73417e+06
       20450.0   3.66152e+06
       20550.0   3.58726e+06
       20650.0   3.52371e+06
       20750.0   3.45667e+06
       20850.0   3.39161e+06
       20950.0   3.32781e+06
       21050.0   3.26549e+06
       21150.0   3.19586e+06
       21250.0   3.14549e+06
       21350.0   3.08742e+06
       21450.0   3.03012e+06
       21550.0   2.97319e+06
       21650.0   2.82225e+06
       21750.0   2.86301e+06
       21850.0   2.81540e+06
       21950.0   2.76596e+06
       22050.0   2.71652e+06
       22150.0   2.66824e+06
       22250.0   2.62065e+06
       22350.0   2.57470e+06
       22450.0   2.52946e+06
       22550.0   2.48522e+06
       22650.0   2.44196e+06
       22750.0   2.39965e+06
       22850.0   2.35928e+06
       22950.0   2.32296e+06
       23050.0   2.28285e+06
       23150.0   2.24419e+06
       23250.0   2.20611e+06
       23350.0   2.16881e+06
       23450.0   2.13226e+06
       23550.0   2.09653e+06
       23650.0   2.06072e+06
       23750.0   2.02517e+06
       23850.0   1.98888e+06
       23950.0   1.95576e+06
       24050.0   1.92344e+06
       24150.0   1.89133e+06
       24250.0   1.86000e+06
       24350.0   1.83015e+06
       24450.0   1.79977e+06
       24550.0   1.77207e+06
       24650.0   1.74222e+06
       24750.0   1.71316e+06
       24850.0   1.69123e+06
       24950.0   1.65737e+06
       25050.0   1.64020e+06
       25150.0   1.61324e+06
       25250.0   1.57809e+06
       25350.0   1.56156e+06
       25450.0   1.54001e+06
       25550.0   1.51332e+06
       25650.0   1.47910e+06
       25750.0   1.46831e+06
       25850.0   1.44739e+06
       25950.0   1.42529e+06
       26050.0   1.39838e+06
       26150.0   1.36281e+06
       26250.0   1.31308e+06
       26350.0   1.33813e+06
       26450.0   1.32108e+06
       26550.0   1.30051e+06
       26650.0   1.27926e+06
       26750.0   1.24323e+06
       26850.0   1.24146e+06
       26950.0   1.22620e+06
       27050.0   1.20829e+06
       27150.0   1.19067e+06
       27250.0   1.17337e+06
       27350.0   1.15635e+06
       27450.0   1.13889e+06
       27550.0   1.10373e+06
       27650.0   1.10000e+06
       27750.0   1.09140e+06
       27850.0   1.07586e+06
       27950.0   1.06065e+06
       28050.0   1.04563e+06
       28150.0   1.03094e+06
       28250.0   1.01648e+06
       28350.0   1.00229e+06
       28450.0       988321.
       28550.0       974292.
       28650.0       956625.
       28750.0       925506.
       28850.0       933857.
       28950.0       922068.
       29050.0       909480.
       29150.0       897089.
       29250.0       884933.
       29350.0       872965.
       29450.0       861226.
       29550.0       849669.
       29650.0       838333.
       29750.0       827131.
       29850.0       816144.
       29950.0       805327.
       30050.0       794720.
       30150.0       784193.
       30250.0       773624.
       30350.0       747062.
       30450.0       745130.
       30550.0       744054.
       30650.0       734434.
       30750.0       724884.
       30850.0       715561.
       30950.0       706500.
       31050.0       697424.
       31150.0       688566.
       31250.0       679807.
       31350.0       671223.
       31450.0       662733.
       31550.0       654413.
       31650.0       646185.
       31750.0       638122.
       31850.0       630185.
       31950.0       622334.
       32100.0       610828.
       32300.0       595885.
       32500.0       581369.
       32700.0       567303.
       32900.0       543129.
       33100.0       539439.
       33300.0       528120.
       33500.0       515724.
       33700.0       503616.
       33900.0       491856.
       34100.0       480434.
       34300.0       469340.
       34500.0       458565.
       34700.0       448101.
       34900.0       437938.
       35100.0       428038.
       35300.0       418455.
       35500.0       409120.
       35700.0       399790.
       35900.0       391197.
       36100.0       382220.
       36300.0       374217.
       36500.0       365518.
       36700.0       358245.
       36900.0       349641.
       37100.0       342597.
       37300.0       332623.
       37500.0       323218.
       37700.0       321680.
       37900.0       315015.
       38100.0       307668.
       38300.0       301407.
       38500.0       295844.
       38700.0       289775.
       38900.0       283666.
       39100.0       276533.
       39300.0       272482.
       39500.0       267025.
       39700.0       261688.
       39900.0       256469.
       40100.0       250473.
       40300.0       244745.
       40500.0       236891.
       40700.0       236888.
       40900.0       232302.
       41100.0       227817.
       41300.0       223296.
       41500.0       219071.
       41700.0       212787.
       41900.0       210756.
       42100.0       206922.
       42300.0       203037.
       42500.0       199170.
       42700.0       195532.
       42900.0       191672.
       43100.0       188372.
       43300.0       184914.
       43500.0       181531.
       43700.0       176155.
       43900.0       174477.
       44100.0       171848.
       44300.0       168766.
       44500.0       165750.
       44700.0       162901.
       44900.0       160014.
       45100.0       157191.
       45300.0       154433.
       45500.0       151733.
       45700.0       149091.
       45900.0       146507.
       46100.0       143946.
       46300.0       141500.
       46500.0       135778.
       46700.0       134239.
       46900.0       134085.
       47100.0       132120.
       47300.0       129899.
       47500.0       127718.
       47700.0       125588.
       47900.0       123502.
       48100.0       121457.
       48300.0       119455.
       48500.0       117493.
       48700.0       115572.
       48900.0       113690.
       49100.0       111845.
       49300.0       110039.
       49500.0       108267.
       49700.0       106533.
       49900.0       104832.
       50100.0       103165.
       50300.0       101530.
       50500.0       99928.7
       50700.0       98357.7
       50900.0       96818.5
       51100.0       95182.1
       51300.0       91870.4
       51500.0       92311.6
       51700.0       90951.8
       51900.0       89554.3
       52100.0       88183.8
       52300.0       86839.9
       52500.0       85522.1
       52700.0       84227.1
       52900.0       82958.8
       53100.0       81712.4
       53300.0       80490.3
       53500.0       79290.8
       53700.0       78113.3
       53900.0       76956.4
       54100.0       75822.1
       54300.0       74708.8
       54500.0       73614.8
       54700.0       72541.1
       54900.0       71487.3
       55100.0       70453.1
       55300.0       69435.6
       55500.0       68438.3
       55700.0       67457.1
       55900.0       66494.2
       56100.0       65548.2
       56300.0       64619.8
       56500.0       63706.4
       56700.0       62810.1
       56900.0       61928.3
       57100.0       61063.1
       57300.0       60211.9
       57500.0       59375.6
       57700.0       58553.9
       57900.0       57746.7
       58100.0       56953.6
       58300.0       56173.3
       58500.0       55426.6
       58700.0       54672.4
       58900.0       53831.5
       59100.0       51861.8
       59300.0       52445.7
       59500.0       51781.9
       59700.0       51088.8
       59900.0       50407.0
       60100.0       49737.2
       60300.0       49078.4
       60500.0       48430.2
       60700.0       47792.6
       60900.0       47165.3
       61100.0       46549.3
       61300.0       45942.2
       61500.0       45345.1
       61700.0       44757.7
       61900.0       44179.9
       62100.0       43611.5
       62300.0       43051.4
       62500.0       42501.5
       62700.0       41959.6
       62900.0       41426.5
       63100.0       40901.3
       63300.0       40384.7
       63500.0       39876.6
       63700.0       39375.9
       63900.0       38883.4
       64200.0       38158.0
       64600.0       37218.4
       65000.0       36306.1
       65400.0       35423.0
       65800.0       34565.5
       66200.0       33733.8
       66600.0       32927.3
       67000.0       32144.2
       67400.0       31384.8
       67800.0       30647.6
       68200.0       29932.0
       68600.0       29236.5
       69000.0       28561.4
       69400.0       27905.4
       69800.0       27268.7
       70200.0       26649.2
       70600.0       26048.0
       71000.0       25463.1
       71400.0       24894.1
       71800.0       24341.3
       72200.0       23804.2
       72600.0       23281.0
       73000.0       22772.8
       73400.0       22277.7
       73800.0       21796.2
       74200.0       21302.5
       74600.0       20568.3
       75000.0       20075.5
       75400.0       19994.3
       75800.0       19575.3
       76200.0       19165.3
       76600.0       18766.0
       77000.0       18377.1
       77400.0       17998.4
       77800.0       17628.9
       78200.0       17269.2
       78600.0       16918.8
       79000.0       16577.1
       79400.0       16243.8
       79800.0       15918.7
       80200.0       15601.5
       80600.0       15292.8
       81000.0       14991.1
       81400.0       14696.9
       81800.0       14409.9
       82200.0       14130.1
       82600.0       13856.6
       83000.0       13590.0
       83400.0       13329.9
       83800.0       13075.8
       84200.0       12827.6
       84600.0       12585.5
       85000.0       12348.9
       85400.0       12117.8
       85800.0       11892.0
       86200.0       11671.9
       86600.0       11456.3
       87000.0       11245.7
       87400.0       11039.9
       87800.0       10839.3
       88200.0       10642.5
       88600.0       10450.6
       89000.0       10262.7
       89400.0       10079.2
       89800.0       9899.87
       90200.0       9724.28
       90600.0       9552.78
       91000.0       9384.82
       91400.0       9220.79
       91800.0       9060.14
       92200.0       8902.81
       92600.0       8749.18
       93000.0       8598.72
       93400.0       8451.38
       93800.0       8307.09
       94200.0       8166.22
       94600.0       8027.85
       95000.0       7892.76
       95400.0       7760.49
       95800.0       7630.96
       96200.0       7503.72
       96600.0       7379.53
       97000.0       7257.54
       97400.0       7138.48
       97800.0       7021.52
       98200.0       6907.01
       98600.0       6794.89
       99000.0       6685.13
       99400.0       6577.67
       99800.0       6472.10
       100200.       6368.37
       200000.       391.913
       400000.       23.7717
       600000.       4.61066
       800000.       1.43999
   1.00000e+06      0.584083
   1.20000e+06      0.279487
   1.40000e+06      0.149902
   1.60000e+06     0.0873941
