       90.9000       0.00000
       93.5000       0.00000
       96.1000       0.00000
       97.7000       0.00000
       99.6000       0.00000
       102.000       0.00000
       103.800       0.00000
       105.600       0.00000
       107.700       0.00000
       110.400       0.00000
       114.000       0.00000
       117.800       0.00000
       121.300       0.00000
       124.800       0.00000
       127.100       0.00000
       128.400       0.00000
       130.500       0.00000
       132.400       0.00000
       133.900       0.00000
       136.600       0.00000
       139.800       0.00000
       143.300       0.00000
       147.200       0.00000
       151.000       0.00000
       155.200       0.00000
       158.800       0.00000
       162.000       0.00000
       166.000       0.00000
       170.300       0.00000
       173.400       0.00000
       176.800       0.00000
       180.200       0.00000
       181.700       0.00000
       186.100       0.00000
       191.000       0.00000
       193.900       0.00000
       198.400       0.00000
       201.800       0.00000
       205.000       0.00000
       210.500       0.00000
       216.200       0.00000
       219.800       0.00000
       223.000       0.00000
       226.800       0.00000
       230.000       0.00000
       234.000       0.00000
       240.000       0.00000
       246.500       0.00000
       252.400       0.00000
       256.800       0.00000
       260.000       0.00000
       264.000       0.00000
       268.500       0.00000
       273.500       0.00000
       278.500       0.00000
       284.000       0.00000
       290.000       0.00000
       296.000       0.00000
       301.000       0.00000
       308.000       0.00000
       318.000       0.00000
       328.000       0.00000
       338.000       0.00000
       348.000       0.00000
       357.000       0.00000
       366.000       0.00000
       375.000       0.00000
       385.000       0.00000
       395.000       0.00000
       405.000       0.00000
       414.000       0.00000
       422.000       0.00000
       430.000       0.00000
       441.000       0.00000
       451.000       0.00000
       460.000       0.00000
       470.000       0.00000
       480.000       0.00000
       490.000       0.00000
       500.000       0.00000
       506.000       0.00000
       512.000       0.00000
       520.000       0.00000
       530.000       0.00000
       540.000       0.00000
       550.000       0.00000
       560.000       0.00000
       570.000       0.00000
       580.000       0.00000
       590.000       0.00000
       600.000       0.00000
       610.000       0.00000
       620.000       0.00000
       630.000       0.00000
       640.000       0.00000
       650.000       0.00000
       658.000       0.00000
       665.000       0.00000
       675.000       0.00000
       685.000       0.00000
       695.000       0.00000
       705.000       0.00000
       716.000       0.00000
       726.000       0.00000
       735.000       0.00000
       745.000       0.00000
       755.000       0.00000
       765.000       0.00000
       775.000       0.00000
       785.000       0.00000
       795.000       0.00000
       805.000       0.00000
       815.000       0.00000
       825.000       0.00000
       835.000       0.00000
       845.000       0.00000
       855.000       0.00000
       865.000       0.00000
       875.000       0.00000
       885.000       0.00000
       895.000       0.00000
       905.000       0.00000
       915.000       0.00000
       925.000   8.92133e-08
       935.000   1.26482e-07
       945.000   1.92975e-07
       955.000   3.01054e-07
       965.000   4.80650e-07
       975.000   6.46282e-07
       985.000   9.75816e-07
       995.000   1.37914e-06
       1005.00   2.08700e-06
       1015.00   2.95406e-06
       1025.00   3.28708e-06
       1035.00   6.15267e-06
       1045.00   8.78742e-06
       1055.00   1.08803e-05
       1065.00   1.60995e-05
       1075.00   2.20384e-05
       1085.00   3.03292e-05
       1095.00   3.75811e-05
       1105.00   5.01371e-05
       1115.00   6.74356e-05
       1125.00   9.59191e-05
       1135.00   0.000138325
       1145.00   0.000187069
       1155.00   0.000240987
       1165.00   0.000316601
       1175.00   0.000421638
       1185.00   0.000516365
       1195.00   0.000593525
       1205.00   0.000669879
       1215.00   0.000452722
       1225.00    0.00102850
       1235.00    0.00161711
       1245.00    0.00206822
       1255.00    0.00249906
       1265.00    0.00303743
       1275.00    0.00374338
       1285.00    0.00429154
       1295.00    0.00528516
       1305.00    0.00617183
       1315.00    0.00776979
       1325.00    0.00881450
       1335.00     0.0102506
       1345.00     0.0127674
       1355.00     0.0156234
       1365.00     0.0180554
       1375.00     0.0211178
       1385.00     0.0245416
       1395.00     0.0293579
       1405.00     0.0361286
       1415.00     0.0431329
       1425.00     0.0508856
       1435.00     0.0615637
       1442.00     0.0748093
       1447.00     0.0751388
       1455.00     0.0870669
       1465.00      0.109721
       1475.00      0.127733
       1485.00      0.142316
       1495.00      0.182430
       1505.00      0.221196
       1512.00      0.203679
       1517.00      0.240940
       1525.00      0.547384
       1535.00      0.920487
       1545.00      0.782508
       1555.00       1.31183
       1565.00       1.27607
       1575.00       3.04315
       1585.00       3.68824
       1595.00       4.38419
       1605.00       4.64956
       1615.00       5.08961
       1625.00       5.77345
       1635.00       7.50861
       1645.00       10.9563
       1655.00       7.84951
       1665.00       13.4070
       1672.00       9.19637
       1677.00       35.4650
       1685.00       40.2959
       1695.00       51.4082
       1705.00       55.2702
       1715.00       52.9047
       1725.00       74.2896
       1735.00       88.6026
       1745.00       125.328
       1755.00       162.849
       1765.00       158.856
       1775.00       166.888
       1785.00       237.196
       1795.00       263.873
       1805.00       316.264
       1815.00       293.038
       1825.00       391.613
       1835.00       403.534
       1845.00       319.532
       1855.00       435.213
       1865.00       525.612
       1875.00       571.028
       1885.00       624.020
       1895.00       840.341
       1905.00       813.448
       1915.00       954.835
       1925.00       960.943
       1935.00       641.108
       1945.00       1231.06
       1955.00       1370.00
       1967.00       1733.17
       1976.00       1772.42
       1984.00       1948.71
       1995.00       1976.40
       2005.00       1964.05
       2015.00       2233.63
       2025.00       1793.88
       2035.00       2496.60
       2045.00       2864.56
       2055.00       3105.89
       2065.00       3119.52
       2074.00       3288.17
       2078.00       6460.91
       2085.00       7924.36
       2095.00       7771.64
       2105.00       8020.21
       2115.00       9783.72
       2125.00       9157.08
       2135.00       10484.0
       2145.00       11909.4
       2155.00       10809.4
       2165.00       10365.8
       2175.00       10472.2
       2185.00       13002.7
       2195.00       13927.5
       2205.00       14735.2
       2215.00       12710.4
       2225.00       15606.8
       2235.00       22595.3
       2245.00       22706.1
       2255.00       18886.1
       2265.00       14876.9
       2275.00       16494.8
       2285.00       25284.1
       2295.00       21688.2
       2305.00       22798.7
       2315.00       24903.0
       2325.00       25046.0
       2335.00       28295.8
       2345.00       19533.9
       2355.00       28290.0
       2365.00       22543.0
       2375.00       26755.6
       2385.00       21261.1
       2395.00       25184.2
       2405.00       29033.0
       2415.00       25305.6
       2425.00       39880.5
       2435.00       43752.8
       2445.00       54577.2
       2455.00       59652.8
       2465.00       43532.0
       2475.00       39608.9
       2485.00       16955.0
       2495.00       25670.2
       2505.00       42942.9
       2513.00       23609.0
       2518.00       16463.0
       2525.00       18714.7
       2535.00       43743.4
       2545.00       43317.1
       2555.00       118213.
       2565.00       80302.3
       2575.00       124701.
       2585.00       113895.
       2595.00       108739.
       2605.00       100245.
       2615.00       88312.2
       2625.00       124785.
       2635.00       269460.
       2645.00       334167.
       2655.00       615572.
       2665.00       320370.
       2675.00       350763.
       2685.00       472955.
       2695.00       258741.
       2705.00       382336.
       2715.00       240843.
       2725.00       127859.
       2735.00       203101.
       2745.00       139592.
       2755.00       206670.
       2765.00       289653.
       2775.00       296507.
       2785.00       169295.
       2795.00       77511.1
       2805.00       96068.8
       2815.00       251952.
       2825.00       328131.
       2835.00       237141.
       2845.00       128956.
       2855.00       65260.9
       2865.00       181163.
       2875.00       375225.
       2885.00       423056.
       2895.00       690213.
       2910.00   1.11349e+06
       2930.00       905041.
       2950.00       736794.
       2970.00       731645.
       2990.00       742833.
       3010.00       661932.
       3030.00       810424.
       3050.00       846079.
       3070.00   1.11545e+06
       3090.00       985336.
       3110.00   1.38359e+06
       3130.00   1.19619e+06
       3150.00   1.22737e+06
       3170.00   1.38453e+06
       3190.00   1.15428e+06
       3210.00   1.24220e+06
       3230.00   1.02678e+06
       3250.00   1.65216e+06
       3270.00   2.02900e+06
       3290.00   1.96825e+06
       3310.00   1.72608e+06
       3330.00   1.81745e+06
       3350.00   1.71451e+06
       3370.00   1.10128e+06
       3390.00   1.31143e+06
       3410.00   1.32340e+06
       3430.00   1.43892e+06
       3450.00   1.50945e+06
       3470.00   1.60552e+06
       3490.00   1.94995e+06
       3510.00   2.12450e+06
       3530.00   1.82979e+06
       3550.00   2.16750e+06
       3570.00   1.23842e+06
       3590.00   1.32775e+06
       3610.00   1.84458e+06
       3630.00   1.91797e+06
       3640.00   2.03560e+06
       3650.00   2.38967e+06
       3670.00   2.62158e+06
       3690.00   2.23948e+06
       3710.00   2.33241e+06
       3730.00   1.27915e+06
       3750.00   1.52123e+06
       3770.00   2.20850e+06
       3790.00   2.26330e+06
       3810.00   1.97725e+06
       3830.00       909178.
       3850.00   1.36225e+06
       3870.00   1.33883e+06
       3890.00   1.98073e+06
       3910.00   2.56918e+06
       3930.00   1.21311e+06
       3950.00   2.27897e+06
       3970.00   1.58638e+06
       3990.00   3.49633e+06
       4010.00   3.74737e+06
       4030.00   3.70261e+06
       4050.00   3.48262e+06
       4070.00   3.24197e+06
       4090.00   4.16590e+06
       4110.00   4.08197e+06
       4130.00   3.86407e+06
       4150.00   3.72498e+06
       4170.00   3.89472e+06
       4190.00   3.62158e+06
       4210.00   3.73689e+06
       4230.00   3.53341e+06
       4250.00   3.63497e+06
       4270.00   3.33321e+06
       4290.00   3.07356e+06
       4310.00   2.57216e+06
       4330.00   4.05325e+06
       4350.00   3.99855e+06
       4370.00   4.32857e+06
       4390.00   3.77980e+06
       4410.00   4.10182e+06
       4430.00   4.56801e+06
       4450.00   4.52533e+06
       4470.00   4.88785e+06
       4490.00   4.98605e+06
       4510.00   5.67686e+06
       4530.00   4.98595e+06
       4550.00   5.25139e+06
       4570.00   5.61626e+06
       4590.00   5.28382e+06
       4610.00   5.40116e+06
       4630.00   5.32736e+06
       4650.00   5.37415e+06
       4670.00   5.59959e+06
       4690.00   5.47709e+06
       4710.00   5.32216e+06
       4730.00   5.53353e+06
       4750.00   5.64950e+06
       4770.00   5.67689e+06
       4790.00   5.67277e+06
       4810.00   5.61299e+06
       4830.00   5.74973e+06
       4850.00   5.43206e+06
       4870.00   4.88416e+06
       4890.00   5.37160e+06
       4910.00   5.40497e+06
       4930.00   5.25162e+06
       4950.00   5.52507e+06
       4970.00   5.55207e+06
       4990.00   5.13577e+06
       5010.00   4.87556e+06
       5030.00   5.19348e+06
       5050.00   5.16927e+06
       5070.00   5.43033e+06
       5090.00   5.15305e+06
       5110.00   5.24206e+06
       5130.00   5.10192e+06
       5150.00   4.85087e+06
       5170.00   4.14773e+06
       5190.00   4.31247e+06
       5210.00   4.95019e+06
       5230.00   5.15742e+06
       5250.00   5.45226e+06
       5270.00   4.65811e+06
       5290.00   5.41992e+06
       5310.00   5.73044e+06
       5330.00   5.00324e+06
       5350.00   5.50844e+06
       5370.00   5.42777e+06
       5390.00   5.35450e+06
       5410.00   5.17842e+06
       5430.00   5.31091e+06
       5450.00   5.48281e+06
       5470.00   5.42176e+06
       5490.00   5.48657e+06
       5510.00   5.40028e+06
       5530.00   5.49113e+06
       5550.00   5.56586e+06
       5570.00   5.38656e+06
       5590.00   5.25381e+06
       5610.00   5.47916e+06
       5630.00   5.47335e+06
       5650.00   5.51421e+06
       5670.00   5.37764e+06
       5690.00   5.46534e+06
       5710.00   5.31585e+06
       5730.00   5.70817e+06
       5750.00   5.51004e+06
       5770.00   5.56707e+06
       5790.00   5.37843e+06
       5810.00   5.54146e+06
       5830.00   5.65402e+06
       5850.00   5.50116e+06
       5870.00   5.51666e+06
       5890.00   5.01806e+06
       5910.00   5.44353e+06
       5930.00   5.43805e+06
       5950.00   5.45178e+06
       5970.00   5.49099e+06
       5990.00   5.42236e+06
       6010.00   5.31770e+06
       6030.00   5.38206e+06
       6050.00   5.47725e+06
       6070.00   5.42485e+06
       6090.00   5.26160e+06
       6110.00   5.24678e+06
       6130.00   5.00307e+06
       6150.00   5.14788e+06
       6170.00   4.90595e+06
       6190.00   5.22580e+06
       6210.00   5.22101e+06
       6230.00   5.06330e+06
       6250.00   4.92814e+06
       6270.00   5.13287e+06
       6290.00   5.15960e+06
       6310.00   5.00745e+06
       6330.00   5.03904e+06
       6350.00   5.05798e+06
       6370.00   5.03194e+06
       6390.00   5.07199e+06
       6410.00   4.93715e+06
       6430.00   5.00325e+06
       6450.00   4.94266e+06
       6470.00   4.90117e+06
       6490.00   4.82852e+06
       6510.00   4.95562e+06
       6530.00   4.95888e+06
       6550.00   4.80650e+06
       6561.25   4.40574e+06
       6590.00   4.83239e+06
       6610.00   4.91537e+06
       6630.00   4.87007e+06
       6650.00   4.86016e+06
       6670.00   4.78686e+06
       6690.00   4.87932e+06
       6710.00   4.74142e+06
       6730.00   4.82973e+06
       6750.00   4.76832e+06
       6770.00   4.77899e+06
       6790.00   4.73895e+06
       6810.00   4.71351e+06
       6830.00   4.74514e+06
       6850.00   4.61173e+06
       6870.00   4.67145e+06
       6890.00   4.68642e+06
       6910.00   4.64166e+06
       6930.00   4.61907e+06
       6950.00   4.59143e+06
       6970.00   4.59187e+06
       6990.00   4.56656e+06
       7010.00   4.43926e+06
       7030.00   4.50582e+06
       7050.00   4.52107e+06
       7070.00   4.46553e+06
       7090.00   4.44210e+06
       7110.00   4.46401e+06
       7130.00   4.37364e+06
       7150.00   4.33970e+06
       7170.00   4.35876e+06
       7190.00   4.21657e+06
       7210.00   4.30735e+06
       7230.00   4.33306e+06
       7250.00   4.33205e+06
       7270.00   4.31431e+06
       7290.00   4.18788e+06
       7310.00   4.25242e+06
       7330.00   4.23408e+06
       7350.00   4.23582e+06
       7370.00   4.24824e+06
       7390.00   4.13546e+06
       7410.00   4.04215e+06
       7430.00   4.13691e+06
       7450.00   4.13509e+06
       7470.00   4.15801e+06
       7490.00   4.11817e+06
       7510.00   4.11490e+06
       7530.00   4.12610e+06
       7550.00   4.13011e+06
       7570.00   4.08635e+06
       7590.00   4.06367e+06
       7610.00   4.04540e+06
       7630.00   4.05217e+06
       7650.00   4.05045e+06
       7670.00   3.91274e+06
       7690.00   4.02015e+06
       7710.00   3.95033e+06
       7730.00   3.95652e+06
       7750.00   3.89949e+06
       7770.00   3.97635e+06
       7790.00   3.95435e+06
       7810.00   3.92992e+06
       7830.00   3.87988e+06
       7850.00   3.86326e+06
       7870.00   3.89851e+06
       7890.00   3.86170e+06
       7910.00   3.79150e+06
       7930.00   3.72963e+06
       7950.00   3.70665e+06
       7970.00   3.78795e+06
       7990.00   3.78246e+06
       8010.00   3.72414e+06
       8030.00   3.72460e+06
       8050.00   3.68437e+06
       8070.00   3.70206e+06
       8090.00   3.62075e+06
       8110.00   3.64919e+06
       8130.00   3.66335e+06
       8150.00   3.63927e+06
       8170.00   3.63129e+06
       8190.00   3.50613e+06
       8210.00   3.52423e+06
       8230.00   3.51947e+06
       8250.00   3.55069e+06
       8270.00   3.57711e+06
       8290.00   3.55126e+06
       8310.00   3.47178e+06
       8330.00   3.44400e+06
       8350.00   3.46075e+06
       8370.00   3.47241e+06
       8390.00   3.37105e+06
       8410.00   3.45682e+06
       8430.00   3.37534e+06
       8450.00   3.41731e+06
       8470.00   3.37656e+06
       8490.00   3.40128e+06
       8510.00   3.25084e+06
       8530.00   3.38598e+06
       8550.00   3.19411e+06
       8570.00   3.38563e+06
       8590.00   3.30821e+06
       8610.00   3.29956e+06
       8630.00   3.32652e+06
       8650.00   3.33105e+06
       8670.00   3.09082e+06
       8690.00   3.19359e+06
       8710.00   3.24365e+06
       8730.00   3.24576e+06
       8750.00   3.19930e+06
       8770.00   3.23821e+06
       8790.00   3.20399e+06
       8810.00   3.10369e+06
       8830.00   3.16430e+06
       8850.00   3.18085e+06
       8870.00   3.10547e+06
       8890.00   3.17350e+06
       8910.00   3.18356e+06
       8930.00   3.11112e+06
       8950.00   3.09916e+06
       8970.00   3.10703e+06
       8990.00   3.11066e+06
       9010.00   2.97467e+06
       9030.00   3.06921e+06
       9050.00   3.11324e+06
       9070.00   3.06450e+06
       9090.00   2.97356e+06
       9110.00   2.99429e+06
       9130.00   3.03827e+06
       9150.00   3.01942e+06
       9170.00   3.00976e+06
       9190.00   3.03022e+06
       9210.00   2.95556e+06
       9230.00   2.94228e+06
       9250.00   2.92424e+06
       9270.00   2.94439e+06
       9290.00   2.93679e+06
       9310.00   2.94948e+06
       9330.00   2.92512e+06
       9350.00   2.91120e+06
       9370.00   2.88097e+06
       9390.00   2.89619e+06
       9410.00   2.78889e+06
       9430.00   2.87036e+06
       9450.00   2.81076e+06
       9470.00   2.85444e+06
       9490.00   2.85789e+06
       9510.00   2.83164e+06
       9530.00   2.81732e+06
       9550.00   2.75196e+06
       9570.00   2.76996e+06
       9590.00   2.80221e+06
       9610.00   2.76367e+06
       9630.00   2.74286e+06
       9650.00   2.70780e+06
       9670.00   2.70930e+06
       9690.00   2.73548e+06
       9710.00   2.70724e+06
       9730.00   2.69632e+06
       9750.00   2.67378e+06
       9770.00   2.67062e+06
       9790.00   2.64223e+06
       9810.00   2.67100e+06
       9830.00   2.65512e+06
       9850.00   2.65708e+06
       9870.00   2.62776e+06
       9890.00   2.62161e+06
       9910.00   2.61338e+06
       9930.00   2.62124e+06
       9950.00   2.61269e+06
       9970.00   2.60408e+06
       9990.00   2.58747e+06
       10025.0   2.56824e+06
       10075.0   2.52707e+06
       10125.0   2.52106e+06
       10175.0   2.47928e+06
       10225.0   2.46558e+06
       10275.0   2.45756e+06
       10325.0   2.41013e+06
       10375.0   2.38595e+06
       10425.0   2.38565e+06
       10475.0   2.34957e+06
       10525.0   2.34226e+06
       10575.0   2.30777e+06
       10625.0   2.28430e+06
       10675.0   2.23961e+06
       10725.0   2.23777e+06
       10775.0   2.20469e+06
       10825.0   2.16264e+06
       10875.0   2.15490e+06
       10925.0   2.15009e+06
       10975.0   2.11778e+06
       11025.0   2.12604e+06
       11075.0   2.11813e+06
       11125.0   2.09323e+06
       11175.0   2.06691e+06
       11225.0   2.06020e+06
       11275.0   2.01452e+06
       11325.0   2.01111e+06
       11375.0   1.98887e+06
       11425.0   1.95689e+06
       11475.0   1.97561e+06
       11525.0   1.95981e+06
       11575.0   1.92877e+06
       11625.0   1.89649e+06
       11675.0   1.89134e+06
       11725.0   1.89733e+06
       11775.0   1.85609e+06
       11825.0   1.83264e+06
       11875.0   1.81318e+06
       11925.0   1.83661e+06
       11975.0   1.76240e+06
       12025.0   1.78522e+06
       12075.0   1.76038e+06
       12125.0   1.76222e+06
       12175.0   1.76465e+06
       12225.0   1.74760e+06
       12275.0   1.72619e+06
       12325.0   1.71623e+06
       12375.0   1.70362e+06
       12425.0   1.68362e+06
       12475.0   1.67966e+06
       12525.0   1.65970e+06
       12575.0   1.65050e+06
       12625.0   1.63556e+06
       12675.0   1.61481e+06
       12725.0   1.61438e+06
       12775.0   1.60682e+06
       12825.0   1.53587e+06
       12875.0   1.56996e+06
       12925.0   1.55425e+06
       12975.0   1.55711e+06
       13025.0   1.53339e+06
       13075.0   1.53351e+06
       13125.0   1.49974e+06
       13175.0   1.49112e+06
       13225.0   1.49677e+06
       13275.0   1.46871e+06
       13325.0   1.46889e+06
       13375.0   1.45503e+06
       13425.0   1.45771e+06
       13475.0   1.44320e+06
       13525.0   1.43446e+06
       13575.0   1.40672e+06
       13625.0   1.40171e+06
       13675.0   1.39567e+06
       13725.0   1.39090e+06
       13775.0   1.37834e+06
       13825.0   1.37285e+06
       13875.0   1.36007e+06
       13925.0   1.35619e+06
       13975.0   1.34737e+06
       14025.0   1.32361e+06
       14075.0   1.32812e+06
       14125.0   1.30654e+06
       14175.0   1.31410e+06
       14225.0   1.28358e+06
       14275.0   1.26022e+06
       14325.0   1.27943e+06
       14375.0   1.27977e+06
       14425.0   1.23304e+06
       14475.0   1.25782e+06
       14525.0   1.22871e+06
       14570.0   1.23249e+06
       14620.0   1.22994e+06
       14675.0   1.22163e+06
       14725.0   1.19775e+06
       14775.0   1.19406e+06
       14825.0   1.18977e+06
       14875.0   1.15773e+06
       14925.0   1.18777e+06
       14975.0   1.16602e+06
       15025.0   1.11437e+06
       15075.0   1.12307e+06
       15125.0   1.14803e+06
       15175.0   1.14404e+06
       15225.0   1.12565e+06
       15275.0   1.12907e+06
       15325.0   1.11685e+06
       15375.0   1.11347e+06
       15425.0   1.11089e+06
       15475.0   1.10031e+06
       15525.0   1.08030e+06
       15575.0   1.07058e+06
       15625.0   1.07982e+06
       15675.0   1.04912e+06
       15725.0   1.05687e+06
       15775.0   1.00781e+06
       15825.0   1.02833e+06
       15875.0       992070.
       15925.0   1.00996e+06
       15975.0   1.01527e+06
       16050.0   1.00403e+06
       16150.0       984326.
       16250.0       978568.
       16350.0       957545.
       16450.0       936082.
       16550.0       930484.
       16650.0       913552.
       16750.0       885086.
       16850.0       862152.
       16950.0       865620.
       17050.0       836109.
       17150.0       822698.
       17250.0       801185.
       17350.0       773454.
       17450.0       770874.
       17550.0       760121.
       17650.0       746163.
       17750.0       729564.
       17850.0       719462.
       17950.0       704745.
       18050.0       688898.
       18150.0       665832.
       18250.0       658804.
       18350.0       648868.
       18450.0       630853.
       18550.0       624945.
       18650.0       605795.
       18750.0       577608.
       18850.0       587749.
       18950.0       564137.
       19050.0       568839.
       19150.0       556648.
       19250.0       547209.
       19350.0       531617.
       19450.0       511555.
       19550.0       516734.
       19650.0       506532.
       19750.0       494925.
       19850.0       488182.
       19950.0       480679.
       20050.0       475914.
       20150.0       469486.
       20250.0       456078.
       20350.0       446166.
       20450.0       444570.
       20550.0       435784.
       20650.0       425292.
       20750.0       419707.
       20850.0       412805.
       20950.0       402470.
       21050.0       399582.
       21150.0       392065.
       21250.0       385296.
       21350.0       380018.
       21450.0       373781.
       21550.0       367610.
       21650.0       352608.
       21750.0       352670.
       21850.0       347587.
       21950.0       343755.
       22050.0       334600.
       22150.0       332738.
       22250.0       325819.
       22350.0       320610.
       22450.0       315682.
       22550.0       310933.
       22650.0       304742.
       22750.0       301705.
       22850.0       294899.
       22950.0       281391.
       23050.0       282912.
       23150.0       278954.
       23250.0       263339.
       23350.0       265773.
       23450.0       265717.
       23550.0       248963.
       23650.0       254197.
       23750.0       251927.
       23850.0       237348.
       23950.0       241386.
       24050.0       239911.
       24150.0       228607.
       24250.0       229685.
       24350.0       227898.
       24450.0       220958.
       24550.0       217011.
       24650.0       218863.
       24750.0       213039.
       24850.0       206740.
       24950.0       208057.
       25050.0       207246.
       25150.0       199925.
       25250.0       200484.
       25350.0       197809.
       25450.0       193675.
       25550.0       191111.
       25650.0       188868.
       25750.0       187972.
       25850.0       181571.
       25950.0       181713.
       26050.0       180070.
       26150.0       177071.
       26250.0       171033.
       26350.0       171995.
       26450.0       169447.
       26550.0       167382.
       26650.0       163747.
       26750.0       164052.
       26850.0       162236.
       26950.0       159525.
       27050.0       157874.
       27150.0       155691.
       27250.0       153673.
       27350.0       151655.
       27450.0       150077.
       27550.0       147654.
       27650.0       145425.
       27750.0       143616.
       27850.0       142052.
       27950.0       140608.
       28050.0       138645.
       28150.0       136877.
       28250.0       135051.
       28350.0       133617.
       28450.0       131422.
       28550.0       129935.
       28650.0       128125.
       28750.0       126155.
       28850.0       124974.
       28950.0       123501.
       29050.0       121916.
       29150.0       120442.
       29250.0       118312.
       29350.0       117368.
       29450.0       115582.
       29550.0       114369.
       29650.0       113098.
       29750.0       111683.
       29850.0       110209.
       29950.0       108659.
       30050.0       107332.
       30150.0       106220.
       30250.0       104691.
       30350.0       102824.
       30450.0       102118.
       30550.0       100946.
       30650.0       99558.1
       30750.0       98624.7
       30850.0       97111.6
       30950.0       96024.9
       31050.0       95122.1
       31150.0       93204.0
       31250.0       92735.7
       31350.0       91723.4
       31450.0       90619.2
       31550.0       89186.6
       31650.0       88281.6
       31750.0       87349.0
       31850.0       86329.7
       31950.0       85432.1
       32100.0       83765.4
       32300.0       81864.6
       32500.0       79922.1
       32700.0       78045.6
       32900.0       75933.6
       33100.0       74437.6
       33300.0       72652.7
       33500.0       71243.9
       33700.0       69578.2
       33900.0       67867.9
       34100.0       66306.3
       34300.0       65106.2
       34500.0       63774.3
       34700.0       62324.8
       34900.0       60994.0
       35100.0       59732.1
       35300.0       58319.5
       35500.0       57171.0
       35700.0       55887.8
       35900.0       54696.8
       36100.0       53673.3
       36300.0       52551.7
       36500.0       51304.3
       36700.0       50190.1
       36900.0       48914.3
       37100.0       47871.0
       37300.0       47107.2
       37500.0       45783.6
       37700.0       45251.4
       37900.0       44300.4
       38100.0       43517.3
       38300.0       42748.1
       38500.0       41939.1
       38700.0       40983.6
       38900.0       40229.6
       39100.0       39518.5
       39300.0       38756.3
       39500.0       37857.8
       39700.0       37207.2
       39900.0       36300.3
       40100.0       35735.3
       40300.0       35165.7
       40500.0       34279.5
       40700.0       33807.0
       40900.0       33204.7
       41100.0       32612.5
       41300.0       32050.0
       41500.0       31398.4
       41700.0       30838.0
       41900.0       30226.7
       42100.0       29551.2
       42300.0       29251.4
       42500.0       28626.3
       42700.0       28187.3
       42900.0       26862.7
       43100.0       25802.7
       43300.0       25727.7
       43500.0       24466.3
       43700.0       23909.5
       43900.0       23612.0
       44100.0       22414.3
       44300.0       22256.5
       44500.0       21940.8
       44700.0       20945.5
       44900.0       21043.4
       45100.0       20544.1
       45300.0       19779.3
       45500.0       19795.1
       45700.0       19624.0
       45900.0       18822.1
       46100.0       18882.5
       46300.0       18556.3
       46500.0       18315.1
       46700.0       18136.1
       46900.0       17885.9
       47100.0       17528.8
       47300.0       17517.3
       47500.0       17138.0
       47700.0       16870.4
       47900.0       16657.6
       48100.0       16273.1
       48300.0       16302.1
       48500.0       15988.4
       48700.0       15665.6
       48900.0       15477.2
       49100.0       15247.8
       49300.0       15002.8
       49500.0       14753.0
       49700.0       14581.2
       49900.0       14344.4
       50100.0       14217.2
       50300.0       14013.6
       50500.0       13698.3
       50700.0       13553.1
       50900.0       13409.7
       51100.0       13125.1
       51300.0       13019.5
       51500.0       12792.3
       51700.0       12726.1
       51900.0       12466.4
       52100.0       12310.2
       52300.0       12098.2
       52500.0       12010.1
       52700.0       11895.4
       52900.0       11612.2
       53100.0       11488.1
       53300.0       11350.8
       53500.0       11215.9
       53700.0       11069.3
       53900.0       10935.7
       54100.0       10784.7
       54300.0       10571.5
       54500.0       10507.6
       54700.0       10356.4
       54900.0       10210.6
       55100.0       10093.9
       55300.0       10041.9
       55500.0       9798.23
       55700.0       9765.64
       55900.0       9584.24
       56100.0       9476.17
       56300.0       9326.00
       56500.0       9263.51
       56700.0       9145.90
       56900.0       8973.85
       57100.0       8921.84
       57300.0       8797.71
       57500.0       8689.67
       57700.0       8563.79
       57900.0       8487.98
       58100.0       8351.97
       58300.0       8254.86
       58500.0       8166.04
       58700.0       8032.97
       58900.0       7932.58
       59100.0       7856.76
       59300.0       7761.11
       59500.0       7646.98
       59700.0       7579.55
       59900.0       7484.29
       60100.0       7390.55
       60300.0       7301.82
       60500.0       7197.63
       60700.0       7109.99
       60900.0       7021.32
       61100.0       6921.94
       61300.0       6855.40
       61500.0       6777.71
       61700.0       6700.39
       61900.0       6624.82
       62100.0       6547.93
       62300.0       6449.75
       62500.0       6369.96
       62700.0       6296.14
       62900.0       6229.21
       63100.0       6145.98
       63300.0       6090.94
       63500.0       6009.94
       63700.0       5947.74
       63900.0       5869.61
       64200.0       5768.17
       64600.0       5628.53
       65000.0       5497.41
       65400.0       5373.21
       65800.0       5252.13
       66200.0       5127.82
       66600.0       5011.96
       67000.0       4896.74
       67400.0       4782.57
       67800.0       4676.72
       68200.0       4570.43
       68600.0       4469.09
       69000.0       4368.60
       69400.0       4270.91
       69800.0       4178.33
       70200.0       4082.08
       70600.0       3995.97
       71000.0       3909.22
       71400.0       3824.61
       71800.0       3741.77
       72200.0       3661.69
       72600.0       3582.71
       73000.0       3508.00
       73400.0       3432.04
       73800.0       3361.39
       74200.0       3288.64
       74600.0       3216.98
       75000.0       3153.62
       75400.0       3087.91
       75800.0       3027.34
       76200.0       2965.47
       76600.0       2905.43
       77000.0       2845.65
       77400.0       2789.40
       77800.0       2733.90
       78200.0       2679.39
       78600.0       2626.40
       79000.0       2574.58
       79400.0       2523.84
       79800.0       2475.06
       80200.0       2425.71
       80600.0       2378.44
       81000.0       2333.94
       81400.0       2287.63
       81800.0       2245.38
       82200.0       2203.18
       82600.0       2161.18
       83000.0       2120.82
       83400.0       2080.16
       83800.0       2041.63
       84200.0       2004.64
       84600.0       1967.46
       85000.0       1931.36
       85400.0       1896.01
       85800.0       1861.74
       86200.0       1827.87
       86600.0       1795.15
       87000.0       1763.00
       87400.0       1731.42
       87800.0       1700.58
       88200.0       1669.69
       88600.0       1640.44
       89000.0       1611.18
       89400.0       1583.87
       89800.0       1555.50
       90200.0       1529.28
       90600.0       1503.28
       91000.0       1476.26
       91400.0       1451.60
       91800.0       1427.17
       92200.0       1403.34
       92600.0       1379.55
       93000.0       1356.43
       93400.0       1333.61
       93800.0       1311.47
       94200.0       1289.70
       94600.0       1268.21
       95000.0       1247.36
       95400.0       1226.91
       95800.0       1207.04
       96200.0       1187.25
       96600.0       1168.15
       97000.0       1149.37
       97400.0       1129.78
       97800.0       1112.33
       98200.0       1094.96
       98600.0       1077.61
       99000.0       1060.66
       99400.0       1043.75
       99800.0       1027.46
       100200.       1011.39
       200000.       65.4079
       400000.       4.10589
       600000.      0.807103
       800000.      0.253846
   1.00000e+06      0.103371
   1.20000e+06     0.0495845
   1.40000e+06     0.0266325
   1.60000e+06     0.0155416
