       90.9000       0.00000
       93.5000       0.00000
       96.1000       0.00000
       97.7000       0.00000
       99.6000       0.00000
       102.000       0.00000
       103.800       0.00000
       105.600       0.00000
       107.700       0.00000
       110.400       0.00000
       114.000       0.00000
       117.800       0.00000
       121.300       0.00000
       124.800       0.00000
       127.100       0.00000
       128.400       0.00000
       130.500       0.00000
       132.400       0.00000
       133.900       0.00000
       136.600       0.00000
       139.800       0.00000
       143.300       0.00000
       147.200       0.00000
       151.000       0.00000
       155.200       0.00000
       158.800       0.00000
       162.000       0.00000
       166.000       0.00000
       170.300       0.00000
       173.400       0.00000
       176.800       0.00000
       180.200       0.00000
       181.700       0.00000
       186.100       0.00000
       191.000       0.00000
       193.900       0.00000
       198.400       0.00000
       201.800       0.00000
       205.000       0.00000
       210.500       0.00000
       216.200       0.00000
       219.800       0.00000
       223.000       0.00000
       226.800       0.00000
       230.000       0.00000
       234.000       0.00000
       240.000       0.00000
       246.500       0.00000
       252.400       0.00000
       256.800       0.00000
       260.000       0.00000
       264.000       0.00000
       268.500       0.00000
       273.500       0.00000
       278.500       0.00000
       284.000       0.00000
       290.000       0.00000
       296.000       0.00000
       301.000       0.00000
       308.000       0.00000
       318.000       0.00000
       328.000       0.00000
       338.000       0.00000
       348.000       0.00000
       357.000       0.00000
       366.000       0.00000
       375.000       0.00000
       385.000       0.00000
       395.000       0.00000
       405.000       0.00000
       414.000       0.00000
       422.000       0.00000
       430.000       0.00000
       441.000       0.00000
       451.000       0.00000
       460.000       0.00000
       470.000       0.00000
       480.000       0.00000
       490.000       0.00000
       500.000       0.00000
       506.000    0.00136479
       512.000    0.00258220
       520.000    0.00406197
       530.000    0.00703449
       540.000     0.0117241
       550.000     0.0199611
       560.000     0.0325843
       570.000     0.0525556
       580.000     0.0803688
       590.000      0.128225
       600.000      0.195973
       610.000      0.297557
       620.000      0.441678
       630.000      0.650532
       640.000      0.936583
       650.000       1.35498
       658.000       1.79567
       665.000       2.27533
       675.000       3.16830
       685.000       4.40274
       695.000       6.05007
       705.000       8.18760
       716.000       11.3734
       726.000       15.1914
       735.000       19.5428
       745.000       25.6769
       755.000       33.4859
       765.000       43.3839
       775.000       55.8637
       785.000       71.4854
       795.000       90.0839
       805.000       114.137
       815.000       143.540
       825.000       178.971
       835.000       220.216
       845.000       274.365
       855.000       336.552
       865.000       411.817
       875.000       499.191
       885.000       606.107
       895.000       730.204
       905.000       868.753
       915.000       18758.1
       925.000       103136.
       935.000       164167.
       945.000       324798.
       955.000   1.25342e+06
       965.000   1.96985e+06
       975.000       689162.
       985.000   9.62226e+06
       995.000   1.45057e+07
       1005.00   2.23418e+07
       1015.00   9.38695e+06
       1025.00       736267.
       1035.00   4.96751e+06
       1045.00   3.08239e+07
       1055.00   5.00164e+07
       1065.00   4.59527e+07
       1075.00   5.70234e+07
       1085.00   4.78071e+07
       1095.00   5.85727e+07
       1105.00   1.62697e+08
       1115.00   1.95722e+08
       1125.00   2.22134e+08
       1135.00   2.39755e+08
       1145.00   2.13244e+08
       1155.00   2.47875e+08
       1165.00   2.72247e+08
       1175.00   2.41473e+08
       1185.00   1.91265e+08
       1195.00   1.98186e+07
       1205.00   1.91660e+07
       1215.00   1.86576e+06
       1225.00   1.11631e+07
       1235.00   1.30888e+08
       1245.00   2.87137e+08
       1255.00   3.09297e+08
       1265.00   1.66882e+08
       1275.00   4.33340e+08
       1285.00   5.14825e+08
       1295.00   4.35896e+08
       1305.00   3.40380e+08
       1315.00   4.79882e+08
       1325.00   5.00755e+08
       1335.00   4.27203e+08
       1345.00   5.48553e+08
       1355.00   5.16684e+08
       1365.00   4.45127e+08
       1375.00   5.18919e+08
       1385.00   5.31564e+08
       1395.00   5.45633e+08
       1405.00   5.37149e+08
       1415.00   4.85160e+08
       1425.00   5.16426e+08
       1435.00   4.72755e+08
       1442.00   5.24015e+08
       1447.00   5.60451e+08
       1455.00   5.38396e+08
       1465.00   4.90804e+08
       1475.00   4.63618e+08
       1485.00   4.91323e+08
       1495.00   5.20034e+08
       1505.00   5.10285e+08
       1512.00   4.59661e+08
       1517.00   5.06042e+08
       1525.00   4.32565e+08
       1535.00   3.79476e+08
       1545.00   4.81269e+08
       1555.00   4.28842e+08
       1565.00   3.99845e+08
       1575.00   4.12947e+08
       1585.00   4.53311e+08
       1595.00   4.68228e+08
       1605.00   4.38047e+08
       1615.00   4.42418e+08
       1625.00   4.04390e+08
       1635.00   4.20231e+08
       1645.00   4.30507e+08
       1655.00   3.76603e+08
       1665.00   4.19194e+08
       1672.00   3.34755e+08
       1677.00   3.99352e+08
       1685.00   4.41412e+08
       1695.00   4.13403e+08
       1705.00   3.84581e+08
       1715.00   3.61972e+08
       1725.00   3.56977e+08
       1735.00   3.77703e+08
       1745.00   3.73399e+08
       1755.00   4.09691e+08
       1765.00   3.54573e+08
       1775.00   3.86700e+08
       1785.00   3.87499e+08
       1795.00   4.16072e+08
       1805.00   4.01357e+08
       1815.00   3.88804e+08
       1825.00   3.79205e+08
       1835.00   3.64242e+08
       1845.00   3.37450e+08
       1855.00   3.45361e+08
       1865.00   3.47321e+08
       1875.00   3.74081e+08
       1885.00   3.56371e+08
       1895.00   3.47720e+08
       1905.00   3.47682e+08
       1915.00   3.47645e+08
       1925.00   3.46991e+08
       1935.00   3.50437e+08
       1945.00   3.56343e+08
       1955.00   3.43343e+08
       1967.00   3.64151e+08
       1976.00   3.67702e+08
       1984.00   3.51535e+08
       1995.00   3.34957e+08
       2005.00   3.41848e+08
       2015.00   3.21344e+08
       2025.00   3.37095e+08
       2035.00   3.26176e+08
       2045.00   3.36047e+08
       2055.00   3.20027e+08
       2065.00   3.17907e+08
       2074.00   3.29255e+08
       2078.00   3.28738e+08
       2085.00   3.31076e+08
       2095.00   3.15108e+08
       2105.00   3.11220e+08
       2115.00   3.10633e+08
       2125.00   3.13089e+08
       2135.00   2.78344e+08
       2145.00   2.99942e+08
       2155.00   3.06112e+08
       2165.00   2.90560e+08
       2175.00   2.84390e+08
       2185.00   2.79252e+08
       2195.00   2.95902e+08
       2205.00   2.81865e+08
       2215.00   2.63569e+08
       2225.00   2.51921e+08
       2235.00   2.75683e+08
       2245.00   2.49538e+08
       2255.00   2.44336e+08
       2265.00   2.49402e+08
       2275.00   2.59611e+08
       2285.00   2.65381e+08
       2295.00   2.52881e+08
       2305.00   2.41963e+08
       2315.00   2.30162e+08
       2325.00   1.87556e+08
       2335.00   2.16252e+08
       2345.00   2.05067e+08
       2355.00   2.24448e+08
       2365.00   2.01842e+08
       2375.00   2.09129e+08
       2385.00   1.89696e+08
       2395.00   2.09243e+08
       2405.00   1.96493e+08
       2415.00   2.01652e+08
       2425.00   2.11530e+08
       2435.00   2.00462e+08
       2445.00   2.16112e+08
       2455.00   2.06479e+08
       2465.00   2.07864e+08
       2475.00   1.97946e+08
       2485.00   2.11352e+08
       2495.00   2.04069e+08
       2505.00   2.20538e+08
       2513.00   2.00154e+08
       2518.00   2.06092e+08
       2525.00   1.92660e+08
       2535.00   1.93605e+08
       2545.00   1.89883e+08
       2555.00   2.00541e+08
       2565.00   1.97738e+08
       2575.00   2.10756e+08
       2585.00   2.07973e+08
       2595.00   2.05148e+08
       2605.00   1.95954e+08
       2615.00   1.95323e+08
       2625.00   2.02104e+08
       2635.00   2.02255e+08
       2645.00   2.17378e+08
       2655.00   2.13248e+08
       2665.00   1.98639e+08
       2675.00   2.06623e+08
       2685.00   2.03091e+08
       2695.00   1.96882e+08
       2705.00   2.01303e+08
       2715.00   1.92060e+08
       2725.00   1.93174e+08
       2735.00   2.04511e+08
       2745.00   1.79345e+08
       2755.00   1.78825e+08
       2765.00   1.84107e+08
       2775.00   1.92748e+08
       2785.00   1.90521e+08
       2795.00   1.47398e+08
       2805.00   1.62978e+08
       2815.00   1.93490e+08
       2825.00   1.94152e+08
       2835.00   1.85848e+08
       2845.00   1.79270e+08
       2855.00   1.78548e+08
       2865.00   1.85661e+08
       2875.00   1.79919e+08
       2885.00   1.82960e+08
       2895.00   1.78687e+08
       2910.00   1.89969e+08
       2930.00   1.82965e+08
       2950.00   1.81722e+08
       2970.00   1.80927e+08
       2990.00   1.80007e+08
       3010.00   1.82463e+08
       3030.00   1.79373e+08
       3050.00   1.76453e+08
       3070.00   1.73734e+08
       3090.00   1.74096e+08
       3110.00   1.69461e+08
       3130.00   1.67894e+08
       3150.00   1.67489e+08
       3170.00   1.64812e+08
       3190.00   1.59265e+08
       3210.00   1.61059e+08
       3230.00   1.58540e+08
       3250.00   1.57258e+08
       3270.00   1.56581e+08
       3290.00   1.55268e+08
       3310.00   1.54484e+08
       3330.00   1.51635e+08
       3350.00   1.49054e+08
       3370.00   1.47877e+08
       3390.00   1.45551e+08
       3410.00   1.45802e+08
       3430.00   1.43985e+08
       3450.00   1.42732e+08
       3470.00   1.40415e+08
       3490.00   1.38919e+08
       3510.00   1.38594e+08
       3530.00   1.37599e+08
       3550.00   1.36248e+08
       3570.00   1.34388e+08
       3590.00   1.32881e+08
       3610.00   1.31574e+08
       3630.00   1.30003e+08
       3640.00   1.29591e+08
       3650.00   1.31282e+08
       3670.00   1.27355e+08
       3690.00   1.16283e+08
       3710.00   1.26337e+08
       3730.00   1.30656e+08
       3750.00   1.61705e+08
       3770.00   1.66085e+08
       3790.00   1.95650e+08
       3810.00   2.20514e+08
       3830.00   1.79208e+08
       3850.00   2.33249e+08
       3870.00   2.53578e+08
       3890.00   1.58999e+08
       3910.00   2.48688e+08
       3930.00   2.50017e+08
       3950.00   2.44232e+08
       3970.00   1.50043e+08
       3990.00   2.33621e+08
       4010.00   2.44077e+08
       4030.00   2.39549e+08
       4050.00   2.38843e+08
       4070.00   2.31384e+08
       4090.00   1.94368e+08
       4110.00   1.53829e+08
       4130.00   2.15794e+08
       4150.00   2.21281e+08
       4170.00   2.18773e+08
       4190.00   2.16303e+08
       4210.00   2.13424e+08
       4230.00   2.10206e+08
       4250.00   2.06587e+08
       4270.00   2.02419e+08
       4290.00   2.00401e+08
       4310.00   1.93495e+08
       4330.00   1.56844e+08
       4350.00   1.35496e+08
       4370.00   1.85117e+08
       4390.00   1.84367e+08
       4410.00   1.84403e+08
       4430.00   1.81321e+08
       4450.00   1.80013e+08
       4470.00   1.75777e+08
       4490.00   1.72692e+08
       4510.00   1.71795e+08
       4530.00   1.69536e+08
       4550.00   1.65694e+08
       4570.00   1.65786e+08
       4590.00   1.62302e+08
       4610.00   1.61746e+08
       4630.00   1.57787e+08
       4650.00   1.57299e+08
       4670.00   1.54792e+08
       4690.00   1.52629e+08
       4710.00   1.48857e+08
       4730.00   1.48825e+08
       4750.00   1.46641e+08
       4770.00   1.45148e+08
       4790.00   1.42909e+08
       4810.00   1.40197e+08
       4830.00   1.36038e+08
       4850.00   1.13678e+08
       4870.00   9.44745e+07
       4890.00   1.29471e+08
       4910.00   1.31186e+08
       4930.00   1.29086e+08
       4950.00   1.28696e+08
       4970.00   1.27451e+08
       4990.00   1.25548e+08
       5010.00   1.22456e+08
       5030.00   1.21809e+08
       5050.00   1.18805e+08
       5070.00   1.19065e+08
       5090.00   1.17593e+08
       5110.00   1.15831e+08
       5130.00   1.14845e+08
       5150.00   1.12766e+08
       5170.00   1.11055e+08
       5190.00   1.10094e+08
       5210.00   1.08673e+08
       5230.00   1.07039e+08
       5250.00   1.06432e+08
       5270.00   1.04321e+08
       5290.00   1.04169e+08
       5310.00   1.02248e+08
       5330.00   1.01529e+08
       5350.00   1.00528e+08
       5370.00   9.92642e+07
       5390.00   9.80284e+07
       5410.00   9.66717e+07
       5430.00   9.56887e+07
       5450.00   9.47391e+07
       5470.00   9.35150e+07
       5490.00   9.24724e+07
       5510.00   9.14102e+07
       5530.00   9.04755e+07
       5550.00   8.94393e+07
       5570.00   8.84035e+07
       5590.00   8.74152e+07
       5610.00   8.65572e+07
       5630.00   8.55654e+07
       5650.00   8.43423e+07
       5670.00   8.34636e+07
       5690.00   8.26452e+07
       5710.00   8.17264e+07
       5730.00   8.08264e+07
       5750.00   7.99027e+07
       5770.00   7.90194e+07
       5790.00   7.80238e+07
       5810.00   7.72219e+07
       5830.00   7.63926e+07
       5850.00   7.55530e+07
       5870.00   7.42005e+07
       5890.00   7.37061e+07
       5910.00   7.30830e+07
       5930.00   7.23284e+07
       5950.00   7.12396e+07
       5970.00   7.06521e+07
       5990.00   6.97075e+07
       6010.00   6.92099e+07
       6030.00   6.84791e+07
       6050.00   6.77091e+07
       6070.00   6.69835e+07
       6090.00   6.62771e+07
       6110.00   6.55987e+07
       6130.00   6.48816e+07
       6150.00   6.36913e+07
       6170.00   6.34988e+07
       6190.00   6.28728e+07
       6210.00   6.22115e+07
       6230.00   6.15041e+07
       6250.00   6.05527e+07
       6270.00   6.02724e+07
       6290.00   5.96431e+07
       6310.00   5.89487e+07
       6330.00   5.83972e+07
       6350.00   5.70704e+07
       6370.00   5.67033e+07
       6390.00   5.65897e+07
       6410.00   5.59602e+07
       6430.00   5.54568e+07
       6450.00   5.46697e+07
       6470.00   5.43188e+07
       6490.00   5.35596e+07
       6510.00   5.28684e+07
       6530.00   5.17136e+07
       6550.00   4.66030e+07
       6561.25   3.85756e+07
       6590.00   4.93406e+07
       6610.00   5.02004e+07
       6630.00   4.99357e+07
       6650.00   4.95847e+07
       6670.00   4.90668e+07
       6690.00   4.85945e+07
       6710.00   4.81990e+07
       6730.00   4.76909e+07
       6750.00   4.72582e+07
       6770.00   4.68076e+07
       6790.00   4.63370e+07
       6810.00   4.58906e+07
       6830.00   4.54211e+07
       6850.00   4.49885e+07
       6870.00   4.45705e+07
       6890.00   4.41431e+07
       6910.00   4.37167e+07
       6930.00   4.32694e+07
       6950.00   4.28858e+07
       6970.00   4.24880e+07
       6990.00   4.21072e+07
       7010.00   4.16411e+07
       7030.00   4.13024e+07
       7050.00   4.08470e+07
       7070.00   4.04701e+07
       7090.00   4.01626e+07
       7110.00   3.97142e+07
       7130.00   3.93842e+07
       7150.00   3.90109e+07
       7170.00   3.86734e+07
       7190.00   3.83245e+07
       7210.00   3.79752e+07
       7230.00   3.75845e+07
       7250.00   3.72462e+07
       7270.00   3.69389e+07
       7290.00   3.65841e+07
       7310.00   3.62503e+07
       7330.00   3.59356e+07
       7350.00   3.56225e+07
       7370.00   3.52997e+07
       7390.00   3.49771e+07
       7410.00   3.46266e+07
       7430.00   3.42658e+07
       7450.00   3.39965e+07
       7470.00   3.36432e+07
       7490.00   3.33946e+07
       7510.00   3.30934e+07
       7530.00   3.28401e+07
       7550.00   3.25494e+07
       7570.00   3.22626e+07
       7590.00   3.19731e+07
       7610.00   3.17057e+07
       7630.00   3.14181e+07
       7650.00   3.11279e+07
       7670.00   3.08639e+07
       7690.00   3.05953e+07
       7710.00   3.03081e+07
       7730.00   3.00689e+07
       7750.00   2.98066e+07
       7770.00   2.90830e+07
       7790.00   2.92940e+07
       7810.00   2.90558e+07
       7830.00   2.87988e+07
       7850.00   2.84933e+07
       7870.00   2.81790e+07
       7890.00   2.79031e+07
       7910.00   2.78116e+07
       7930.00   2.75954e+07
       7950.00   2.72439e+07
       7970.00   2.71311e+07
       7990.00   2.66685e+07
       8010.00   2.66752e+07
       8030.00   2.64473e+07
       8050.00   2.62248e+07
       8070.00   2.60076e+07
       8090.00   2.57894e+07
       8110.00   2.55661e+07
       8130.00   2.53664e+07
       8150.00   2.51558e+07
       8170.00   2.49515e+07
       8190.00   2.46967e+07
       8210.00   2.45564e+07
       8230.00   2.43115e+07
       8250.00   2.42635e+07
       8270.00   2.41204e+07
       8290.00   2.38688e+07
       8310.00   2.37027e+07
       8330.00   2.34115e+07
       8350.00   2.30980e+07
       8370.00   2.27882e+07
       8390.00   2.23473e+07
       8410.00   2.19967e+07
       8430.00   2.17387e+07
       8450.00   2.15304e+07
       8470.00   2.08806e+07
       8490.00   2.16907e+07
       8510.00   2.03815e+07
       8530.00   2.19346e+07
       8550.00   1.93590e+07
       8570.00   2.23592e+07
       8590.00   2.02584e+07
       8610.00   1.97522e+07
       8630.00   2.25279e+07
       8650.00   2.11887e+07
       8670.00   1.77913e+07
       8690.00   2.16167e+07
       8710.00   2.24149e+07
       8730.00   2.13163e+07
       8750.00   1.70842e+07
       8770.00   2.02127e+07
       8790.00   2.18454e+07
       8810.00   2.19046e+07
       8830.00   2.13319e+07
       8850.00   1.91390e+07
       8870.00   1.64034e+07
       8890.00   2.03004e+07
       8910.00   2.10033e+07
       8930.00   2.09948e+07
       8950.00   2.09166e+07
       8970.00   2.05963e+07
       8990.00   1.96998e+07
       9010.00   1.59463e+07
       9030.00   1.72719e+07
       9050.00   1.95691e+07
       9070.00   1.97215e+07
       9090.00   1.96503e+07
       9110.00   1.96627e+07
       9130.00   1.95287e+07
       9150.00   1.94119e+07
       9170.00   1.91522e+07
       9190.00   1.87054e+07
       9210.00   1.75210e+07
       9230.00   1.39150e+07
       9250.00   1.68458e+07
       9270.00   1.78065e+07
       9290.00   1.82716e+07
       9310.00   1.82506e+07
       9330.00   1.81261e+07
       9350.00   1.80379e+07
       9370.00   1.79194e+07
       9390.00   1.77230e+07
       9410.00   1.74572e+07
       9430.00   1.74802e+07
       9450.00   1.73430e+07
       9470.00   1.71682e+07
       9490.00   1.69562e+07
       9510.00   1.65634e+07
       9530.00   1.52512e+07
       9550.00   1.24850e+07
       9570.00   1.53436e+07
       9590.00   1.61579e+07
       9610.00   1.62270e+07
       9630.00   1.60232e+07
       9650.00   1.60980e+07
       9670.00   1.59537e+07
       9690.00   1.58887e+07
       9710.00   1.57882e+07
       9730.00   1.56688e+07
       9750.00   1.55503e+07
       9770.00   1.54441e+07
       9790.00   1.53276e+07
       9810.00   1.52088e+07
       9830.00   1.50784e+07
       9850.00   1.49822e+07
       9870.00   1.48701e+07
       9890.00   1.47242e+07
       9910.00   1.46591e+07
       9930.00   1.45416e+07
       9950.00   1.44155e+07
       9970.00   1.42880e+07
       9990.00   1.41255e+07
       10025.0   1.29534e+07
       10075.0   1.23171e+07
       10125.0   1.34176e+07
       10175.0   1.33116e+07
       10225.0   1.31075e+07
       10275.0   1.28792e+07
       10325.0   1.26491e+07
       10375.0   1.24355e+07
       10425.0   1.22253e+07
       10475.0   1.20055e+07
       10525.0   1.17907e+07
       10575.0   1.16027e+07
       10625.0   1.14136e+07
       10675.0   1.11532e+07
       10725.0   1.10109e+07
       10775.0   1.08408e+07
       10825.0   1.06235e+07
       10875.0   1.03773e+07
       10925.0   8.93442e+06
       10975.0   9.62073e+06
       11025.0   9.93007e+06
       11075.0   9.81727e+06
       11125.0   9.66530e+06
       11175.0   9.50872e+06
       11225.0   9.35692e+06
       11275.0   9.13928e+06
       11325.0   9.00677e+06
       11375.0   8.91495e+06
       11425.0   8.77331e+06
       11475.0   8.63837e+06
       11525.0   8.50373e+06
       11575.0   8.37053e+06
       11625.0   8.22369e+06
       11675.0   8.09232e+06
       11725.0   7.98618e+06
       11775.0   7.82857e+06
       11825.0   7.73718e+06
       11875.0   7.61258e+06
       11925.0   7.51100e+06
       11975.0   7.39035e+06
       12025.0   7.28421e+06
       12075.0   7.17336e+06
       12125.0   7.06589e+06
       12175.0   6.96223e+06
       12225.0   6.85800e+06
       12275.0   6.75374e+06
       12325.0   6.65566e+06
       12375.0   6.55844e+06
       12425.0   6.46525e+06
       12475.0   6.35640e+06
       12525.0   6.27766e+06
       12575.0   6.17637e+06
       12625.0   6.09469e+06
       12675.0   6.00567e+06
       12725.0   5.89831e+06
       12775.0   5.68949e+06
       12825.0   4.98511e+06
       12875.0   5.57168e+06
       12925.0   5.57601e+06
       12975.0   5.51611e+06
       13025.0   5.44009e+06
       13075.0   5.36418e+06
       13125.0   5.28971e+06
       13175.0   5.20732e+06
       13225.0   5.14454e+06
       13275.0   5.07379e+06
       13325.0   5.00417e+06
       13375.0   4.93587e+06
       13425.0   4.86740e+06
       13475.0   4.80064e+06
       13525.0   4.73432e+06
       13575.0   4.67170e+06
       13625.0   4.60927e+06
       13675.0   4.54541e+06
       13725.0   4.48495e+06
       13775.0   4.42863e+06
       13825.0   4.37004e+06
       13875.0   4.31258e+06
       13925.0   4.25485e+06
       13975.0   4.19977e+06
       14025.0   4.14517e+06
       14075.0   4.09124e+06
       14125.0   4.03759e+06
       14175.0   3.98572e+06
       14225.0   3.93429e+06
       14275.0   3.88386e+06
       14325.0   3.83384e+06
       14375.0   3.78480e+06
       14425.0   3.72837e+06
       14475.0   3.68881e+06
       14525.0   3.63810e+06
       14570.0   3.60111e+06
       14620.0   3.56330e+06
       14675.0   3.51618e+06
       14725.0   3.47270e+06
       14775.0   3.42732e+06
       14825.0   3.38813e+06
       14875.0   3.34445e+06
       14925.0   3.30415e+06
       14975.0   3.25726e+06
       15025.0   3.21292e+06
       15075.0   3.16578e+06
       15125.0   3.11804e+06
       15175.0   3.07005e+06
       15225.0   3.03318e+06
       15275.0   2.98623e+06
       15325.0   2.94287e+06
       15375.0   2.92902e+06
       15425.0   2.85306e+06
       15475.0   2.86344e+06
       15525.0   2.82846e+06
       15575.0   2.72320e+06
       15625.0   2.82339e+06
       15675.0   2.70007e+06
       15725.0   2.62153e+06
       15775.0   2.74209e+06
       15825.0   2.69621e+06
       15875.0   2.46474e+06
       15925.0   2.58655e+06
       15975.0   2.64286e+06
       16050.0   2.54598e+06
       16150.0   2.39856e+06
       16250.0   2.48555e+06
       16350.0   2.36687e+06
       16450.0   2.23433e+06
       16550.0   2.32404e+06
       16650.0   2.27379e+06
       16750.0   2.15850e+06
       16850.0   2.03662e+06
       16950.0   2.12491e+06
       17050.0   2.08412e+06
       17150.0   2.03875e+06
       17250.0   1.98365e+06
       17350.0   1.79165e+06
       17450.0   1.88215e+06
       17550.0   1.86737e+06
       17650.0   1.82910e+06
       17750.0   1.79061e+06
       17850.0   1.75334e+06
       17950.0   1.71749e+06
       18050.0   1.67145e+06
       18150.0   1.52374e+06
       18250.0   1.57609e+06
       18350.0   1.57809e+06
       18450.0   1.54797e+06
       18550.0   1.51512e+06
       18650.0   1.47682e+06
       18750.0   1.34559e+06
       18850.0   1.41575e+06
       18950.0   1.39854e+06
       19050.0   1.37165e+06
       19150.0   1.34472e+06
       19250.0   1.31757e+06
       19350.0   1.28145e+06
       19450.0   1.16484e+06
       19550.0   1.23240e+06
       19650.0   1.21920e+06
       19750.0   1.19636e+06
       19850.0   1.17373e+06
       19950.0   1.15158e+06
       20050.0   1.13000e+06
       20150.0   1.10879e+06
       20250.0   1.08822e+06
       20350.0   1.06800e+06
       20450.0   1.04830e+06
       20550.0   1.02902e+06
       20650.0   1.01025e+06
       20750.0       991869.
       20850.0       973972.
       20950.0       956370.
       21050.0       939228.
       21150.0       922114.
       21250.0       905780.
       21350.0       889628.
       21450.0       873656.
       21550.0       852506.
       21650.0       779514.
       21750.0       818584.
       21850.0       813949.
       21950.0       800841.
       22050.0       787163.
       22150.0       773621.
       22250.0       760549.
       22350.0       747658.
       22450.0       735054.
       22550.0       722689.
       22650.0       710616.
       22750.0       698771.
       22850.0       689789.
       22950.0       686244.
       23050.0       674673.
       23150.0       661736.
       23250.0       649400.
       23350.0       637327.
       23450.0       625846.
       23550.0       614490.
       23650.0       604078.
       23750.0       593064.
       23850.0       582538.
       23950.0       573119.
       24050.0       563126.
       24150.0       553150.
       24250.0       544683.
       24350.0       536304.
       24450.0       526721.
       24550.0       520526.
       24650.0       510384.
       24750.0       503365.
       24850.0       499133.
       24950.0       482933.
       25050.0       489556.
       25150.0       478541.
       25250.0       458562.
       25350.0       462132.
       25450.0       459049.
       25550.0       448052.
       25650.0       428309.
       25750.0       436347.
       25850.0       433034.
       25950.0       426117.
       26050.0       412920.
       26150.0       394199.
       26250.0       376997.
       26350.0       396821.
       26450.0       396255.
       26550.0       390721.
       26650.0       381408.
       26750.0       358781.
       26850.0       370579.
       26950.0       369364.
       27050.0       364949.
       27150.0       359823.
       27250.0       354761.
       27350.0       349387.
       27450.0       342386.
       27550.0       321188.
       27650.0       326014.
       27750.0       329466.
       27850.0       326196.
       27950.0       321724.
       28050.0       317323.
       28150.0       312985.
       28250.0       308730.
       28350.0       304549.
       28450.0       300420.
       28550.0       295384.
       28650.0       286157.
       28750.0       269913.
       28850.0       282103.
       28950.0       280414.
       29050.0       277206.
       29150.0       273489.
       29250.0       269949.
       29350.0       266407.
       29450.0       262937.
       29550.0       259530.
       29650.0       256162.
       29750.0       252851.
       29850.0       249596.
       29950.0       246390.
       30050.0       243222.
       30150.0       239912.
       30250.0       235537.
       30350.0       221448.
       30450.0       222816.
       30550.0       227055.
       30650.0       225251.
       30750.0       222505.
       30850.0       219620.
       30950.0       217004.
       31050.0       214315.
       31150.0       211664.
       31250.0       209042.
       31350.0       206488.
       31450.0       203943.
       31550.0       201471.
       31650.0       199008.
       31750.0       196594.
       31850.0       194225.
       31950.0       191878.
       32100.0       188433.
       32300.0       183958.
       32500.0       179611.
       32700.0       175134.
       32900.0       163917.
       33100.0       165934.
       33300.0       164409.
       33500.0       160669.
       33700.0       156658.
       33900.0       152979.
       34100.0       149401.
       34300.0       145945.
       34500.0       142593.
       34700.0       139370.
       34900.0       136114.
       35100.0       133075.
       35300.0       130165.
       35500.0       127265.
       35700.0       124397.
       35900.0       121890.
       36100.0       119051.
       36300.0       116805.
       36500.0       113925.
       36700.0       112122.
       36900.0       108899.
       37100.0       107353.
       37300.0       103139.
       37500.0       99505.1
       37700.0       100976.
       37900.0       99173.0
       38100.0       96089.5
       38300.0       94315.5
       38500.0       93444.9
       38700.0       91646.5
       38900.0       89267.5
       39100.0       86052.6
       39300.0       86074.1
       39500.0       84632.5
       39700.0       83007.4
       39900.0       81389.4
       40100.0       78545.9
       40300.0       76643.2
       40500.0       73798.1
       40700.0       75032.7
       40900.0       73897.5
       41100.0       72508.8
       41300.0       71143.4
       41500.0       69479.4
       41700.0       66268.9
       41900.0       66869.5
       42100.0       66008.2
       42300.0       64802.3
       42500.0       63620.3
       42700.0       62463.7
       42900.0       61334.0
       43100.0       60228.7
       43300.0       59149.1
       43500.0       57957.5
       43700.0       55218.7
       43900.0       55334.4
       44100.0       55027.4
       44300.0       54099.7
       44500.0       53154.1
       44700.0       52396.7
       44900.0       51488.1
       45100.0       50600.9
       45300.0       49727.3
       45500.0       48881.7
       45700.0       48048.9
       45900.0       47234.1
       46100.0       46435.2
       46300.0       45444.4
       46500.0       42866.0
       46700.0       42174.9
       46900.0       43004.6
       47100.0       42655.4
       47300.0       41989.0
       47500.0       41297.2
       47700.0       40627.1
       47900.0       39966.7
       48100.0       39319.1
       48300.0       38684.1
       48500.0       38063.0
       48700.0       37454.0
       48900.0       36856.8
       49100.0       36271.2
       49300.0       35696.9
       49500.0       35135.4
       49700.0       34583.2
       49900.0       34043.3
       50100.0       33512.4
       50300.0       32991.8
       50500.0       32482.8
       50700.0       31982.3
       50900.0       31478.4
       51100.0       30766.5
       51300.0       29194.3
       51500.0       29905.5
       51700.0       29621.0
       51900.0       29176.4
       52100.0       28739.1
       52300.0       28310.3
       52500.0       27888.6
       52700.0       27475.3
       52900.0       27068.7
       53100.0       26671.4
       53300.0       26279.3
       53500.0       25896.3
       53700.0       25519.6
       53900.0       25149.0
       54100.0       24785.8
       54300.0       24428.5
       54500.0       24078.3
       54700.0       23733.8
       54900.0       23396.2
       55100.0       23064.1
       55300.0       22737.4
       55500.0       22417.3
       55700.0       22102.4
       55900.0       21792.6
       56100.0       21489.1
       56300.0       21190.5
       56500.0       20896.8
       56700.0       20609.0
       56900.0       20324.7
       57100.0       20046.2
       57300.0       19772.3
       57500.0       19504.0
       57700.0       19238.8
       57900.0       18978.1
       58100.0       18722.6
       58300.0       18471.4
       58500.0       18255.0
       58700.0       17995.3
       58900.0       17608.3
       59100.0       16725.7
       59300.0       17198.0
       59500.0       17073.0
       59700.0       16852.0
       59900.0       16631.5
       60100.0       16414.6
       60300.0       16201.3
       60500.0       15991.4
       60700.0       15784.0
       60900.0       15580.9
       61100.0       15381.2
       61300.0       15184.8
       61500.0       14990.5
       61700.0       14800.5
       61900.0       14612.6
       62100.0       14427.7
       62300.0       14246.0
       62500.0       14067.2
       62700.0       13891.3
       62900.0       13717.4
       63100.0       13547.3
       63300.0       13379.1
       63500.0       13213.7
       63700.0       13051.0
       63900.0       12891.0
       64200.0       12654.8
       64600.0       12348.7
       65000.0       12051.8
       65400.0       11763.0
       65800.0       11483.8
       66200.0       11211.4
       66600.0       10948.9
       67000.0       10693.5
       67400.0       10445.0
       67800.0       10204.1
       68200.0       9969.76
       68600.0       9741.76
       69000.0       9520.73
       69400.0       9305.70
       69800.0       9097.28
       70200.0       8893.76
       70600.0       8696.52
       71000.0       8504.65
       71400.0       8317.25
       71800.0       8136.41
       72200.0       7959.79
       72600.0       7787.26
       73000.0       7620.15
       73400.0       7457.61
       73800.0       7298.82
       74200.0       7133.44
       74600.0       6813.45
       75000.0       6642.58
       75400.0       6690.84
       75800.0       6567.30
       76200.0       6432.35
       76600.0       6300.63
       77000.0       6172.31
       77400.0       6047.17
       77800.0       5925.27
       78200.0       5806.35
       78600.0       5690.45
       79000.0       5577.37
       79400.0       5467.12
       79800.0       5359.56
       80200.0       5254.63
       80600.0       5152.21
       81000.0       5052.30
       81400.0       4954.78
       81800.0       4859.65
       82200.0       4766.75
       82600.0       4676.03
       83000.0       4587.48
       83400.0       4501.01
       83800.0       4416.57
       84200.0       4334.11
       84600.0       4253.58
       85000.0       4174.90
       85400.0       4097.97
       85800.0       4022.85
       86200.0       3949.45
       86600.0       3877.69
       87000.0       3807.57
       87400.0       3739.02
       87800.0       3671.99
       88200.0       3606.46
       88600.0       3542.39
       89000.0       3479.75
       89400.0       3418.47
       89800.0       3358.51
       90200.0       3299.89
       90600.0       3242.55
       91000.0       3186.40
       91400.0       3131.51
       91800.0       3077.77
       92200.0       3025.16
       92600.0       2973.68
       93000.0       2923.33
       93400.0       2873.99
       93800.0       2825.68
       94200.0       2778.43
       94600.0       2732.12
       95000.0       2686.75
       95400.0       2642.37
       95800.0       2598.88
       96200.0       2556.26
       96600.0       2514.51
       97000.0       2473.59
       97400.0       2433.54
       97800.0       2394.30
       98200.0       2355.81
       98600.0       2318.13
       99000.0       2281.18
       99400.0       2244.93
       99800.0       2209.46
       100200.       2174.63
       200000.       138.072
       400000.       8.53106
       600000.       1.66515
       800000.      0.521572
   1.00000e+06      0.211839
   1.20000e+06      0.101427
   1.40000e+06     0.0544068
   1.60000e+06     0.0317175
