       90.9000       0.00000
       93.5000       0.00000
       96.1000       0.00000
       97.7000       0.00000
       99.6000       0.00000
       102.000       0.00000
       103.800       0.00000
       105.600       0.00000
       107.700       0.00000
       110.400       0.00000
       114.000       0.00000
       117.800       0.00000
       121.300       0.00000
       124.800       0.00000
       127.100       0.00000
       128.400       0.00000
       130.500       0.00000
       132.400       0.00000
       133.900       0.00000
       136.600       0.00000
       139.800       0.00000
       143.300       0.00000
       147.200       0.00000
       151.000       0.00000
       155.200       0.00000
       158.800       0.00000
       162.000       0.00000
       166.000       0.00000
       170.300       0.00000
       173.400       0.00000
       176.800       0.00000
       180.200       0.00000
       181.700       0.00000
       186.100       0.00000
       191.000       0.00000
       193.900       0.00000
       198.400       0.00000
       201.800       0.00000
       205.000       0.00000
       210.500       0.00000
       216.200       0.00000
       219.800       0.00000
       223.000       0.00000
       226.800       0.00000
       230.000   3.83482e-10
       234.000   9.15406e-10
       240.000   2.75203e-09
       246.500   8.43148e-09
       252.400   2.22984e-08
       256.800   4.43630e-08
       260.000   7.32897e-08
       264.000   1.33533e-07
       268.500   2.55170e-07
       273.500   5.10736e-07
       278.500   1.00863e-06
       284.000   2.07404e-06
       290.000   4.40448e-06
       296.000   9.04246e-06
       301.000   1.62421e-05
       308.000   3.56040e-05
       318.000   0.000104662
       328.000   0.000285591
       338.000   0.000749345
       348.000    0.00185929
       357.000    0.00413830
       366.000    0.00878126
       375.000     0.0177412
       385.000     0.0376692
       395.000     0.0770000
       405.000      0.152465
       414.000      0.275697
       422.000      0.454888
       430.000      0.735327
       441.000       1.40417
       451.000       2.45448
       460.000       3.96813
       470.000       6.63738
       480.000       10.8511
       490.000       17.4510
       500.000       27.4652
       506.000       4718.33
       512.000       26125.3
       520.000       33607.6
       530.000       48861.0
       540.000       56375.2
       550.000       89537.3
       560.000       112703.
       570.000       149996.
       580.000       154970.
       590.000       221201.
       600.000       288670.
       610.000       368702.
       620.000       439042.
       630.000       534845.
       640.000       608701.
       650.000       744089.
       658.000       876819.
       665.000       958811.
       675.000   1.09036e+06
       685.000   1.26518e+06
       695.000   1.54296e+06
       705.000   1.75197e+06
       716.000   2.04659e+06
       726.000   2.31352e+06
       735.000   2.57053e+06
       745.000   3.00577e+06
       755.000   3.42525e+06
       765.000   3.87297e+06
       775.000   4.39018e+06
       785.000   4.92585e+06
       795.000   5.39889e+06
       805.000   5.98036e+06
       815.000   6.52759e+06
       825.000   7.34559e+06
       835.000   7.58513e+06
       845.000   8.59960e+06
       855.000   9.40712e+06
       865.000   1.03655e+07
       875.000   1.14467e+07
       885.000   1.26979e+07
       895.000   1.37716e+07
       905.000   1.42426e+07
       915.000   2.59564e+07
       925.000   1.19158e+08
       935.000   3.83110e+08
       945.000   1.52261e+09
       955.000   3.28370e+09
       965.000   4.34571e+09
       975.000   5.65517e+08
       985.000   4.56437e+09
       995.000   4.51761e+09
       1005.00   6.47699e+09
       1015.00   5.83658e+09
       1025.00   1.13404e+09
       1035.00   3.48274e+09
       1045.00   7.90564e+09
       1055.00   7.69048e+09
       1065.00   5.93183e+09
       1075.00   7.18954e+09
       1085.00   5.32730e+09
       1095.00   7.29849e+09
       1105.00   6.53264e+09
       1115.00   5.99144e+09
       1125.00   5.46481e+09
       1135.00   6.97327e+09
       1145.00   6.09999e+09
       1155.00   6.47518e+09
       1165.00   6.74311e+09
       1175.00   4.80632e+09
       1185.00   6.80152e+09
       1195.00   4.63940e+09
       1205.00   3.00938e+09
       1215.00   1.21748e+09
       1225.00   4.19177e+09
       1235.00   6.53290e+09
       1245.00   6.84131e+09
       1255.00   6.40049e+09
       1265.00   5.43145e+09
       1275.00   6.57252e+09
       1285.00   6.62554e+09
       1295.00   4.98346e+09
       1305.00   5.15027e+09
       1315.00   6.28638e+09
       1325.00   5.77190e+09
       1335.00   4.99369e+09
       1345.00   5.92160e+09
       1355.00   5.68474e+09
       1365.00   5.03278e+09
       1375.00   5.14296e+09
       1385.00   5.22824e+09
       1395.00   4.53174e+09
       1405.00   4.75602e+09
       1415.00   4.70258e+09
       1425.00   4.76798e+09
       1435.00   4.77420e+09
       1442.00   4.92889e+09
       1447.00   4.86286e+09
       1455.00   4.72358e+09
       1465.00   4.35178e+09
       1475.00   4.34596e+09
       1485.00   4.27755e+09
       1495.00   4.25473e+09
       1505.00   3.93242e+09
       1512.00   3.46484e+09
       1517.00   3.65519e+09
       1525.00   3.71397e+09
       1535.00   3.25275e+09
       1545.00   3.37539e+09
       1555.00   3.21776e+09
       1565.00   3.31443e+09
       1575.00   3.49603e+09
       1585.00   3.53723e+09
       1595.00   3.56528e+09
       1605.00   3.53313e+09
       1615.00   3.54093e+09
       1625.00   3.36637e+09
       1635.00   3.54925e+09
       1645.00   3.52071e+09
       1655.00   3.30678e+09
       1665.00   3.56547e+09
       1672.00   3.41520e+09
       1677.00   3.48355e+09
       1685.00   3.55524e+09
       1695.00   3.35160e+09
       1705.00   3.19486e+09
       1715.00   2.99440e+09
       1725.00   2.95991e+09
       1735.00   3.12262e+09
       1745.00   2.98314e+09
       1755.00   3.11253e+09
       1765.00   2.90007e+09
       1775.00   2.88530e+09
       1785.00   2.92850e+09
       1795.00   3.04574e+09
       1805.00   3.04701e+09
       1815.00   2.72671e+09
       1825.00   2.84576e+09
       1835.00   2.70250e+09
       1845.00   2.48304e+09
       1855.00   2.39853e+09
       1865.00   2.45617e+09
       1875.00   2.68540e+09
       1885.00   2.39744e+09
       1895.00   2.23320e+09
       1905.00   2.44453e+09
       1915.00   2.26990e+09
       1925.00   2.20205e+09
       1935.00   2.31408e+09
       1945.00   2.35418e+09
       1955.00   2.15687e+09
       1967.00   2.34913e+09
       1976.00   2.43266e+09
       1984.00   2.25583e+09
       1995.00   2.19610e+09
       2005.00   2.26974e+09
       2015.00   2.19364e+09
       2025.00   2.32003e+09
       2035.00   2.12217e+09
       2045.00   2.16290e+09
       2055.00   2.08481e+09
       2065.00   2.10778e+09
       2074.00   2.21030e+09
       2078.00   2.01963e+09
       2085.00   2.11875e+09
       2095.00   1.99214e+09
       2105.00   2.04586e+09
       2115.00   2.04307e+09
       2125.00   2.07177e+09
       2135.00   1.99968e+09
       2145.00   1.93564e+09
       2155.00   2.00800e+09
       2165.00   1.97141e+09
       2175.00   1.94743e+09
       2185.00   1.88569e+09
       2195.00   1.93204e+09
       2205.00   1.88550e+09
       2215.00   1.83795e+09
       2225.00   1.76645e+09
       2235.00   1.81562e+09
       2245.00   1.78998e+09
       2255.00   1.72199e+09
       2265.00   1.75425e+09
       2275.00   1.75743e+09
       2285.00   1.76286e+09
       2295.00   1.68730e+09
       2305.00   1.67723e+09
       2315.00   1.61554e+09
       2325.00   1.28966e+09
       2335.00   1.52648e+09
       2345.00   1.51082e+09
       2355.00   1.53001e+09
       2365.00   1.48066e+09
       2375.00   1.48298e+09
       2385.00   1.43805e+09
       2395.00   1.48196e+09
       2405.00   1.42042e+09
       2415.00   1.42967e+09
       2425.00   1.44090e+09
       2435.00   1.37737e+09
       2445.00   1.41447e+09
       2455.00   1.39778e+09
       2465.00   1.37561e+09
       2475.00   1.34287e+09
       2485.00   1.37393e+09
       2495.00   1.32040e+09
       2505.00   1.35730e+09
       2513.00   1.28377e+09
       2518.00   1.32942e+09
       2525.00   1.27940e+09
       2535.00   1.26856e+09
       2545.00   1.23744e+09
       2555.00   1.26736e+09
       2565.00   1.25223e+09
       2575.00   1.27338e+09
       2585.00   1.26890e+09
       2595.00   1.26015e+09
       2605.00   1.22728e+09
       2615.00   1.21803e+09
       2625.00   1.21008e+09
       2635.00   1.20617e+09
       2645.00   1.22835e+09
       2655.00   1.21987e+09
       2665.00   1.18097e+09
       2675.00   1.19290e+09
       2685.00   1.18022e+09
       2695.00   1.15327e+09
       2705.00   1.14944e+09
       2715.00   1.12801e+09
       2725.00   1.11183e+09
       2735.00   1.12648e+09
       2745.00   1.07244e+09
       2755.00   1.06804e+09
       2765.00   1.07009e+09
       2775.00   1.08240e+09
       2785.00   1.07158e+09
       2795.00   1.00866e+09
       2805.00   1.03471e+09
       2815.00   1.05019e+09
       2825.00   1.03314e+09
       2835.00   9.90243e+08
       2845.00   9.89997e+08
       2855.00   9.91763e+08
       2865.00   1.00202e+09
       2875.00   9.84211e+08
       2885.00   9.77219e+08
       2895.00   9.70884e+08
       2910.00   9.62502e+08
       2930.00   9.40192e+08
       2950.00   9.16794e+08
       2970.00   9.07734e+08
       2990.00   8.88931e+08
       3010.00   8.76325e+08
       3030.00   8.67380e+08
       3050.00   8.50129e+08
       3070.00   8.33852e+08
       3090.00   8.18753e+08
       3110.00   8.03855e+08
       3130.00   7.90500e+08
       3150.00   7.77039e+08
       3170.00   7.61454e+08
       3190.00   7.40681e+08
       3210.00   7.35977e+08
       3230.00   7.24761e+08
       3250.00   7.12194e+08
       3270.00   7.00761e+08
       3290.00   6.88508e+08
       3310.00   6.78666e+08
       3330.00   6.66699e+08
       3350.00   6.54062e+08
       3370.00   6.44166e+08
       3390.00   6.33801e+08
       3410.00   6.23732e+08
       3430.00   6.06552e+08
       3450.00   5.97451e+08
       3470.00   5.92211e+08
       3490.00   5.83092e+08
       3510.00   5.75029e+08
       3530.00   5.66204e+08
       3550.00   5.57241e+08
       3570.00   5.49981e+08
       3590.00   5.37731e+08
       3610.00   5.29679e+08
       3630.00   5.21714e+08
       3640.00   5.20586e+08
       3650.00   5.16748e+08
       3670.00   5.08026e+08
       3690.00   4.75862e+08
       3710.00   4.70006e+08
       3730.00   4.65386e+08
       3750.00   5.19453e+08
       3770.00   5.23233e+08
       3790.00   5.62653e+08
       3810.00   5.99479e+08
       3830.00   5.17395e+08
       3850.00   6.14257e+08
       3870.00   6.24576e+08
       3890.00   4.79300e+08
       3910.00   6.19945e+08
       3930.00   6.02797e+08
       3950.00   5.99992e+08
       3970.00   4.46697e+08
       3990.00   5.74794e+08
       4010.00   5.76947e+08
       4030.00   5.49569e+08
       4050.00   5.63746e+08
       4070.00   5.46279e+08
       4090.00   4.98183e+08
       4110.00   4.27845e+08
       4130.00   5.11064e+08
       4150.00   5.11356e+08
       4170.00   5.08564e+08
       4190.00   5.03978e+08
       4210.00   4.97543e+08
       4230.00   4.88196e+08
       4250.00   4.79524e+08
       4270.00   4.62852e+08
       4290.00   4.63603e+08
       4310.00   4.52253e+08
       4330.00   4.01749e+08
       4350.00   3.62565e+08
       4370.00   4.29365e+08
       4390.00   4.20926e+08
       4410.00   4.22173e+08
       4430.00   4.13858e+08
       4450.00   4.11212e+08
       4470.00   3.87253e+08
       4490.00   3.95359e+08
       4510.00   3.93565e+08
       4530.00   3.86279e+08
       4550.00   3.80870e+08
       4570.00   3.75722e+08
       4590.00   3.70059e+08
       4610.00   3.63629e+08
       4630.00   3.57541e+08
       4650.00   3.51807e+08
       4670.00   3.48282e+08
       4690.00   3.44239e+08
       4710.00   3.32117e+08
       4730.00   3.31470e+08
       4750.00   3.26630e+08
       4770.00   3.25305e+08
       4790.00   3.19901e+08
       4810.00   3.13110e+08
       4830.00   3.07438e+08
       4850.00   2.79363e+08
       4870.00   2.46130e+08
       4890.00   2.93969e+08
       4910.00   2.92345e+08
       4930.00   2.81855e+08
       4950.00   2.85502e+08
       4970.00   2.82141e+08
       4990.00   2.77796e+08
       5010.00   2.67147e+08
       5030.00   2.69286e+08
       5050.00   2.61322e+08
       5070.00   2.62694e+08
       5090.00   2.59005e+08
       5110.00   2.54889e+08
       5130.00   2.50572e+08
       5150.00   2.47025e+08
       5170.00   2.45385e+08
       5190.00   2.42085e+08
       5210.00   2.36830e+08
       5230.00   2.35573e+08
       5250.00   2.32674e+08
       5270.00   2.29297e+08
       5290.00   2.26988e+08
       5310.00   2.23705e+08
       5330.00   2.20716e+08
       5350.00   2.17279e+08
       5370.00   2.15441e+08
       5390.00   2.12588e+08
       5410.00   2.09732e+08
       5430.00   2.06465e+08
       5450.00   2.04077e+08
       5470.00   2.01467e+08
       5490.00   1.99326e+08
       5510.00   1.96691e+08
       5530.00   1.94273e+08
       5550.00   1.92080e+08
       5570.00   1.89574e+08
       5590.00   1.87316e+08
       5610.00   1.84821e+08
       5630.00   1.82904e+08
       5650.00   1.79193e+08
       5670.00   1.77087e+08
       5690.00   1.75367e+08
       5710.00   1.73771e+08
       5730.00   1.71757e+08
       5750.00   1.69641e+08
       5770.00   1.67766e+08
       5790.00   1.65687e+08
       5810.00   1.63656e+08
       5830.00   1.61648e+08
       5850.00   1.59796e+08
       5870.00   1.53133e+08
       5890.00   1.55081e+08
       5910.00   1.54033e+08
       5930.00   1.52257e+08
       5950.00   1.49969e+08
       5970.00   1.48796e+08
       5990.00   1.46639e+08
       6010.00   1.45425e+08
       6030.00   1.43653e+08
       6050.00   1.42026e+08
       6070.00   1.40396e+08
       6090.00   1.38704e+08
       6110.00   1.37222e+08
       6130.00   1.35666e+08
       6150.00   1.33480e+08
       6170.00   1.32468e+08
       6190.00   1.31073e+08
       6210.00   1.29585e+08
       6230.00   1.28075e+08
       6250.00   1.26331e+08
       6270.00   1.25181e+08
       6290.00   1.23796e+08
       6310.00   1.22265e+08
       6330.00   1.21070e+08
       6350.00   1.18814e+08
       6370.00   1.17828e+08
       6390.00   1.17018e+08
       6410.00   1.15610e+08
       6430.00   1.14600e+08
       6450.00   1.13239e+08
       6470.00   1.11901e+08
       6490.00   1.10711e+08
       6510.00   1.09294e+08
       6530.00   1.07636e+08
       6550.00   1.01834e+08
       6561.25   8.90400e+07
       6590.00   1.02710e+08
       6610.00   1.03486e+08
       6630.00   1.02734e+08
       6650.00   1.01734e+08
       6670.00   9.97357e+07
       6690.00   9.86689e+07
       6710.00   9.85083e+07
       6730.00   9.74745e+07
       6750.00   9.64926e+07
       6770.00   9.55206e+07
       6790.00   9.41416e+07
       6810.00   9.34432e+07
       6830.00   9.24687e+07
       6850.00   9.15682e+07
       6870.00   9.06448e+07
       6890.00   8.96907e+07
       6910.00   8.87778e+07
       6930.00   8.77484e+07
       6950.00   8.69789e+07
       6970.00   8.61160e+07
       6990.00   8.52152e+07
       7010.00   8.43387e+07
       7030.00   8.34784e+07
       7050.00   8.25582e+07
       7070.00   8.05994e+07
       7090.00   8.10372e+07
       7110.00   8.00156e+07
       7130.00   7.92412e+07
       7150.00   7.85775e+07
       7170.00   7.78173e+07
       7190.00   7.70789e+07
       7210.00   7.63185e+07
       7230.00   7.47870e+07
       7250.00   7.47691e+07
       7270.00   7.40874e+07
       7290.00   7.28096e+07
       7310.00   7.26373e+07
       7330.00   7.19399e+07
       7350.00   7.12561e+07
       7370.00   7.05647e+07
       7390.00   6.98797e+07
       7410.00   6.92080e+07
       7430.00   6.84606e+07
       7450.00   6.78627e+07
       7470.00   6.71488e+07
       7490.00   6.65475e+07
       7510.00   6.59150e+07
       7530.00   6.53075e+07
       7550.00   6.47095e+07
       7570.00   6.41038e+07
       7590.00   6.34787e+07
       7610.00   6.29099e+07
       7630.00   6.23140e+07
       7650.00   6.17291e+07
       7670.00   6.11598e+07
       7690.00   6.05809e+07
       7710.00   6.00198e+07
       7730.00   5.94619e+07
       7750.00   5.89083e+07
       7770.00   5.78734e+07
       7790.00   5.78405e+07
       7810.00   5.72753e+07
       7830.00   5.67926e+07
       7850.00   5.61612e+07
       7870.00   5.56091e+07
       7890.00   5.50087e+07
       7910.00   5.47001e+07
       7930.00   5.42149e+07
       7950.00   5.35961e+07
       7970.00   5.32207e+07
       7990.00   5.25923e+07
       8010.00   5.22713e+07
       8030.00   5.18406e+07
       8050.00   5.13752e+07
       8070.00   5.09618e+07
       8090.00   5.04195e+07
       8110.00   4.99878e+07
       8130.00   4.96082e+07
       8150.00   4.91047e+07
       8170.00   4.87551e+07
       8190.00   4.82780e+07
       8210.00   4.75954e+07
       8230.00   4.72114e+07
       8250.00   4.69861e+07
       8270.00   4.64412e+07
       8290.00   4.61555e+07
       8310.00   4.57754e+07
       8330.00   4.53408e+07
       8350.00   4.48294e+07
       8370.00   4.42831e+07
       8390.00   4.38592e+07
       8410.00   4.33808e+07
       8430.00   4.27310e+07
       8450.00   4.21517e+07
       8470.00   4.16163e+07
       8490.00   4.18276e+07
       8510.00   4.06694e+07
       8530.00   4.16024e+07
       8550.00   3.91678e+07
       8570.00   4.18259e+07
       8590.00   3.91679e+07
       8610.00   3.87702e+07
       8630.00   4.14608e+07
       8650.00   3.97185e+07
       8670.00   3.60458e+07
       8690.00   4.01155e+07
       8710.00   4.07479e+07
       8730.00   3.91803e+07
       8750.00   3.44183e+07
       8770.00   3.77040e+07
       8790.00   3.94668e+07
       8810.00   3.93373e+07
       8830.00   3.86868e+07
       8850.00   3.58792e+07
       8870.00   3.27196e+07
       8890.00   3.71911e+07
       8910.00   3.77200e+07
       8930.00   3.75068e+07
       8950.00   3.73474e+07
       8970.00   3.69155e+07
       8990.00   3.55791e+07
       9010.00   3.11937e+07
       9030.00   3.28894e+07
       9050.00   3.53518e+07
       9070.00   3.51521e+07
       9090.00   3.51184e+07
       9110.00   3.50347e+07
       9130.00   3.47969e+07
       9150.00   3.44942e+07
       9170.00   3.40500e+07
       9190.00   3.36125e+07
       9210.00   3.19677e+07
       9230.00   2.76827e+07
       9250.00   3.12704e+07
       9270.00   3.21975e+07
       9290.00   3.25073e+07
       9310.00   3.22374e+07
       9330.00   3.21140e+07
       9350.00   3.18811e+07
       9370.00   3.16555e+07
       9390.00   3.13888e+07
       9410.00   3.09776e+07
       9430.00   3.09125e+07
       9450.00   3.06738e+07
       9470.00   3.02049e+07
       9490.00   3.00485e+07
       9510.00   2.93665e+07
       9530.00   2.78206e+07
       9550.00   2.45322e+07
       9570.00   2.80114e+07
       9590.00   2.87455e+07
       9610.00   2.86358e+07
       9630.00   2.83012e+07
       9650.00   2.83831e+07
       9670.00   2.81401e+07
       9690.00   2.79229e+07
       9710.00   2.76594e+07
       9730.00   2.75287e+07
       9750.00   2.73108e+07
       9770.00   2.71143e+07
       9790.00   2.69065e+07
       9810.00   2.66995e+07
       9830.00   2.64861e+07
       9850.00   2.62986e+07
       9870.00   2.60947e+07
       9890.00   2.58752e+07
       9910.00   2.56152e+07
       9930.00   2.55159e+07
       9950.00   2.53198e+07
       9970.00   2.50774e+07
       9990.00   2.48423e+07
       10025.0   2.33699e+07
       10075.0   2.25165e+07
       10125.0   2.35555e+07
       10175.0   2.32882e+07
       10225.0   2.28689e+07
       10275.0   2.24652e+07
       10325.0   2.19810e+07
       10375.0   2.16675e+07
       10425.0   2.12840e+07
       10475.0   2.09031e+07
       10525.0   2.05282e+07
       10575.0   2.01728e+07
       10625.0   1.98242e+07
       10675.0   1.94131e+07
       10725.0   1.91343e+07
       10775.0   1.88062e+07
       10825.0   1.82722e+07
       10875.0   1.80762e+07
       10925.0   1.62553e+07
       10975.0   1.70468e+07
       11025.0   1.71535e+07
       11075.0   1.69704e+07
       11125.0   1.66882e+07
       11175.0   1.64083e+07
       11225.0   1.61285e+07
       11275.0   1.58192e+07
       11325.0   1.55720e+07
       11375.0   1.53530e+07
       11425.0   1.50983e+07
       11475.0   1.48580e+07
       11525.0   1.46168e+07
       11575.0   1.43783e+07
       11625.0   1.41395e+07
       11675.0   1.39158e+07
       11725.0   1.37001e+07
       11775.0   1.34590e+07
       11825.0   1.32702e+07
       11875.0   1.30580e+07
       11925.0   1.28587e+07
       11975.0   1.25855e+07
       12025.0   1.24610e+07
       12075.0   1.22673e+07
       12125.0   1.20774e+07
       12175.0   1.18920e+07
       12225.0   1.17097e+07
       12275.0   1.15300e+07
       12325.0   1.13548e+07
       12375.0   1.11835e+07
       12425.0   1.10161e+07
       12475.0   1.08394e+07
       12525.0   1.06687e+07
       12575.0   1.05216e+07
       12625.0   1.03699e+07
       12675.0   1.02181e+07
       12725.0   1.00524e+07
       12775.0   9.72293e+06
       12825.0   8.91914e+06
       12875.0   9.54294e+06
       12925.0   9.48390e+06
       12975.0   9.31473e+06
       13025.0   9.22048e+06
       13075.0   9.08795e+06
       13125.0   8.95804e+06
       13175.0   8.82529e+06
       13225.0   8.70462e+06
       13275.0   8.58145e+06
       13325.0   8.46009e+06
       13375.0   8.34136e+06
       13425.0   8.21768e+06
       13475.0   8.10868e+06
       13525.0   7.99529e+06
       13575.0   7.88519e+06
       13625.0   7.77608e+06
       13675.0   7.66795e+06
       13725.0   7.56338e+06
       13775.0   7.46112e+06
       13825.0   7.35955e+06
       13875.0   7.25945e+06
       13925.0   7.15922e+06
       13975.0   7.06353e+06
       14025.0   6.96959e+06
       14075.0   6.87585e+06
       14125.0   6.78383e+06
       14175.0   6.69424e+06
       14225.0   6.60538e+06
       14275.0   6.51814e+06
       14325.0   6.43215e+06
       14375.0   6.34755e+06
       14425.0   6.26108e+06
       14475.0   6.18158e+06
       14525.0   6.10106e+06
       14570.0   6.03131e+06
       14620.0   5.95417e+06
       14675.0   5.87114e+06
       14725.0   5.79624e+06
       14775.0   5.72152e+06
       14825.0   5.65025e+06
       14875.0   5.57845e+06
       14925.0   5.50765e+06
       14975.0   5.43515e+06
       15025.0   5.36449e+06
       15075.0   5.28570e+06
       15125.0   5.21837e+06
       15175.0   5.14576e+06
       15225.0   5.08097e+06
       15275.0   5.00917e+06
       15325.0   4.93981e+06
       15375.0   4.89450e+06
       15425.0   4.80139e+06
       15475.0   4.77702e+06
       15525.0   4.71551e+06
       15575.0   4.60126e+06
       15625.0   4.65102e+06
       15675.0   4.51959e+06
       15725.0   4.42553e+06
       15775.0   4.49895e+06
       15825.0   4.43281e+06
       15875.0   4.20297e+06
       15925.0   4.28774e+06
       15975.0   4.30892e+06
       16050.0   4.18860e+06
       16150.0   4.00704e+06
       16250.0   4.04162e+06
       16350.0   3.89340e+06
       16450.0   3.72453e+06
       16550.0   3.77387e+06
       16650.0   3.68995e+06
       16750.0   3.54477e+06
       16850.0   3.38805e+06
       16950.0   3.44247e+06
       17050.0   3.35555e+06
       17150.0   3.29412e+06
       17250.0   3.21464e+06
       17350.0   2.99309e+06
       17450.0   3.06009e+06
       17550.0   3.01553e+06
       17650.0   2.95074e+06
       17750.0   2.88686e+06
       17850.0   2.82469e+06
       17950.0   2.76618e+06
       18050.0   2.70034e+06
       18150.0   2.52555e+06
       18250.0   2.56298e+06
       18350.0   2.54061e+06
       18450.0   2.48846e+06
       18550.0   2.43499e+06
       18650.0   2.36909e+06
       18750.0   2.22665e+06
       18850.0   2.28494e+06
       18950.0   2.24432e+06
       19050.0   2.19424e+06
       19150.0   2.15628e+06
       19250.0   2.11340e+06
       19350.0   2.06324e+06
       19450.0   1.92327e+06
       19550.0   1.98103e+06
       19650.0   1.95243e+06
       19750.0   1.91464e+06
       19850.0   1.87771e+06
       19950.0   1.84161e+06
       20050.0   1.80642e+06
       20150.0   1.77211e+06
       20250.0   1.73858e+06
       20350.0   1.70579e+06
       20450.0   1.67339e+06
       20550.0   1.63948e+06
       20650.0   1.61215e+06
       20750.0   1.58230e+06
       20850.0   1.55321e+06
       20950.0   1.52468e+06
       21050.0   1.49697e+06
       21150.0   1.46516e+06
       21250.0   1.44314e+06
       21350.0   1.41709e+06
       21450.0   1.39138e+06
       21550.0   1.36227e+06
       21650.0   1.27288e+06
       21750.0   1.31034e+06
       21850.0   1.29522e+06
       21950.0   1.27304e+06
       22050.0   1.25098e+06
       22150.0   1.22927e+06
       22250.0   1.20790e+06
       22350.0   1.18723e+06
       22450.0   1.16689e+06
       22550.0   1.14700e+06
       22650.0   1.12750e+06
       22750.0   1.10844e+06
       22850.0   1.09132e+06
       22950.0   1.07876e+06
       23050.0   1.06048e+06
       23150.0   1.04298e+06
       23250.0   1.02378e+06
       23350.0   1.00549e+06
       23450.0       988031.
       23550.0       970963.
       23650.0       954754.
       23750.0       938048.
       23850.0       922582.
       23950.0       907407.
       24050.0       891605.
       24150.0       876872.
       24250.0       863121.
       24350.0       849438.
       24450.0       834942.
       24550.0       823340.
       24650.0       808738.
       24750.0       796004.
       24850.0       786987.
       24950.0       768224.
       25050.0       767566.
       25150.0       752481.
       25250.0       730874.
       25350.0       728050.
       25450.0       719897.
       25550.0       705790.
       25650.0       684264.
       25750.0       685892.
       25850.0       678904.
       25950.0       667807.
       26050.0       651976.
       26150.0       629920.
       26250.0       605448.
       26350.0       625169.
       26450.0       620558.
       26550.0       611189.
       26650.0       598973.
       26750.0       574497.
       26850.0       581565.
       26950.0       577153.
       27050.0       569135.
       27150.0       561015.
       27250.0       552999.
       27350.0       545135.
       27450.0       535570.
       27550.0       511984.
       27650.0       514398.
       27750.0       514464.
       27850.0       507959.
       27950.0       500907.
       28050.0       493990.
       28150.0       487159.
       28250.0       480459.
       28350.0       473841.
       28450.0       467398.
       28550.0       460487.
       28650.0       449462.
       28750.0       429969.
       28850.0       440554.
       28950.0       436558.
       29050.0       430826.
       29150.0       425055.
       29250.0       419428.
       29350.0       413859.
       29450.0       408404.
       29550.0       403038.
       29650.0       397749.
       29750.0       392551.
       29850.0       387435.
       29950.0       382403.
       30050.0       377447.
       30150.0       372535.
       30250.0       366704.
       30350.0       349973.
       30450.0       350522.
       30550.0       353120.
       30650.0       349364.
       30750.0       344908.
       30850.0       340490.
       30950.0       336304.
       31050.0       332089.
       31150.0       327930.
       31250.0       323829.
       31350.0       319826.
       31450.0       315861.
       31550.0       311966.
       31650.0       308117.
       31750.0       304340.
       31850.0       300620.
       31950.0       296951.
       32100.0       291554.
       32300.0       284549.
       32500.0       277752.
       32700.0       271046.
       32900.0       256859.
       33100.0       257344.
       33300.0       253209.
       33500.0       247368.
       33700.0       241638.
       33900.0       236094.
       34100.0       230585.
       34300.0       225019.
       34500.0       219857.
       34700.0       214836.
       34900.0       209940.
       35100.0       205268.
       35300.0       200720.
       35500.0       196226.
       35700.0       191867.
       35900.0       187841.
       36100.0       183585.
       36300.0       179872.
       36500.0       175695.
       36700.0       172432.
       36900.0       168080.
       37100.0       164992.
       37300.0       159515.
       37500.0       154582.
       37700.0       155197.
       37900.0       152307.
       38100.0       148130.
       38300.0       145251.
       38500.0       143205.
       38700.0       140315.
       38900.0       137103.
       39100.0       133038.
       39300.0       131926.
       39500.0       129439.
       39700.0       126910.
       39900.0       124422.
       40100.0       120904.
       40300.0       118042.
       40500.0       114104.
       40700.0       114919.
       40900.0       112865.
       41100.0       110717.
       41300.0       108556.
       41500.0       106353.
       41700.0       102456.
       41900.0       102349.
       42100.0       100707.
       42300.0       98843.6
       42500.0       96991.5
       42700.0       95244.1
       42900.0       93387.9
       43100.0       91805.2
       43300.0       90143.3
       43500.0       88456.2
       43700.0       85081.9
       43900.0       84752.2
       44100.0       83861.2
       44300.0       82378.2
       44500.0       80927.9
       44700.0       79628.3
       44900.0       78236.6
       45100.0       76877.5
       45300.0       75541.1
       45500.0       74241.5
       45700.0       72967.2
       45900.0       71719.3
       46100.0       70483.3
       46300.0       69195.6
       46500.0       65829.6
       46700.0       64924.9
       46900.0       65507.9
       47100.0       64766.0
       47300.0       63692.4
       47500.0       62634.5
       47700.0       61607.0
       47900.0       60597.8
       48100.0       59608.0
       48300.0       58637.4
       48500.0       57687.1
       48700.0       56756.8
       48900.0       55844.5
       49100.0       54949.8
       49300.0       54073.9
       49500.0       53215.1
       49700.0       52372.8
       49900.0       51548.3
       50100.0       50738.3
       50300.0       49944.0
       50500.0       49166.6
       50700.0       48404.3
       50900.0       47655.3
       51100.0       46731.9
       51300.0       44696.2
       51500.0       45376.7
       51700.0       44802.2
       51900.0       44123.3
       52100.0       43456.2
       52300.0       42802.2
       52500.0       42161.0
       52700.0       41529.6
       52900.0       40911.9
       53100.0       40305.0
       53300.0       39710.1
       53500.0       39125.5
       53700.0       38551.1
       53900.0       37988.0
       54100.0       37434.8
       54300.0       36891.2
       54500.0       36358.4
       54700.0       35833.6
       54900.0       35319.3
       55100.0       34813.9
       55300.0       34317.4
       55500.0       33830.8
       55700.0       33351.5
       55900.0       32881.8
       56100.0       32419.2
       56300.0       31964.6
       56500.0       31519.2
       56700.0       31080.4
       56900.0       30649.4
       57100.0       30225.9
       57300.0       29809.9
       57500.0       29401.2
       57700.0       28998.6
       57900.0       28603.1
       58100.0       28215.6
       58300.0       27832.8
       58500.0       27482.1
       58700.0       27111.5
       58900.0       26610.6
       59100.0       25438.5
       59300.0       25964.6
       59500.0       25694.6
       59700.0       25354.7
       59900.0       25020.8
       60100.0       24691.8
       60300.0       24368.8
       60500.0       24050.4
       60700.0       23736.8
       60900.0       23429.8
       61100.0       23126.3
       61300.0       22828.3
       61500.0       22534.6
       61700.0       22246.2
       61900.0       21962.1
       62100.0       21683.1
       62300.0       21407.3
       62500.0       21136.4
       62700.0       20870.5
       62900.0       20607.6
       63100.0       20349.4
       63300.0       20096.0
       63500.0       19845.3
       63700.0       19599.3
       63900.0       19356.8
       64200.0       18999.9
       64600.0       18536.1
       65000.0       18087.5
       65400.0       17652.0
       65800.0       17229.2
       66200.0       16818.8
       66600.0       16421.2
       67000.0       16035.2
       67400.0       15659.6
       67800.0       15295.9
       68200.0       14942.1
       68600.0       14598.6
       69000.0       14264.5
       69400.0       13940.2
       69800.0       13625.4
       70200.0       13319.2
       70600.0       13021.4
       71000.0       12732.3
       71400.0       12450.4
       71800.0       12176.9
       72200.0       11910.8
       72600.0       11651.9
       73000.0       11399.5
       73400.0       11154.6
       73800.0       10915.7
       74200.0       10667.0
       74600.0       10228.6
       75000.0       9987.88
       75400.0       10011.4
       75800.0       9813.57
       76200.0       9610.25
       76600.0       9411.91
       77000.0       9219.06
       77400.0       9030.95
       77800.0       8847.46
       78200.0       8668.46
       78600.0       8494.48
       79000.0       8324.17
       79400.0       8158.64
       79800.0       7996.60
       80200.0       7839.13
       80600.0       7685.55
       81000.0       7535.18
       81400.0       7388.53
       81800.0       7246.07
       82200.0       7106.59
       82600.0       6970.01
       83000.0       6837.37
       83400.0       6707.48
       83800.0       6580.84
       84200.0       6457.35
       84600.0       6336.43
       85000.0       6218.01
       85400.0       6103.08
       85800.0       5990.52
       86200.0       5880.30
       86600.0       5772.85
       87000.0       5667.63
       87400.0       5565.07
       87800.0       5464.63
       88200.0       5366.27
       88600.0       5270.41
       89000.0       5176.54
       89400.0       5084.60
       89800.0       4995.02
       90200.0       4907.29
       90600.0       4821.37
       91000.0       4737.22
       91400.0       4655.26
       91800.0       4574.55
       92200.0       4495.94
       92600.0       4418.96
       93000.0       4343.57
       93400.0       4269.83
       93800.0       4197.61
       94200.0       4126.88
       94600.0       4057.66
       95000.0       3989.88
       95400.0       3923.54
       95800.0       3858.54
       96200.0       3794.85
       96600.0       3732.52
       97000.0       3671.41
       97400.0       3611.57
       97800.0       3552.94
       98200.0       3495.50
       98600.0       3439.22
       99000.0       3384.04
       99400.0       3329.98
       99800.0       3276.97
       100200.       3225.01
       200000.       201.965
       400000.       12.4269
       600000.       2.42981
       800000.      0.763409
   1.00000e+06      0.311002
   1.20000e+06      0.149316
   1.40000e+06     0.0802782
   1.60000e+06     0.0468882
