       90.9000   1.64451e-09
       93.5000   5.86152e-09
       96.1000   1.94207e-08
       97.7000   3.97242e-08
       99.6000   8.94644e-08
       102.000   2.38907e-07
       103.800   4.85002e-07
       105.600   9.60968e-07
       107.700   2.07279e-06
       110.400   5.32200e-06
       114.000   1.75141e-05
       117.800   5.71468e-05
       121.300   0.000159173
       124.800   0.000418914
       127.100   0.000769580
       128.400    0.00107513
       130.500    0.00182047
       132.400    0.00289096
       133.900    0.00413581
       136.600    0.00770862
       139.800     0.0157967
       143.300     0.0332996
       147.200     0.0727786
       151.000      0.154752
       155.200      0.337598
       158.800      0.640342
       162.000       1.10892
       166.000       2.15530
       170.300       4.23077
       173.400       6.74874
       176.800       11.1754
       180.200       18.0777
       181.700       22.0767
       186.100       40.1856
       191.000       75.1922
       193.900       107.717
       198.400       183.826
       201.800       269.343
       205.000       384.897
       210.500       689.300
       216.200       1215.97
       219.800       1726.21
       223.000       2320.20
       226.800       3271.90
       230.000   2.47275e+06
       234.000   7.55030e+06
       240.000   1.01985e+07
       246.500   1.44536e+07
       252.400   2.43203e+07
       256.800   3.18700e+07
       260.000   4.20355e+07
       264.000   1.83863e+08
       268.500   2.49484e+08
       273.500   2.98827e+08
       278.500   2.13257e+08
       284.000   5.16407e+08
       290.000   7.79397e+08
       296.000   6.48451e+08
       301.000   1.05912e+09
       308.000   3.55158e+09
       318.000   6.13876e+09
       328.000   7.95769e+09
       338.000   9.63261e+09
       348.000   1.00093e+10
       357.000   1.97607e+10
       366.000   3.95725e+10
       375.000   3.78083e+10
       385.000   2.95894e+10
       395.000   5.13189e+10
       405.000   6.77437e+10
       414.000   6.78878e+10
       422.000   6.09867e+10
       430.000   5.71269e+10
       441.000   6.81958e+10
       451.000   6.97892e+10
       460.000   5.99261e+10
       470.000   6.05361e+10
       480.000   7.00990e+10
       490.000   5.38861e+10
       500.000   7.06957e+10
       506.000   5.92605e+10
       512.000   1.11799e+11
       520.000   1.03825e+11
       530.000   9.32720e+10
       540.000   7.63228e+10
       550.000   7.18403e+10
       560.000   9.72904e+10
       570.000   1.09847e+11
       580.000   1.05240e+11
       590.000   1.05757e+11
       600.000   8.45854e+10
       610.000   8.22925e+10
       620.000   1.06374e+11
       630.000   9.91990e+10
       640.000   1.08227e+11
       650.000   1.01704e+11
       658.000   9.18933e+10
       665.000   1.03625e+11
       675.000   1.08606e+11
       685.000   9.08778e+10
       695.000   1.03443e+11
       705.000   8.02312e+10
       716.000   1.04071e+11
       726.000   1.03754e+11
       735.000   1.03537e+11
       745.000   9.76808e+10
       755.000   9.56523e+10
       765.000   8.27651e+10
       775.000   9.19959e+10
       785.000   8.02828e+10
       795.000   8.73003e+10
       805.000   8.90166e+10
       815.000   8.87115e+10
       825.000   8.78692e+10
       835.000   6.83948e+10
       845.000   8.41493e+10
       855.000   8.14246e+10
       865.000   8.30471e+10
       875.000   8.18584e+10
       885.000   8.01777e+10
       895.000   7.90639e+10
       905.000   7.67099e+10
       915.000   6.75098e+10
       925.000   1.06134e+11
       935.000   1.44629e+11
       945.000   1.64339e+11
       955.000   1.77860e+11
       965.000   1.89125e+11
       975.000   1.31939e+11
       985.000   1.63187e+11
       995.000   1.44748e+11
       1005.00   1.46973e+11
       1015.00   1.52557e+11
       1025.00   1.33957e+11
       1035.00   1.52169e+11
       1045.00   1.57906e+11
       1055.00   1.52760e+11
       1065.00   1.43206e+11
       1075.00   1.42881e+11
       1085.00   1.32778e+11
       1095.00   1.36867e+11
       1105.00   1.31905e+11
       1115.00   1.28892e+11
       1125.00   1.21610e+11
       1135.00   1.24466e+11
       1145.00   1.22761e+11
       1155.00   1.15121e+11
       1165.00   1.09495e+11
       1175.00   9.12148e+10
       1185.00   1.01768e+11
       1195.00   9.72860e+10
       1205.00   9.55561e+10
       1215.00   8.12807e+10
       1225.00   8.93810e+10
       1235.00   8.98907e+10
       1245.00   8.81268e+10
       1255.00   8.82253e+10
       1265.00   8.85051e+10
       1275.00   8.86819e+10
       1285.00   8.76629e+10
       1295.00   8.59840e+10
       1305.00   8.31295e+10
       1315.00   8.37893e+10
       1325.00   8.16753e+10
       1335.00   8.00314e+10
       1345.00   7.91185e+10
       1355.00   7.56672e+10
       1365.00   7.30199e+10
       1375.00   7.02161e+10
       1385.00   6.92097e+10
       1395.00   5.38160e+10
       1405.00   4.22891e+10
       1415.00   6.59524e+10
       1425.00   6.12509e+10
       1435.00   6.38981e+10
       1442.00   6.16106e+10
       1447.00   6.13655e+10
       1455.00   5.92013e+10
       1465.00   5.88909e+10
       1475.00   5.80189e+10
       1485.00   5.82651e+10
       1495.00   5.64482e+10
       1505.00   5.60981e+10
       1512.00   5.53591e+10
       1517.00   5.45184e+10
       1525.00   5.35591e+10
       1535.00   4.86185e+10
       1545.00   3.71029e+10
       1555.00   3.90889e+10
       1565.00   4.50989e+10
       1575.00   4.64674e+10
       1585.00   4.58454e+10
       1595.00   4.55907e+10
       1605.00   4.30077e+10
       1615.00   4.16708e+10
       1625.00   4.17872e+10
       1635.00   4.14707e+10
       1645.00   4.01229e+10
       1655.00   4.11800e+10
       1665.00   4.02479e+10
       1672.00   3.78525e+10
       1677.00   4.13980e+10
       1685.00   4.02654e+10
       1695.00   3.94875e+10
       1705.00   3.84879e+10
       1715.00   3.71501e+10
       1725.00   3.61307e+10
       1735.00   3.69481e+10
       1745.00   3.64380e+10
       1755.00   3.55151e+10
       1765.00   3.49518e+10
       1775.00   3.41047e+10
       1785.00   3.41008e+10
       1795.00   3.30578e+10
       1805.00   3.26601e+10
       1815.00   3.20805e+10
       1825.00   3.13747e+10
       1835.00   3.11937e+10
       1845.00   3.07259e+10
       1855.00   3.03648e+10
       1865.00   2.99610e+10
       1875.00   2.91129e+10
       1885.00   2.85546e+10
       1895.00   2.85908e+10
       1905.00   2.82561e+10
       1915.00   2.77502e+10
       1925.00   2.65344e+10
       1935.00   2.70205e+10
       1945.00   2.66528e+10
       1955.00   2.55312e+10
       1967.00   2.56023e+10
       1976.00   2.52335e+10
       1984.00   2.50496e+10
       1995.00   2.45100e+10
       2005.00   2.43243e+10
       2015.00   2.39238e+10
       2025.00   2.35430e+10
       2035.00   2.30857e+10
       2045.00   2.26100e+10
       2055.00   1.69398e+10
       2065.00   1.91589e+10
       2074.00   2.20609e+10
       2078.00   2.18496e+10
       2085.00   2.16546e+10
       2095.00   2.12810e+10
       2105.00   2.08531e+10
       2115.00   2.09192e+10
       2125.00   2.04182e+10
       2135.00   2.02596e+10
       2145.00   1.98755e+10
       2155.00   1.97458e+10
       2165.00   1.88718e+10
       2175.00   1.91526e+10
       2185.00   1.85610e+10
       2195.00   1.86753e+10
       2205.00   1.83638e+10
       2215.00   1.77115e+10
       2225.00   1.77817e+10
       2235.00   1.75400e+10
       2245.00   1.72279e+10
       2255.00   1.66887e+10
       2265.00   1.67465e+10
       2275.00   1.65567e+10
       2285.00   1.61566e+10
       2295.00   1.57265e+10
       2305.00   1.54116e+10
       2315.00   1.54208e+10
       2325.00   1.52982e+10
       2335.00   1.51052e+10
       2345.00   1.48198e+10
       2355.00   1.45352e+10
       2365.00   1.43075e+10
       2375.00   1.40143e+10
       2385.00   1.33466e+10
       2395.00   1.35546e+10
       2405.00   1.34193e+10
       2415.00   1.32742e+10
       2425.00   1.31938e+10
       2435.00   1.29579e+10
       2445.00   1.27992e+10
       2455.00   1.25664e+10
       2465.00   1.24404e+10
       2475.00   1.23229e+10
       2485.00   1.20354e+10
       2495.00   1.04522e+10
       2505.00   1.16675e+10
       2513.00   1.08972e+10
       2518.00   1.13257e+10
       2525.00   1.13829e+10
       2535.00   1.13238e+10
       2545.00   1.11867e+10
       2555.00   1.10116e+10
       2565.00   1.08749e+10
       2575.00   1.07207e+10
       2585.00   1.05884e+10
       2595.00   1.03212e+10
       2605.00   1.03087e+10
       2615.00   1.01049e+10
       2625.00   1.00396e+10
       2635.00   9.93260e+09
       2645.00   9.76555e+09
       2655.00   9.66701e+09
       2665.00   9.52511e+09
       2675.00   9.30030e+09
       2685.00   9.26198e+09
       2695.00   9.12750e+09
       2705.00   9.07352e+09
       2715.00   8.92657e+09
       2725.00   8.81957e+09
       2735.00   8.46359e+09
       2745.00   8.62352e+09
       2755.00   8.49651e+09
       2765.00   8.38342e+09
       2775.00   8.28789e+09
       2785.00   8.14396e+09
       2795.00   7.99657e+09
       2805.00   7.95977e+09
       2815.00   7.87337e+09
       2825.00   7.76344e+09
       2835.00   7.67736e+09
       2845.00   7.60394e+09
       2855.00   7.50454e+09
       2865.00   7.37881e+09
       2875.00   7.29430e+09
       2885.00   7.22345e+09
       2895.00   7.13408e+09
       2910.00   6.99621e+09
       2930.00   6.84837e+09
       2950.00   6.67790e+09
       2970.00   6.50328e+09
       2990.00   6.32344e+09
       3010.00   6.17731e+09
       3030.00   6.00289e+09
       3050.00   5.89323e+09
       3070.00   5.75554e+09
       3090.00   5.64537e+09
       3110.00   5.52587e+09
       3130.00   5.39164e+09
       3150.00   5.28770e+09
       3170.00   5.16233e+09
       3190.00   5.05227e+09
       3210.00   4.86337e+09
       3230.00   4.83800e+09
       3250.00   4.73869e+09
       3270.00   4.59036e+09
       3290.00   4.52079e+09
       3310.00   4.42059e+09
       3330.00   4.32519e+09
       3350.00   4.20622e+09
       3370.00   4.13621e+09
       3390.00   4.05739e+09
       3410.00   3.96944e+09
       3430.00   3.89350e+09
       3450.00   3.79183e+09
       3470.00   3.73574e+09
       3490.00   3.66211e+09
       3510.00   3.59328e+09
       3530.00   3.51307e+09
       3550.00   3.44311e+09
       3570.00   3.37833e+09
       3590.00   3.30777e+09
       3610.00   3.23624e+09
       3630.00   3.17151e+09
       3640.00   3.08530e+09
       3650.00   3.12837e+09
       3670.00   3.06248e+09
       3690.00   2.98870e+09
       3710.00   2.86733e+09
       3730.00   2.80390e+09
       3750.00   2.76791e+09
       3770.00   2.71212e+09
       3790.00   2.71347e+09
       3810.00   2.73151e+09
       3830.00   2.57413e+09
       3850.00   2.67683e+09
       3870.00   2.64445e+09
       3890.00   2.40770e+09
       3910.00   2.57140e+09
       3930.00   2.50968e+09
       3950.00   2.46164e+09
       3970.00   2.22031e+09
       3990.00   2.38224e+09
       4010.00   2.34190e+09
       4030.00   2.28044e+09
       4050.00   2.26399e+09
       4070.00   2.21039e+09
       4090.00   2.11869e+09
       4110.00   1.98614e+09
       4130.00   2.09258e+09
       4150.00   2.05975e+09
       4170.00   2.03116e+09
       4190.00   1.99516e+09
       4210.00   1.94505e+09
       4230.00   1.93097e+09
       4250.00   1.89426e+09
       4270.00   1.86114e+09
       4290.00   1.82956e+09
       4310.00   1.79177e+09
       4330.00   1.71090e+09
       4350.00   1.62397e+09
       4370.00   1.70213e+09
       4390.00   1.66488e+09
       4410.00   1.64083e+09
       4430.00   1.62038e+09
       4450.00   1.59190e+09
       4470.00   1.55309e+09
       4490.00   1.54177e+09
       4510.00   1.50712e+09
       4530.00   1.48539e+09
       4550.00   1.44425e+09
       4570.00   1.44149e+09
       4590.00   1.41608e+09
       4610.00   1.39600e+09
       4630.00   1.36701e+09
       4650.00   1.32053e+09
       4670.00   1.32629e+09
       4690.00   1.26539e+09
       4710.00   1.28661e+09
       4730.00   1.27386e+09
       4750.00   1.25413e+09
       4770.00   1.23434e+09
       4790.00   1.21473e+09
       4810.00   1.19582e+09
       4830.00   1.17656e+09
       4850.00   1.13433e+09
       4870.00   1.06011e+09
       4890.00   1.12141e+09
       4910.00   1.10561e+09
       4930.00   1.08379e+09
       4950.00   1.07299e+09
       4970.00   1.05793e+09
       4990.00   1.04240e+09
       5010.00   1.02152e+09
       5030.00   1.01021e+09
       5050.00   9.94737e+08
       5070.00   9.81335e+08
       5090.00   9.67269e+08
       5110.00   9.53177e+08
       5130.00   9.38988e+08
       5150.00   9.25261e+08
       5170.00   9.11914e+08
       5190.00   8.98773e+08
       5210.00   8.85821e+08
       5230.00   8.73371e+08
       5250.00   8.59499e+08
       5270.00   8.46599e+08
       5290.00   8.36534e+08
       5310.00   8.24619e+08
       5330.00   8.12886e+08
       5350.00   8.01673e+08
       5370.00   7.90422e+08
       5390.00   7.79328e+08
       5410.00   7.54836e+08
       5430.00   7.57910e+08
       5450.00   7.47500e+08
       5470.00   7.37032e+08
       5490.00   7.27047e+08
       5510.00   7.16207e+08
       5530.00   7.07328e+08
       5550.00   6.97775e+08
       5570.00   6.87916e+08
       5590.00   6.76649e+08
       5610.00   6.69930e+08
       5630.00   6.60924e+08
       5650.00   6.52075e+08
       5670.00   6.43346e+08
       5690.00   6.24659e+08
       5710.00   6.23746e+08
       5730.00   6.18561e+08
       5750.00   6.10027e+08
       5770.00   6.02535e+08
       5790.00   5.94750e+08
       5810.00   5.82705e+08
       5830.00   5.77993e+08
       5850.00   5.71890e+08
       5870.00   5.57963e+08
       5890.00   5.56841e+08
       5910.00   5.50328e+08
       5930.00   5.43194e+08
       5950.00   5.36218e+08
       5970.00   5.29439e+08
       5990.00   5.23736e+08
       6010.00   5.16032e+08
       6030.00   5.09257e+08
       6050.00   5.04012e+08
       6070.00   4.96545e+08
       6090.00   4.91735e+08
       6110.00   4.84707e+08
       6130.00   4.78912e+08
       6150.00   4.73541e+08
       6170.00   4.66290e+08
       6190.00   4.62240e+08
       6210.00   4.56591e+08
       6230.00   4.49364e+08
       6250.00   4.45509e+08
       6270.00   4.40112e+08
       6290.00   4.34833e+08
       6310.00   4.27757e+08
       6330.00   4.24447e+08
       6350.00   4.19264e+08
       6370.00   4.14342e+08
       6390.00   4.09354e+08
       6410.00   4.02714e+08
       6430.00   3.99794e+08
       6450.00   3.94746e+08
       6470.00   3.89997e+08
       6490.00   3.85557e+08
       6510.00   3.80961e+08
       6530.00   3.74708e+08
       6550.00   3.67822e+08
       6561.25   3.40538e+08
       6590.00   3.63171e+08
       6610.00   3.59700e+08
       6630.00   3.55614e+08
       6650.00   3.51527e+08
       6670.00   3.45561e+08
       6690.00   3.39836e+08
       6710.00   3.39102e+08
       6730.00   3.35417e+08
       6750.00   3.31614e+08
       6770.00   3.28186e+08
       6790.00   3.24605e+08
       6810.00   3.20971e+08
       6830.00   3.17382e+08
       6850.00   3.13813e+08
       6870.00   3.10264e+08
       6890.00   3.04720e+08
       6910.00   3.03424e+08
       6930.00   3.00193e+08
       6950.00   2.96884e+08
       6970.00   2.93632e+08
       6990.00   2.90420e+08
       7010.00   2.87262e+08
       7030.00   2.83686e+08
       7050.00   2.80813e+08
       7070.00   2.76084e+08
       7090.00   2.75015e+08
       7110.00   2.71965e+08
       7130.00   2.69041e+08
       7150.00   2.66270e+08
       7170.00   2.61753e+08
       7190.00   2.60190e+08
       7210.00   2.57857e+08
       7230.00   2.55077e+08
       7250.00   2.52417e+08
       7270.00   2.49776e+08
       7290.00   2.46486e+08
       7310.00   2.44378e+08
       7330.00   2.42009e+08
       7350.00   2.39487e+08
       7370.00   2.36906e+08
       7390.00   2.34501e+08
       7410.00   2.32022e+08
       7430.00   2.29724e+08
       7450.00   2.27141e+08
       7470.00   2.24981e+08
       7490.00   2.22250e+08
       7510.00   2.20340e+08
       7530.00   2.18195e+08
       7550.00   2.15950e+08
       7570.00   2.13745e+08
       7590.00   2.09540e+08
       7610.00   2.09318e+08
       7630.00   2.07342e+08
       7650.00   2.05275e+08
       7670.00   2.03258e+08
       7690.00   2.00902e+08
       7710.00   1.99082e+08
       7730.00   1.96924e+08
       7750.00   1.95150e+08
       7770.00   1.93379e+08
       7790.00   1.91438e+08
       7810.00   1.89563e+08
       7830.00   1.87693e+08
       7850.00   1.85558e+08
       7870.00   1.83941e+08
       7890.00   1.82228e+08
       7910.00   1.80525e+08
       7930.00   1.78783e+08
       7950.00   1.77032e+08
       7970.00   1.75149e+08
       7990.00   1.73636e+08
       8010.00   1.71936e+08
       8030.00   1.70192e+08
       8050.00   1.68697e+08
       8070.00   1.67115e+08
       8090.00   1.65478e+08
       8110.00   1.63890e+08
       8130.00   1.62412e+08
       8150.00   1.60816e+08
       8170.00   1.59211e+08
       8190.00   1.57182e+08
       8210.00   1.49727e+08
       8230.00   1.47532e+08
       8250.00   1.46956e+08
       8270.00   1.45602e+08
       8290.00   1.44390e+08
       8310.00   1.43189e+08
       8330.00   1.42035e+08
       8350.00   1.40939e+08
       8370.00   1.41299e+08
       8390.00   1.40508e+08
       8410.00   1.39718e+08
       8430.00   1.40567e+08
       8450.00   1.39085e+08
       8470.00   1.37877e+08
       8490.00   1.36889e+08
       8510.00   1.35315e+08
       8530.00   1.34448e+08
       8550.00   1.32660e+08
       8570.00   1.32365e+08
       8590.00   1.29993e+08
       8610.00   1.29115e+08
       8630.00   1.29297e+08
       8650.00   1.27340e+08
       8670.00   1.24037e+08
       8690.00   1.25846e+08
       8710.00   1.25135e+08
       8730.00   1.23301e+08
       8750.00   1.18713e+08
       8770.00   1.20514e+08
       8790.00   1.21039e+08
       8810.00   1.19912e+08
       8830.00   1.18838e+08
       8850.00   1.15623e+08
       8870.00   1.11664e+08
       8890.00   1.15285e+08
       8910.00   1.15005e+08
       8930.00   1.13848e+08
       8950.00   1.13190e+08
       8970.00   1.12142e+08
       8990.00   1.10218e+08
       9010.00   1.04592e+08
       9030.00   1.06138e+08
       9050.00   1.08002e+08
       9070.00   1.07251e+08
       9090.00   1.06611e+08
       9110.00   1.05458e+08
       9130.00   1.04893e+08
       9150.00   1.04016e+08
       9170.00   1.03034e+08
       9190.00   1.01975e+08
       9210.00   9.97697e+07
       9230.00   9.34431e+07
       9250.00   9.79180e+07
       9270.00   9.85305e+07
       9290.00   9.80020e+07
       9310.00   9.71381e+07
       9330.00   9.64018e+07
       9350.00   9.39903e+07
       9370.00   9.44176e+07
       9390.00   9.40330e+07
       9410.00   9.31784e+07
       9430.00   9.24532e+07
       9450.00   9.17374e+07
       9470.00   9.08798e+07
       9490.00   9.01960e+07
       9510.00   8.89548e+07
       9530.00   8.69184e+07
       9550.00   8.13501e+07
       9570.00   8.61646e+07
       9590.00   8.64159e+07
       9610.00   8.58689e+07
       9630.00   8.51186e+07
       9650.00   8.45679e+07
       9670.00   8.38961e+07
       9690.00   8.32091e+07
       9710.00   8.18518e+07
       9730.00   8.17902e+07
       9750.00   8.12489e+07
       9770.00   8.02102e+07
       9790.00   7.99614e+07
       9810.00   7.93264e+07
       9830.00   7.86687e+07
       9850.00   7.80777e+07
       9870.00   7.74677e+07
       9890.00   7.68427e+07
       9910.00   7.62260e+07
       9930.00   7.56595e+07
       9950.00   7.50702e+07
       9970.00   7.44813e+07
       9990.00   7.39040e+07
       10025.0   7.14584e+07
       10075.0   6.94185e+07
       10125.0   6.90065e+07
       10175.0   6.88030e+07
       10225.0   6.74868e+07
       10275.0   6.61964e+07
       10325.0   6.48571e+07
       10375.0   6.37680e+07
       10425.0   6.24333e+07
       10475.0   6.14301e+07
       10525.0   6.02969e+07
       10575.0   5.91925e+07
       10625.0   5.81161e+07
       10675.0   5.70407e+07
       10725.0   5.60286e+07
       10775.0   5.50199e+07
       10825.0   5.37669e+07
       10875.0   5.30284e+07
       10925.0   4.98864e+07
       10975.0   5.06934e+07
       11025.0   5.02470e+07
       11075.0   4.94227e+07
       11125.0   4.85594e+07
       11175.0   4.77427e+07
       11225.0   4.69087e+07
       11275.0   4.60994e+07
       11325.0   4.53026e+07
       11375.0   4.45354e+07
       11425.0   4.37828e+07
       11475.0   4.30416e+07
       11525.0   4.23173e+07
       11575.0   4.15954e+07
       11625.0   4.05303e+07
       11675.0   4.00678e+07
       11725.0   3.95596e+07
       11775.0   3.89064e+07
       11825.0   3.82548e+07
       11875.0   3.76341e+07
       11925.0   3.70199e+07
       11975.0   3.62910e+07
       12025.0   3.58335e+07
       12075.0   3.52480e+07
       12125.0   3.46786e+07
       12175.0   3.41326e+07
       12225.0   3.35892e+07
       12275.0   3.30561e+07
       12325.0   3.25305e+07
       12375.0   3.20197e+07
       12425.0   3.15185e+07
       12475.0   3.10267e+07
       12525.0   3.05250e+07
       12575.0   3.00659e+07
       12625.0   2.96037e+07
       12675.0   2.91478e+07
       12725.0   2.87005e+07
       12775.0   2.80423e+07
       12825.0   2.65529e+07
       12875.0   2.73516e+07
       12925.0   2.69983e+07
       12975.0   2.65534e+07
       13025.0   2.61901e+07
       13075.0   2.58028e+07
       13125.0   2.54185e+07
       13175.0   2.50415e+07
       13225.0   2.46716e+07
       13275.0   2.43086e+07
       13325.0   2.39525e+07
       13375.0   2.36011e+07
       13425.0   2.32542e+07
       13475.0   2.29202e+07
       13525.0   2.25883e+07
       13575.0   2.22648e+07
       13625.0   2.19454e+07
       13675.0   2.16301e+07
       13725.0   2.13188e+07
       13775.0   2.10194e+07
       13825.0   2.07238e+07
       13875.0   2.04298e+07
       13925.0   2.01416e+07
       13975.0   1.98607e+07
       14025.0   1.95815e+07
       14075.0   1.93114e+07
       14125.0   1.90446e+07
       14175.0   1.87793e+07
       14225.0   1.85228e+07
       14275.0   1.82684e+07
       14325.0   1.80172e+07
       14375.0   1.77723e+07
       14425.0   1.75320e+07
       14475.0   1.72948e+07
       14525.0   1.70614e+07
       14570.0   1.68547e+07
       14620.0   1.66342e+07
       14675.0   1.63905e+07
       14725.0   1.61707e+07
       14775.0   1.58577e+07
       14825.0   1.57475e+07
       14875.0   1.55405e+07
       14925.0   1.53364e+07
       14975.0   1.51355e+07
       15025.0   1.49372e+07
       15075.0   1.47345e+07
       15125.0   1.45508e+07
       15175.0   1.43587e+07
       15225.0   1.41707e+07
       15275.0   1.39864e+07
       15325.0   1.38035e+07
       15375.0   1.36294e+07
       15425.0   1.34434e+07
       15475.0   1.32832e+07
       15525.0   1.31101e+07
       15575.0   1.29265e+07
       15625.0   1.28019e+07
       15675.0   1.26071e+07
       15725.0   1.24345e+07
       15775.0   1.23365e+07
       15825.0   1.21747e+07
       15875.0   1.19344e+07
       15925.0   1.18563e+07
       15975.0   1.17659e+07
       16050.0   1.15114e+07
       16150.0   1.11783e+07
       16250.0   1.09992e+07
       16350.0   1.06891e+07
       16450.0   1.03706e+07
       16550.0   1.02315e+07
       16650.0   9.99097e+06
       16750.0   9.70701e+06
       16850.0   9.40584e+06
       16950.0   9.31013e+06
       17050.0   9.07631e+06
       17150.0   8.88893e+06
       17250.0   8.68526e+06
       17350.0   8.32036e+06
       17450.0   8.28342e+06
       17550.0   8.11444e+06
       17650.0   7.93411e+06
       17750.0   7.75863e+06
       17850.0   7.58811e+06
       17950.0   7.42230e+06
       18050.0   7.26074e+06
       18150.0   6.94731e+06
       18250.0   6.92454e+06
       18350.0   6.80218e+06
       18450.0   6.65737e+06
       18550.0   6.51626e+06
       18650.0   6.29840e+06
       18750.0   6.06766e+06
       18850.0   6.11499e+06
       18950.0   5.98935e+06
       19050.0   5.85802e+06
       19150.0   5.74543e+06
       19250.0   5.62804e+06
       19350.0   5.50794e+06
       19450.0   5.25308e+06
       19550.0   5.28612e+06
       19650.0   5.18747e+06
       19750.0   5.08418e+06
       19850.0   4.98327e+06
       19950.0   4.88488e+06
       20050.0   4.78923e+06
       20150.0   4.69560e+06
       20250.0   4.60432e+06
       20350.0   4.51524e+06
       20450.0   4.42786e+06
       20550.0   4.34045e+06
       20650.0   4.26061e+06
       20750.0   4.17869e+06
       20850.0   4.10066e+06
       20950.0   4.02359e+06
       21050.0   3.94829e+06
       21150.0   3.86927e+06
       21250.0   3.80291e+06
       21350.0   3.73265e+06
       21450.0   3.66379e+06
       21550.0   3.59441e+06
       21650.0   3.42328e+06
       21750.0   3.46084e+06
       21850.0   3.40438e+06
       21950.0   3.34372e+06
       22050.0   3.28394e+06
       22150.0   3.22540e+06
       22250.0   3.16817e+06
       22350.0   3.11228e+06
       22450.0   3.05756e+06
       22550.0   3.00405e+06
       22650.0   2.95173e+06
       22750.0   2.90051e+06
       22850.0   2.85440e+06
       22950.0   2.80533e+06
       23050.0   2.75708e+06
       23150.0   2.71025e+06
       23250.0   2.66420e+06
       23350.0   2.61911e+06
       23450.0   2.57496e+06
       23550.0   2.53174e+06
       23650.0   2.48943e+06
       23750.0   2.44801e+06
       23850.0   2.40746e+06
       23950.0   2.36769e+06
       24050.0   2.32883e+06
       24150.0   2.29053e+06
       24250.0   2.25175e+06
       24350.0   2.21499e+06
       24450.0   2.17801e+06
       24550.0   2.14399e+06
       24650.0   2.10784e+06
       24750.0   2.07344e+06
       24850.0   2.04379e+06
       24950.0   2.00650e+06
       25050.0   1.98036e+06
       25150.0   1.94886e+06
       25250.0   1.91171e+06
       25350.0   1.88699e+06
       25450.0   1.85933e+06
       25550.0   1.82830e+06
       25650.0   1.79334e+06
       25750.0   1.77348e+06
       25850.0   1.74744e+06
       25950.0   1.72079e+06
       26050.0   1.68990e+06
       26150.0   1.65413e+06
       26250.0   1.58759e+06
       26350.0   1.61523e+06
       26450.0   1.59474e+06
       26550.0   1.57052e+06
       26650.0   1.54528e+06
       26750.0   1.51042e+06
       26850.0   1.49951e+06
       26950.0   1.48020e+06
       27050.0   1.45857e+06
       27150.0   1.43727e+06
       27250.0   1.41639e+06
       27350.0   1.39582e+06
       27450.0   1.37477e+06
       27550.0   1.34059e+06
       27650.0   1.32978e+06
       27750.0   1.31737e+06
       27850.0   1.29860e+06
       27950.0   1.28021e+06
       28050.0   1.26210e+06
       28150.0   1.24435e+06
       28250.0   1.22687e+06
       28350.0   1.20970e+06
       28450.0   1.19284e+06
       28550.0   1.17613e+06
       28650.0   1.15499e+06
       28750.0   1.12473e+06
       28850.0   1.12704e+06
       28950.0   1.11279e+06
       29050.0   1.09760e+06
       29150.0   1.08268e+06
       29250.0   1.06798e+06
       29350.0   1.05354e+06
       29450.0   1.03932e+06
       29550.0   1.02539e+06
       29650.0   1.01163e+06
       29750.0       998159.
       29850.0       984886.
       29950.0       971811.
       30050.0       958970.
       30150.0       946362.
       30250.0       933322.
       30350.0       905423.
       30450.0       900502.
       30550.0       897765.
       30650.0       886222.
       30750.0       874770.
       30850.0       863487.
       30950.0       852449.
       31050.0       841536.
       31150.0       830783.
       31250.0       820228.
       31350.0       809829.
       31450.0       799622.
       31550.0       789527.
       31650.0       779619.
       31750.0       769858.
       31850.0       760277.
       31950.0       750802.
       32100.0       736891.
       32300.0       718839.
       32500.0       701352.
       32700.0       684343.
       32900.0       656523.
       33100.0       650435.
       33300.0       636836.
       33500.0       621802.
       33700.0       607212.
       33900.0       593021.
       34100.0       579249.
       34300.0       565853.
       34500.0       552854.
       34700.0       540242.
       34900.0       527944.
       35100.0       516043.
       35300.0       504438.
       35500.0       493180.
       35700.0       482231.
       35900.0       471582.
       36100.0       461196.
       36300.0       451125.
       36500.0       441331.
       36700.0       431779.
       36900.0       422242.
       37100.0       413158.
       37300.0       400914.
       37500.0       390192.
       37700.0       387733.
       37900.0       379639.
       38100.0       371200.
       38300.0       363635.
       38500.0       356512.
       38700.0       349189.
       38900.0       341923.
       39100.0       334023.
       39300.0       328315.
       39500.0       321715.
       39700.0       315279.
       39900.0       309002.
       40100.0       302156.
       40300.0       295569.
       40500.0       285330.
       40700.0       285330.
       40900.0       279844.
       41100.0       274428.
       41300.0       269060.
       41500.0       263892.
       41700.0       257207.
       41900.0       253877.
       42100.0       249239.
       42300.0       244551.
       42500.0       239940.
       42700.0       235507.
       42900.0       230983.
       43100.0       226856.
       43300.0       222696.
       43500.0       218622.
       43700.0       212858.
       43900.0       210199.
       44100.0       206941.
       44300.0       203215.
       44500.0       199585.
       44700.0       196106.
       44900.0       192644.
       45100.0       189235.
       45300.0       185915.
       45500.0       182647.
       45700.0       179468.
       45900.0       176352.
       46100.0       173284.
       46300.0       170288.
       46500.0       163185.
       46700.0       162102.
       46900.0       161387.
       47100.0       159008.
       47300.0       156329.
       47500.0       153703.
       47700.0       151135.
       47900.0       148619.
       48100.0       146155.
       48300.0       143741.
       48500.0       141377.
       48700.0       139062.
       48900.0       136793.
       49100.0       134571.
       49300.0       132393.
       49500.0       130259.
       49700.0       128168.
       49900.0       126118.
       50100.0       124109.
       50300.0       122140.
       50500.0       120210.
       50700.0       118316.
       50900.0       116461.
       51100.0       114454.
       51300.0       110804.
       51500.0       111018.
       51700.0       109392.
       51900.0       107710.
       52100.0       106058.
       52300.0       104439.
       52500.0       102851.
       52700.0       101292.
       52900.0       99762.4
       53100.0       98262.8
       53300.0       96789.4
       53500.0       95344.5
       53700.0       93926.2
       53900.0       92534.1
       54100.0       91167.7
       54300.0       89826.6
       54500.0       88510.2
       54700.0       87217.0
       54900.0       85947.8
       55100.0       84700.8
       55300.0       83477.0
       55500.0       82274.7
       55700.0       81094.8
       55900.0       79934.4
       56100.0       78795.7
       56300.0       77677.1
       56500.0       76578.2
       56700.0       75498.7
       56900.0       74438.2
       57100.0       73395.4
       57300.0       72371.1
       57500.0       71364.9
       57700.0       70375.4
       57900.0       69403.4
       58100.0       68448.8
       58300.0       67510.0
       58500.0       66604.4
       58700.0       65696.5
       58900.0       64651.7
       59100.0       62387.7
       59300.0       62995.0
       59500.0       62216.8
       59700.0       61383.1
       59900.0       60563.3
       60100.0       59757.3
       60300.0       58963.7
       60500.0       58184.4
       60700.0       57418.2
       60900.0       56663.8
       61100.0       55921.1
       61300.0       55190.8
       61500.0       54472.9
       61700.0       53766.0
       61900.0       53071.1
       62100.0       52386.9
       62300.0       51714.3
       62500.0       51051.1
       62700.0       50400.1
       62900.0       49758.3
       63100.0       49127.4
       63300.0       48505.3
       63500.0       47893.7
       63700.0       47291.7
       63900.0       46699.1
       64200.0       45827.7
       64600.0       44696.8
       65000.0       43600.9
       65400.0       42538.0
       65800.0       41506.4
       66200.0       40506.9
       66600.0       39536.8
       67000.0       38596.2
       67400.0       37682.5
       67800.0       36795.8
       68200.0       35935.4
       68600.0       35099.6
       69000.0       34287.1
       69400.0       33498.8
       69800.0       32733.2
       70200.0       31989.0
       70600.0       31265.5
       71000.0       30562.9
       71400.0       29879.3
       71800.0       29214.8
       72200.0       28568.9
       72600.0       27940.5
       73000.0       27329.0
       73400.0       26734.1
       73800.0       26155.3
       74200.0       25572.3
       74600.0       24610.3
       75000.0       24063.2
       75400.0       23982.8
       75800.0       23486.5
       76200.0       22994.0
       76600.0       22514.4
       77000.0       22046.6
       77400.0       21591.7
       77800.0       21148.0
       78200.0       20716.0
       78600.0       20294.7
       79000.0       19883.8
       79400.0       19483.2
       79800.0       19093.2
       80200.0       18712.2
       80600.0       18341.4
       81000.0       17979.2
       81400.0       17625.6
       81800.0       17281.3
       82200.0       16945.2
       82600.0       16616.9
       83000.0       16296.4
       83400.0       15983.9
       83800.0       15678.8
       84200.0       15380.8
       84600.0       15089.9
       85000.0       14805.9
       85400.0       14528.6
       85800.0       14257.8
       86200.0       13993.0
       86600.0       13734.4
       87000.0       13481.5
       87400.0       13234.6
       87800.0       12993.5
       88200.0       12757.3
       88600.0       12527.2
       89000.0       12301.6
       89400.0       12081.5
       89800.0       11865.7
       90200.0       11655.2
       90600.0       11449.2
       91000.0       11247.8
       91400.0       11050.8
       91800.0       10858.1
       92200.0       10669.3
       92600.0       10484.6
       93000.0       10304.0
       93400.0       10127.4
       93800.0       9954.30
       94200.0       9785.03
       94600.0       9619.53
       95000.0       9457.29
       95400.0       9298.26
       95800.0       9142.78
       96200.0       8990.38
       96600.0       8841.39
       97000.0       8695.35
       97400.0       8552.20
       97800.0       8411.88
       98200.0       8274.74
       98600.0       8140.31
       99000.0       8008.17
       99400.0       7879.02
       99800.0       7752.45
       100200.       7628.39
       200000.       468.182
       400000.       28.3678
       600000.       5.49723
       800000.       1.71530
   1.00000e+06      0.694955
   1.20000e+06      0.332151
   1.40000e+06      0.177903
   1.60000e+06      0.103576
