       90.9000       0.00000
       93.5000       0.00000
       96.1000       0.00000
       97.7000       0.00000
       99.6000       0.00000
       102.000       0.00000
       103.800       0.00000
       105.600       0.00000
       107.700       0.00000
       110.400       0.00000
       114.000       0.00000
       117.800       0.00000
       121.300       0.00000
       124.800       0.00000
       127.100       0.00000
       128.400       0.00000
       130.500       0.00000
       132.400       0.00000
       133.900       0.00000
       136.600       0.00000
       139.800       0.00000
       143.300       0.00000
       147.200       0.00000
       151.000       0.00000
       155.200       0.00000
       158.800       0.00000
       162.000       0.00000
       166.000       0.00000
       170.300       0.00000
       173.400       0.00000
       176.800       0.00000
       180.200       0.00000
       181.700       0.00000
       186.100       0.00000
       191.000       0.00000
       193.900       0.00000
       198.400       0.00000
       201.800       0.00000
       205.000       0.00000
       210.500       0.00000
       216.200       0.00000
       219.800       0.00000
       223.000       0.00000
       226.800       0.00000
       230.000       0.00000
       234.000       0.00000
       240.000       0.00000
       246.500       0.00000
       252.400       0.00000
       256.800       0.00000
       260.000       0.00000
       264.000       0.00000
       268.500       0.00000
       273.500       0.00000
       278.500       0.00000
       284.000       0.00000
       290.000       0.00000
       296.000       0.00000
       301.000       0.00000
       308.000       0.00000
       318.000       0.00000
       328.000       0.00000
       338.000       0.00000
       348.000       0.00000
       357.000       0.00000
       366.000       0.00000
       375.000       0.00000
       385.000       0.00000
       395.000       0.00000
       405.000       0.00000
       414.000       0.00000
       422.000       0.00000
       430.000       0.00000
       441.000       0.00000
       451.000       0.00000
       460.000       0.00000
       470.000       0.00000
       480.000       0.00000
       490.000       0.00000
       500.000       0.00000
       506.000   4.68463e-12
       512.000   8.80045e-12
       520.000   1.99776e-11
       530.000   5.27919e-11
       540.000   1.34478e-10
       550.000   3.30875e-10
       560.000   7.87290e-10
       570.000   1.81559e-09
       580.000   4.06206e-09
       590.000   8.83872e-09
       600.000   1.87130e-08
       610.000   3.86116e-08
       620.000   7.77570e-08
       630.000   1.52961e-07
       640.000   2.94238e-07
       650.000   5.54226e-07
       658.000   9.06403e-07
       665.000   1.37956e-06
       675.000   2.47408e-06
       685.000   4.35762e-06
       695.000   7.54366e-06
       705.000   1.28438e-05
       716.000   2.26462e-05
       726.000   3.73252e-05
       735.000   5.77985e-05
       745.000   9.27190e-05
       755.000   0.000146766
       765.000   0.000229337
       775.000   0.000353965
       785.000   0.000539879
       795.000   0.000814111
       805.000    0.00121415
       815.000    0.00179181
       825.000    0.00261748
       835.000    0.00378635
       845.000    0.00542547
       855.000    0.00770441
       865.000     0.0108444
       875.000     0.0151352
       885.000     0.0209518
       895.000     0.0287755
       905.000     0.0392206
       915.000       3.09164
       925.000       10.2449
       935.000       12.9352
       945.000       16.6638
       955.000       24.2270
       965.000       30.7667
       975.000       35.0787
       985.000       45.6049
       995.000       52.4631
       1005.00       70.4804
       1015.00       86.8814
       1025.00       77.5065
       1035.00       123.862
       1045.00       154.804
       1055.00       185.200
       1065.00       210.140
       1075.00       257.799
       1085.00       301.951
       1095.00       337.071
       1105.00       1345.06
       1115.00       2279.12
       1125.00       3027.54
       1135.00       3499.35
       1145.00       4141.66
       1155.00       4324.69
       1165.00       5287.79
       1175.00       5612.38
       1185.00       5025.49
       1195.00       2327.80
       1205.00       2116.53
       1215.00       448.894
       1225.00       2452.67
       1235.00       6570.44
       1245.00       13937.1
       1255.00       23125.4
       1265.00       28455.6
       1275.00       115416.
       1285.00       373166.
       1295.00       586248.
       1305.00       218454.
       1315.00   1.29675e+06
       1325.00   2.08250e+06
       1335.00   1.67626e+06
       1345.00   3.73185e+06
       1355.00   4.02805e+06
       1365.00   3.69527e+06
       1375.00   4.50194e+06
       1385.00   4.71015e+06
       1395.00   5.44568e+06
       1405.00   6.17609e+06
       1415.00   5.59237e+06
       1425.00   7.30076e+06
       1435.00   6.51897e+06
       1442.00   7.88749e+06
       1447.00   1.09184e+07
       1455.00   1.09428e+07
       1465.00   9.75921e+06
       1475.00   9.64430e+06
       1485.00   1.19552e+07
       1495.00   1.32862e+07
       1505.00   1.46128e+07
       1512.00   1.19020e+07
       1517.00   1.32880e+07
       1525.00   1.32954e+07
       1535.00   1.17786e+07
       1545.00   1.93792e+07
       1555.00   1.59758e+07
       1565.00   1.32500e+07
       1575.00   1.73662e+07
       1585.00   2.03464e+07
       1595.00   2.45243e+07
       1605.00   2.09364e+07
       1615.00   1.92393e+07
       1625.00   1.61200e+07
       1635.00   1.78569e+07
       1645.00   2.04986e+07
       1655.00   1.45107e+07
       1665.00   2.01681e+07
       1672.00   7.33696e+06
       1677.00   2.13273e+07
       1685.00   2.53036e+07
       1695.00   2.35346e+07
       1705.00   2.03137e+07
       1715.00   2.14570e+07
       1725.00   2.16635e+07
       1735.00   2.52128e+07
       1745.00   2.36602e+07
       1755.00   2.92624e+07
       1765.00   2.26893e+07
       1775.00   2.70977e+07
       1785.00   2.45981e+07
       1795.00   3.21095e+07
       1805.00   3.04308e+07
       1815.00   3.09506e+07
       1825.00   2.85402e+07
       1835.00   2.61971e+07
       1845.00   2.35444e+07
       1855.00   2.61345e+07
       1865.00   2.71666e+07
       1875.00   2.75763e+07
       1885.00   2.73926e+07
       1895.00   2.88248e+07
       1905.00   2.63927e+07
       1915.00   2.82166e+07
       1925.00   2.93638e+07
       1935.00   2.61029e+07
       1945.00   3.00825e+07
       1955.00   2.99125e+07
       1967.00   3.21640e+07
       1976.00   3.18765e+07
       1984.00   3.05222e+07
       1995.00   2.93715e+07
       2005.00   2.82124e+07
       2015.00   2.63715e+07
       2025.00   2.61797e+07
       2035.00   2.78653e+07
       2045.00   3.05734e+07
       2055.00   2.78947e+07
       2065.00   2.68963e+07
       2074.00   3.14243e+07
       2078.00   3.19726e+07
       2085.00   3.08978e+07
       2095.00   2.94928e+07
       2105.00   2.73836e+07
       2115.00   2.74899e+07
       2125.00   2.85266e+07
       2135.00   2.22481e+07
       2145.00   2.62334e+07
       2155.00   2.71863e+07
       2165.00   2.47728e+07
       2175.00   2.44580e+07
       2185.00   2.50955e+07
       2195.00   2.75861e+07
       2205.00   2.58170e+07
       2215.00   2.25897e+07
       2225.00   2.15348e+07
       2235.00   2.59370e+07
       2245.00   2.29722e+07
       2255.00   2.11464e+07
       2265.00   2.16622e+07
       2275.00   2.34469e+07
       2285.00   2.49291e+07
       2295.00   2.30207e+07
       2305.00   2.29703e+07
       2315.00   2.12202e+07
       2325.00   1.15390e+07
       2335.00   1.67414e+07
       2345.00   1.44211e+07
       2355.00   2.04300e+07
       2365.00   1.45210e+07
       2375.00   1.77044e+07
       2385.00   1.25042e+07
       2395.00   1.55716e+07
       2405.00   1.45787e+07
       2415.00   1.63502e+07
       2425.00   2.07852e+07
       2435.00   1.98340e+07
       2445.00   2.15173e+07
       2455.00   2.08460e+07
       2465.00   2.04689e+07
       2475.00   1.94047e+07
       2485.00   2.05733e+07
       2495.00   1.95905e+07
       2505.00   2.36862e+07
       2513.00   1.91080e+07
       2518.00   2.00625e+07
       2525.00   1.75507e+07
       2535.00   1.74729e+07
       2545.00   1.75941e+07
       2555.00   1.99745e+07
       2565.00   1.88170e+07
       2575.00   2.11693e+07
       2585.00   2.03863e+07
       2595.00   1.88913e+07
       2605.00   1.74880e+07
       2615.00   1.66702e+07
       2625.00   1.99944e+07
       2635.00   2.11799e+07
       2645.00   2.68492e+07
       2655.00   2.65239e+07
       2665.00   2.28545e+07
       2675.00   2.46141e+07
       2685.00   2.38735e+07
       2695.00   2.29196e+07
       2705.00   2.38708e+07
       2715.00   2.17716e+07
       2725.00   2.21950e+07
       2735.00   2.43160e+07
       2745.00   1.71900e+07
       2755.00   1.88131e+07
       2765.00   2.03424e+07
       2775.00   2.33559e+07
       2785.00   2.15448e+07
       2795.00   1.11230e+07
       2805.00   1.37342e+07
       2815.00   2.37409e+07
       2825.00   2.58446e+07
       2835.00   2.44055e+07
       2845.00   2.34029e+07
       2855.00   2.22664e+07
       2865.00   2.50697e+07
       2875.00   2.39535e+07
       2885.00   2.44889e+07
       2895.00   2.31504e+07
       2910.00   2.69198e+07
       2930.00   2.56325e+07
       2950.00   2.54623e+07
       2970.00   2.62843e+07
       2990.00   2.69132e+07
       3010.00   2.76524e+07
       3030.00   2.71995e+07
       3050.00   2.69654e+07
       3070.00   2.69354e+07
       3090.00   2.77360e+07
       3110.00   2.66762e+07
       3130.00   2.65898e+07
       3150.00   2.74507e+07
       3170.00   2.73143e+07
       3190.00   2.58648e+07
       3210.00   2.68597e+07
       3230.00   2.61529e+07
       3250.00   2.67462e+07
       3270.00   2.68858e+07
       3290.00   2.72365e+07
       3310.00   2.76373e+07
       3330.00   2.69758e+07
       3350.00   2.66503e+07
       3370.00   2.65744e+07
       3390.00   2.65427e+07
       3410.00   2.72103e+07
       3430.00   2.72901e+07
       3450.00   2.70964e+07
       3470.00   2.66767e+07
       3490.00   2.64445e+07
       3510.00   2.71623e+07
       3530.00   2.73373e+07
       3550.00   2.75661e+07
       3570.00   2.68076e+07
       3590.00   2.67021e+07
       3610.00   2.67566e+07
       3630.00   2.68597e+07
       3640.00   2.65701e+07
       3650.00   2.72654e+07
       3670.00   2.54354e+07
       3690.00   3.09467e+07
       3710.00   4.67351e+07
       3730.00   5.16021e+07
       3750.00   7.02962e+07
       3770.00   7.20758e+07
       3790.00   8.68121e+07
       3810.00   9.62270e+07
       3830.00   7.59373e+07
       3850.00   1.00015e+08
       3870.00   1.04827e+08
       3890.00   7.12751e+07
       3910.00   1.01503e+08
       3930.00   8.79621e+07
       3950.00   1.00706e+08
       3970.00   6.43728e+07
       3990.00   9.98921e+07
       4010.00   9.98259e+07
       4030.00   9.82321e+07
       4050.00   9.75078e+07
       4070.00   9.52487e+07
       4090.00   8.79190e+07
       4110.00   6.84654e+07
       4130.00   9.11606e+07
       4150.00   9.23643e+07
       4170.00   8.98967e+07
       4190.00   8.90921e+07
       4210.00   8.82455e+07
       4230.00   8.65561e+07
       4250.00   8.53929e+07
       4270.00   8.34605e+07
       4290.00   8.38468e+07
       4310.00   8.02150e+07
       4330.00   7.09942e+07
       4350.00   6.09797e+07
       4370.00   7.98936e+07
       4390.00   7.80785e+07
       4410.00   7.67404e+07
       4430.00   7.68726e+07
       4450.00   7.64114e+07
       4470.00   7.54596e+07
       4490.00   7.40881e+07
       4510.00   7.43659e+07
       4530.00   7.24550e+07
       4550.00   7.04110e+07
       4570.00   7.18650e+07
       4590.00   6.95271e+07
       4610.00   7.09708e+07
       4630.00   6.83801e+07
       4650.00   6.90232e+07
       4670.00   6.79427e+07
       4690.00   6.66434e+07
       4710.00   6.45112e+07
       4730.00   6.57888e+07
       4750.00   6.53628e+07
       4770.00   6.44847e+07
       4790.00   6.37684e+07
       4810.00   6.25764e+07
       4830.00   6.14456e+07
       4850.00   5.37617e+07
       4870.00   4.33853e+07
       4890.00   5.90002e+07
       4910.00   5.90862e+07
       4930.00   5.78265e+07
       4950.00   5.77707e+07
       4970.00   5.76636e+07
       4990.00   5.63671e+07
       5010.00   5.45837e+07
       5030.00   5.48250e+07
       5050.00   5.39750e+07
       5070.00   5.40293e+07
       5090.00   5.34499e+07
       5110.00   5.27625e+07
       5130.00   5.19526e+07
       5150.00   5.10072e+07
       5170.00   4.98677e+07
       5190.00   4.94813e+07
       5210.00   4.94450e+07
       5230.00   4.82852e+07
       5250.00   4.86753e+07
       5270.00   4.69908e+07
       5290.00   4.77131e+07
       5310.00   4.65126e+07
       5330.00   4.60886e+07
       5350.00   4.64554e+07
       5370.00   4.56214e+07
       5390.00   4.51642e+07
       5410.00   4.43829e+07
       5430.00   4.39940e+07
       5450.00   4.39609e+07
       5470.00   4.34801e+07
       5490.00   4.31789e+07
       5510.00   4.26041e+07
       5530.00   4.20378e+07
       5550.00   4.19042e+07
       5570.00   4.13391e+07
       5590.00   4.10498e+07
       5610.00   4.07158e+07
       5630.00   4.02796e+07
       5650.00   3.97554e+07
       5670.00   3.93500e+07
       5690.00   3.90879e+07
       5710.00   3.87024e+07
       5730.00   3.83639e+07
       5750.00   3.79140e+07
       5770.00   3.75589e+07
       5790.00   3.71200e+07
       5810.00   3.67846e+07
       5830.00   3.64063e+07
       5850.00   3.60939e+07
       5870.00   3.56844e+07
       5890.00   3.50059e+07
       5910.00   3.49937e+07
       5930.00   3.46649e+07
       5950.00   3.42077e+07
       5970.00   3.39567e+07
       5990.00   3.34888e+07
       6010.00   3.32496e+07
       6030.00   3.29963e+07
       6050.00   3.26323e+07
       6070.00   3.23593e+07
       6090.00   3.20324e+07
       6110.00   3.16837e+07
       6130.00   3.13430e+07
       6150.00   3.05508e+07
       6170.00   3.07519e+07
       6190.00   3.05299e+07
       6210.00   3.02622e+07
       6230.00   2.99061e+07
       6250.00   2.91923e+07
       6270.00   2.94261e+07
       6290.00   2.91479e+07
       6310.00   2.87316e+07
       6330.00   2.85672e+07
       6350.00   2.80082e+07
       6370.00   2.78132e+07
       6390.00   2.77325e+07
       6410.00   2.73938e+07
       6430.00   2.72218e+07
       6450.00   2.66802e+07
       6470.00   2.67926e+07
       6490.00   2.63237e+07
       6510.00   2.60973e+07
       6530.00   2.57548e+07
       6550.00   2.35289e+07
       6561.25   1.87235e+07
       6590.00   2.47449e+07
       6610.00   2.49722e+07
       6630.00   2.48372e+07
       6650.00   2.46641e+07
       6670.00   2.44309e+07
       6690.00   2.42337e+07
       6710.00   2.40326e+07
       6730.00   2.37552e+07
       6750.00   2.35915e+07
       6770.00   2.34104e+07
       6790.00   2.31926e+07
       6810.00   2.29965e+07
       6830.00   2.27554e+07
       6850.00   2.25729e+07
       6870.00   2.23914e+07
       6890.00   2.22029e+07
       6910.00   2.20019e+07
       6930.00   2.18037e+07
       6950.00   2.16207e+07
       6970.00   2.14270e+07
       6990.00   2.12629e+07
       7010.00   2.09877e+07
       7030.00   2.08745e+07
       7050.00   2.06964e+07
       7070.00   2.05380e+07
       7090.00   2.03713e+07
       7110.00   1.99774e+07
       7130.00   1.99685e+07
       7150.00   1.98201e+07
       7170.00   1.96657e+07
       7190.00   1.94821e+07
       7210.00   1.93315e+07
       7230.00   1.91187e+07
       7250.00   1.89876e+07
       7270.00   1.88661e+07
       7290.00   1.86727e+07
       7310.00   1.84769e+07
       7330.00   1.83826e+07
       7350.00   1.82408e+07
       7370.00   1.81135e+07
       7390.00   1.79411e+07
       7410.00   1.77017e+07
       7430.00   1.75614e+07
       7450.00   1.74422e+07
       7470.00   1.72341e+07
       7490.00   1.71577e+07
       7510.00   1.70236e+07
       7530.00   1.69400e+07
       7550.00   1.68285e+07
       7570.00   1.66799e+07
       7590.00   1.65542e+07
       7610.00   1.64289e+07
       7630.00   1.62911e+07
       7650.00   1.61295e+07
       7670.00   1.60013e+07
       7690.00   1.58939e+07
       7710.00   1.56988e+07
       7730.00   1.56529e+07
       7750.00   1.55258e+07
       7770.00   1.50629e+07
       7790.00   1.52898e+07
       7810.00   1.51696e+07
       7830.00   1.50289e+07
       7850.00   1.48736e+07
       7870.00   1.47306e+07
       7890.00   1.45985e+07
       7910.00   1.45422e+07
       7930.00   1.44546e+07
       7950.00   1.42633e+07
       7970.00   1.42535e+07
       7990.00   1.39515e+07
       8010.00   1.40252e+07
       8030.00   1.39104e+07
       8050.00   1.38152e+07
       8070.00   1.36994e+07
       8090.00   1.36007e+07
       8110.00   1.34993e+07
       8130.00   1.34085e+07
       8150.00   1.33070e+07
       8170.00   1.32075e+07
       8190.00   1.29959e+07
       8210.00   1.29590e+07
       8230.00   1.28555e+07
       8250.00   1.27877e+07
       8270.00   1.27474e+07
       8290.00   1.24656e+07
       8310.00   1.21814e+07
       8330.00   1.18076e+07
       8350.00   1.18062e+07
       8370.00   1.14670e+07
       8390.00   1.15986e+07
       8410.00   1.16250e+07
       8430.00   1.21817e+07
       8450.00   1.21204e+07
       8470.00   1.12283e+07
       8490.00   1.32268e+07
       8510.00   1.11625e+07
       8530.00   1.36048e+07
       8550.00   1.06171e+07
       8570.00   1.38177e+07
       8590.00   1.22212e+07
       8610.00   1.16878e+07
       8630.00   1.37218e+07
       8650.00   1.31363e+07
       8670.00   1.01814e+07
       8690.00   1.30935e+07
       8710.00   1.34292e+07
       8730.00   1.30701e+07
       8750.00   1.00980e+07
       8770.00   1.25696e+07
       8790.00   1.31220e+07
       8810.00   1.29955e+07
       8830.00   1.27390e+07
       8850.00   1.18816e+07
       8870.00   9.83426e+06
       8890.00   1.24447e+07
       8910.00   1.24862e+07
       8930.00   1.24057e+07
       8950.00   1.24209e+07
       8970.00   1.22972e+07
       8990.00   1.20291e+07
       9010.00   9.70319e+06
       9030.00   1.08024e+07
       9050.00   1.18485e+07
       9070.00   1.15897e+07
       9090.00   1.14700e+07
       9110.00   1.16167e+07
       9130.00   1.15925e+07
       9150.00   1.15608e+07
       9170.00   1.14217e+07
       9190.00   1.12306e+07
       9210.00   1.08221e+07
       9230.00   8.41744e+06
       9250.00   1.04712e+07
       9270.00   1.06540e+07
       9290.00   1.09360e+07
       9310.00   1.08991e+07
       9330.00   1.08070e+07
       9350.00   1.07500e+07
       9370.00   1.06793e+07
       9390.00   1.05082e+07
       9410.00   1.02998e+07
       9430.00   1.04133e+07
       9450.00   1.03571e+07
       9470.00   1.02772e+07
       9490.00   1.01938e+07
       9510.00   1.00693e+07
       9530.00   9.59488e+06
       9550.00   7.63850e+06
       9570.00   9.59217e+06
       9590.00   9.80986e+06
       9610.00   9.71563e+06
       9630.00   9.55588e+06
       9650.00   9.64779e+06
       9670.00   9.50519e+06
       9690.00   9.49609e+06
       9710.00   9.47099e+06
       9730.00   9.39668e+06
       9750.00   9.31933e+06
       9770.00   9.27214e+06
       9790.00   9.20521e+06
       9810.00   9.13092e+06
       9830.00   9.05091e+06
       9850.00   8.95983e+06
       9870.00   8.91814e+06
       9890.00   8.81201e+06
       9910.00   8.80909e+06
       9930.00   8.72664e+06
       9950.00   8.69008e+06
       9970.00   8.64918e+06
       9990.00   8.57155e+06
       10025.0   8.05973e+06
       10075.0   7.64256e+06
       10125.0   8.11482e+06
       10175.0   8.05201e+06
       10225.0   7.93561e+06
       10275.0   7.80754e+06
       10325.0   7.66496e+06
       10375.0   7.54506e+06
       10425.0   7.42572e+06
       10475.0   7.26058e+06
       10525.0   7.14857e+06
       10575.0   7.05553e+06
       10625.0   6.94757e+06
       10675.0   6.74147e+06
       10725.0   6.69022e+06
       10775.0   6.60329e+06
       10825.0   6.50578e+06
       10875.0   6.38526e+06
       10925.0   5.61613e+06
       10975.0   6.05143e+06
       11025.0   6.12529e+06
       11075.0   6.03663e+06
       11125.0   5.93987e+06
       11175.0   5.85033e+06
       11225.0   5.76275e+06
       11275.0   5.58936e+06
       11325.0   5.51633e+06
       11375.0   5.49327e+06
       11425.0   5.40142e+06
       11475.0   5.34015e+06
       11525.0   5.26271e+06
       11575.0   5.18107e+06
       11625.0   5.06970e+06
       11675.0   4.97440e+06
       11725.0   4.95673e+06
       11775.0   4.81637e+06
       11825.0   4.78515e+06
       11875.0   4.69605e+06
       11925.0   4.67609e+06
       11975.0   4.58038e+06
       12025.0   4.53612e+06
       12075.0   4.46013e+06
       12125.0   4.40010e+06
       12175.0   4.34523e+06
       12225.0   4.28077e+06
       12275.0   4.21321e+06
       12325.0   4.15777e+06
       12375.0   4.10284e+06
       12425.0   4.05134e+06
       12475.0   3.97971e+06
       12525.0   3.93647e+06
       12575.0   3.85996e+06
       12625.0   3.81834e+06
       12675.0   3.77726e+06
       12725.0   3.72483e+06
       12775.0   3.63941e+06
       12825.0   3.22606e+06
       12875.0   3.55309e+06
       12925.0   3.52633e+06
       12975.0   3.48018e+06
       13025.0   3.43509e+06
       13075.0   3.38969e+06
       13125.0   3.34379e+06
       13175.0   3.28721e+06
       13225.0   3.25615e+06
       13275.0   3.21329e+06
       13325.0   3.17139e+06
       13375.0   3.12962e+06
       13425.0   3.08733e+06
       13475.0   3.04558e+06
       13525.0   3.00148e+06
       13575.0   2.96387e+06
       13625.0   2.92897e+06
       13675.0   2.88744e+06
       13725.0   2.83964e+06
       13775.0   2.81788e+06
       13825.0   2.78216e+06
       13875.0   2.75001e+06
       13925.0   2.71028e+06
       13975.0   2.67974e+06
       14025.0   2.64668e+06
       14075.0   2.61422e+06
       14125.0   2.58026e+06
       14175.0   2.54878e+06
       14225.0   2.51674e+06
       14275.0   2.48565e+06
       14325.0   2.45511e+06
       14375.0   2.42584e+06
       14425.0   2.36922e+06
       14475.0   2.36601e+06
       14525.0   2.32314e+06
       14570.0   2.31130e+06
       14620.0   2.28388e+06
       14675.0   2.25910e+06
       14725.0   2.23075e+06
       14775.0   2.19497e+06
       14825.0   2.16631e+06
       14875.0   2.12384e+06
       14925.0   2.09526e+06
       14975.0   2.06097e+06
       15025.0   2.01657e+06
       15075.0   1.99658e+06
       15125.0   1.97616e+06
       15175.0   1.96512e+06
       15225.0   1.98994e+06
       15275.0   1.89685e+06
       15325.0   1.90021e+06
       15375.0   1.93998e+06
       15425.0   1.83401e+06
       15475.0   1.91106e+06
       15525.0   1.90440e+06
       15575.0   1.75211e+06
       15625.0   1.90510e+06
       15675.0   1.81216e+06
       15725.0   1.71351e+06
       15775.0   1.83997e+06
       15825.0   1.81949e+06
       15875.0   1.61222e+06
       15925.0   1.75378e+06
       15975.0   1.76968e+06
       16050.0   1.71735e+06
       16150.0   1.60602e+06
       16250.0   1.66507e+06
       16350.0   1.60291e+06
       16450.0   1.50301e+06
       16550.0   1.55725e+06
       16650.0   1.52324e+06
       16750.0   1.46671e+06
       16850.0   1.37677e+06
       16950.0   1.42627e+06
       17050.0   1.39442e+06
       17150.0   1.36694e+06
       17250.0   1.33252e+06
       17350.0   1.22218e+06
       17450.0   1.27060e+06
       17550.0   1.25140e+06
       17650.0   1.22540e+06
       17750.0   1.20231e+06
       17850.0   1.17741e+06
       17950.0   1.15573e+06
       18050.0   1.12725e+06
       18150.0   1.04386e+06
       18250.0   1.07401e+06
       18350.0   1.06484e+06
       18450.0   1.04386e+06
       18550.0   1.02154e+06
       18650.0   1.00107e+06
       18750.0       920527.
       18850.0       959398.
       18950.0       943530.
       19050.0       927909.
       19150.0       909994.
       19250.0       892411.
       19350.0       873511.
       19450.0       806305.
       19550.0       840945.
       19650.0       827100.
       19750.0       810913.
       19850.0       796644.
       19950.0       781919.
       20050.0       767626.
       20150.0       753614.
       20250.0       739758.
       20350.0       726211.
       20450.0       713351.
       20550.0       700502.
       20650.0       687576.
       20750.0       675531.
       20850.0       663651.
       20950.0       651940.
       21050.0       640319.
       21150.0       628088.
       21250.0       617210.
       21350.0       606590.
       21450.0       596862.
       21550.0       585770.
       21650.0       543030.
       21750.0       564416.
       21850.0       557218.
       21950.0       548016.
       22050.0       538547.
       22150.0       528842.
       22250.0       520911.
       22350.0       512225.
       22450.0       503777.
       22550.0       495148.
       22650.0       487305.
       22750.0       479347.
       22850.0       474201.
       22950.0       474212.
       23050.0       463930.
       23150.0       453688.
       23250.0       444330.
       23350.0       434915.
       23450.0       426603.
       23550.0       418246.
       23650.0       410945.
       23750.0       404520.
       23850.0       398008.
       23950.0       391854.
       24050.0       384714.
       24150.0       377523.
       24250.0       378497.
       24350.0       367274.
       24450.0       361113.
       24550.0       361877.
       24650.0       352530.
       24750.0       347485.
       24850.0       349923.
       24950.0       328399.
       25050.0       341650.
       25150.0       335466.
       25250.0       313214.
       25350.0       324419.
       25450.0       321688.
       25550.0       314841.
       25650.0       294108.
       25750.0       306418.
       25850.0       302913.
       25950.0       298832.
       26050.0       291340.
       26150.0       273404.
       26250.0       267389.
       26350.0       280062.
       26450.0       277959.
       26550.0       273908.
       26650.0       268790.
       26750.0       250274.
       26850.0       261466.
       26950.0       258985.
       27050.0       255287.
       27150.0       251862.
       27250.0       248367.
       27350.0       244918.
       27450.0       241222.
       27550.0       225675.
       27650.0       231102.
       27750.0       231719.
       27850.0       228655.
       27950.0       225575.
       28050.0       222533.
       28150.0       219523.
       28250.0       216579.
       28350.0       213714.
       28450.0       210729.
       28550.0       208054.
       28650.0       203437.
       28750.0       191045.
       28850.0       199459.
       28950.0       197108.
       29050.0       194762.
       29150.0       191987.
       29250.0       189721.
       29350.0       187280.
       29450.0       184872.
       29550.0       182514.
       29650.0       180171.
       29750.0       177877.
       29850.0       175621.
       29950.0       173380.
       30050.0       171180.
       30150.0       169011.
       30250.0       166705.
       30350.0       157756.
       30450.0       159245.
       30550.0       160634.
       30650.0       158757.
       30750.0       156786.
       30850.0       154702.
       30950.0       152934.
       31050.0       151040.
       31150.0       149143.
       31250.0       147319.
       31350.0       145598.
       31450.0       143771.
       31550.0       142142.
       31650.0       140448.
       31750.0       138716.
       31850.0       137115.
       31950.0       135465.
       32100.0       133061.
       32300.0       129956.
       32500.0       126924.
       32700.0       123967.
       32900.0       117087.
       33100.0       118599.
       33300.0       116363.
       33500.0       113491.
       33700.0       110565.
       33900.0       107898.
       34100.0       105307.
       34300.0       102869.
       34500.0       100569.
       34700.0       98333.7
       34900.0       96127.3
       35100.0       94139.0
       35300.0       92168.3
       35500.0       89934.0
       35700.0       87841.4
       35900.0       87061.2
       36100.0       83968.7
       36300.0       83534.9
       36500.0       80339.9
       36700.0       80303.0
       36900.0       76759.4
       37100.0       76916.6
       37300.0       74306.8
       37500.0       70805.2
       37700.0       72356.7
       37900.0       71002.3
       38100.0       68304.6
       38300.0       67318.3
       38500.0       66841.9
       38700.0       65463.5
       38900.0       64055.2
       39100.0       61035.9
       39300.0       61709.1
       39500.0       60523.2
       39700.0       59381.9
       39900.0       58187.0
       40100.0       56392.1
       40300.0       54794.5
       40500.0       53336.0
       40700.0       53877.4
       40900.0       52899.1
       41100.0       51937.3
       41300.0       50969.4
       41500.0       49971.9
       41700.0       47507.0
       41900.0       48136.1
       42100.0       47303.6
       42300.0       46467.8
       42500.0       45624.8
       42700.0       44805.8
       42900.0       44002.1
       43100.0       43215.5
       43300.0       42447.4
       43500.0       41693.7
       43700.0       39762.4
       43900.0       40022.5
       44100.0       39534.4
       44300.0       38851.9
       44500.0       38178.1
       44700.0       37716.6
       44900.0       37063.7
       45100.0       36435.6
       45300.0       35809.9
       45500.0       35206.4
       45700.0       34606.7
       45900.0       34023.2
       46100.0       33461.0
       46300.0       32877.3
       46500.0       31481.8
       46700.0       30668.5
       46900.0       31207.4
       47100.0       30781.6
       47300.0       30281.0
       47500.0       29776.1
       47700.0       29300.1
       47900.0       28832.6
       48100.0       28368.6
       48300.0       27913.0
       48500.0       27468.6
       48700.0       27033.8
       48900.0       26605.1
       49100.0       26184.1
       49300.0       25775.3
       49500.0       25372.1
       49700.0       24976.2
       49900.0       24587.2
       50100.0       24208.2
       50300.0       23834.4
       50500.0       23471.7
       50700.0       23112.5
       50900.0       22761.1
       51100.0       22369.7
       51300.0       21331.0
       51500.0       21721.0
       51700.0       21419.4
       51900.0       21099.4
       52100.0       20785.1
       52300.0       20477.6
       52500.0       20174.3
       52700.0       19877.7
       52900.0       19586.3
       53100.0       19300.1
       53300.0       19018.9
       53500.0       18744.1
       53700.0       18471.4
       53900.0       18206.2
       54100.0       17945.7
       54300.0       17688.6
       54500.0       17436.0
       54700.0       17187.8
       54900.0       16946.6
       55100.0       16707.1
       55300.0       16473.2
       55500.0       16242.1
       55700.0       16014.0
       55900.0       15788.7
       56100.0       15573.4
       56300.0       15359.5
       56500.0       15148.3
       56700.0       14940.8
       56900.0       14737.1
       57100.0       14535.8
       57300.0       14338.1
       57500.0       14145.1
       57700.0       13954.4
       57900.0       13766.1
       58100.0       13582.2
       58300.0       13401.6
       58500.0       13259.5
       58700.0       13082.9
       58900.0       12871.5
       59100.0       12327.2
       59300.0       12554.9
       59500.0       12405.7
       59700.0       12246.6
       59900.0       12087.3
       60100.0       11930.8
       60300.0       11777.2
       60500.0       11625.4
       60700.0       11475.3
       60900.0       11328.9
       61100.0       11183.2
       61300.0       11042.2
       61500.0       10901.8
       61700.0       10764.9
       61900.0       10628.6
       62100.0       10495.8
       62300.0       10363.4
       62500.0       10234.5
       62700.0       10107.1
       62900.0       9981.94
       63100.0       9858.21
       63300.0       9736.78
       63500.0       9616.68
       63700.0       9499.75
       63900.0       9383.18
       64200.0       9213.43
       64600.0       8991.17
       65000.0       8776.17
       65400.0       8567.68
       65800.0       8364.98
       66200.0       8167.66
       66600.0       7977.35
       67000.0       7792.34
       67400.0       7612.38
       67800.0       7437.51
       68200.0       7267.83
       68600.0       7102.06
       69000.0       6941.46
       69400.0       6785.73
       69800.0       6634.48
       70200.0       6487.46
       70600.0       6343.94
       71000.0       6205.40
       71400.0       6069.12
       71800.0       5937.52
       72200.0       5808.03
       72600.0       5684.09
       73000.0       5563.37
       73400.0       5445.00
       73800.0       5329.90
       74200.0       5217.64
       74600.0       5050.41
       75000.0       4915.38
       75400.0       4897.76
       75800.0       4798.53
       76200.0       4700.60
       76600.0       4604.89
       77000.0       4511.68
       77400.0       4420.71
       77800.0       4332.11
       78200.0       4245.64
       78600.0       4161.38
       79000.0       4079.14
       79400.0       3998.89
       79800.0       3920.62
       80200.0       3844.30
       80600.0       3769.76
       81000.0       3697.08
       81400.0       3626.10
       81800.0       3556.82
       82200.0       3489.23
       82600.0       3423.22
       83000.0       3358.69
       83400.0       3295.35
       83800.0       3233.61
       84200.0       3173.78
       84600.0       3115.47
       85000.0       3058.16
       85400.0       3002.05
       85800.0       2947.36
       86200.0       2893.81
       86600.0       2841.57
       87000.0       2790.46
       87400.0       2740.42
       87800.0       2691.61
       88200.0       2643.76
       88600.0       2596.96
       89000.0       2551.31
       89400.0       2506.66
       89800.0       2462.89
       90200.0       2420.12
       90600.0       2378.28
       91000.0       2337.27
       91400.0       2297.19
       91800.0       2257.99
       92200.0       2219.56
       92600.0       2181.98
       93000.0       2145.17
       93400.0       2109.18
       93800.0       2073.88
       94200.0       2039.37
       94600.0       2005.53
       95000.0       1972.40
       95400.0       1939.87
       95800.0       1908.19
       96200.0       1877.01
       96600.0       1846.52
       97000.0       1816.63
       97400.0       1787.32
       97800.0       1758.63
       98200.0       1730.50
       98600.0       1702.97
       99000.0       1675.93
       99400.0       1649.47
       99800.0       1623.45
       100200.       1598.02
       200000.       102.555
       400000.       6.38629
       600000.       1.25106
       800000.      0.392794
   1.00000e+06      0.159794
   1.20000e+06     0.0766019
   1.40000e+06     0.0411328
   1.60000e+06     0.0239989
