       90.9000       0.00000
       93.5000       0.00000
       96.1000       0.00000
       97.7000       0.00000
       99.6000       0.00000
       102.000       0.00000
       103.800       0.00000
       105.600       0.00000
       107.700       0.00000
       110.400       0.00000
       114.000       0.00000
       117.800       0.00000
       121.300       0.00000
       124.800       0.00000
       127.100       0.00000
       128.400       0.00000
       130.500       0.00000
       132.400       0.00000
       133.900       0.00000
       136.600       0.00000
       139.800       0.00000
       143.300       0.00000
       147.200       0.00000
       151.000       0.00000
       155.200       0.00000
       158.800       0.00000
       162.000       0.00000
       166.000       0.00000
       170.300       0.00000
       173.400       0.00000
       176.800       0.00000
       180.200       0.00000
       181.700       0.00000
       186.100       0.00000
       191.000       0.00000
       193.900       0.00000
       198.400       0.00000
       201.800       0.00000
       205.000       0.00000
       210.500       0.00000
       216.200       0.00000
       219.800       0.00000
       223.000       0.00000
       226.800       0.00000
       230.000       0.00000
       234.000       0.00000
       240.000       0.00000
       246.500       0.00000
       252.400       0.00000
       256.800       0.00000
       260.000       0.00000
       264.000       0.00000
       268.500       0.00000
       273.500       0.00000
       278.500       0.00000
       284.000       0.00000
       290.000       0.00000
       296.000       0.00000
       301.000       0.00000
       308.000       0.00000
       318.000       0.00000
       328.000       0.00000
       338.000       0.00000
       348.000       0.00000
       357.000       0.00000
       366.000       0.00000
       375.000       0.00000
       385.000       0.00000
       395.000       0.00000
       405.000       0.00000
       414.000       0.00000
       422.000       0.00000
       430.000       0.00000
       441.000       0.00000
       451.000       0.00000
       460.000       0.00000
       470.000       0.00000
       480.000       0.00000
       490.000       0.00000
       500.000       0.00000
       506.000       0.00000
       512.000       0.00000
       520.000       0.00000
       530.000       0.00000
       540.000       0.00000
       550.000       0.00000
       560.000       0.00000
       570.000       0.00000
       580.000       0.00000
       590.000       0.00000
       600.000       0.00000
       610.000       0.00000
       620.000       0.00000
       630.000       0.00000
       640.000       0.00000
       650.000       0.00000
       658.000       0.00000
       665.000       0.00000
       675.000       0.00000
       685.000       0.00000
       695.000       0.00000
       705.000       0.00000
       716.000       0.00000
       726.000       0.00000
       735.000       0.00000
       745.000       0.00000
       755.000       0.00000
       765.000       0.00000
       775.000       0.00000
       785.000       0.00000
       795.000       0.00000
       805.000       0.00000
       815.000       0.00000
       825.000       0.00000
       835.000       0.00000
       845.000       0.00000
       855.000       0.00000
       865.000       0.00000
       875.000       0.00000
       885.000       0.00000
       895.000       0.00000
       905.000       0.00000
       915.000       0.00000
       925.000   1.78915e-09
       935.000   2.81734e-09
       945.000   4.43247e-09
       955.000   7.32332e-09
       965.000   1.14812e-08
       975.000   1.72984e-08
       985.000   2.64784e-08
       995.000   3.97079e-08
       1005.00   6.17823e-08
       1015.00   9.15328e-08
       1025.00   1.21572e-07
       1035.00   1.98011e-07
       1045.00   2.88058e-07
       1055.00   4.14563e-07
       1065.00   5.82189e-07
       1075.00   8.31423e-07
       1085.00   1.18943e-06
       1095.00   1.62751e-06
       1105.00   2.22883e-05
       1115.00   5.12418e-05
       1125.00   8.33369e-05
       1135.00   0.000117871
       1145.00   0.000167701
       1155.00   0.000192612
       1165.00   0.000276511
       1175.00   0.000341169
       1185.00   0.000348795
       1195.00   0.000191934
       1205.00   0.000165984
       1215.00   4.45321e-05
       1225.00   0.000234163
       1235.00   0.000735936
       1245.00    0.00132242
       1255.00    0.00172571
       1265.00    0.00171572
       1275.00    0.00247573
       1285.00    0.00245879
       1295.00    0.00337480
       1305.00    0.00295385
       1315.00    0.00419426
       1325.00    0.00415265
       1335.00    0.00476011
       1345.00    0.00580832
       1355.00    0.00671293
       1365.00    0.00723081
       1375.00    0.00762637
       1385.00    0.00930757
       1395.00     0.0106298
       1405.00     0.0134310
       1415.00     0.0159931
       1425.00     0.0177812
       1435.00     0.0232783
       1442.00     0.0331153
       1447.00     0.0278615
       1455.00     0.0322255
       1465.00     0.0489979
       1475.00     0.0583236
       1485.00     0.0593687
       1495.00     0.0843597
       1505.00      0.113209
       1512.00     0.0672716
       1517.00     0.0958406
       1525.00      0.583816
       1535.00       1.21303
       1545.00      0.973239
       1555.00       1.89703
       1565.00       1.71151
       1575.00       4.04701
       1585.00       5.43436
       1595.00       6.58872
       1605.00       6.70635
       1615.00       7.39125
       1625.00       9.20417
       1635.00       10.1284
       1645.00       16.6785
       1655.00       7.21641
       1665.00       19.4302
       1672.00       10.5394
       1677.00       68.5524
       1685.00       86.5164
       1695.00       116.039
       1705.00       110.446
       1715.00       107.060
       1725.00       142.659
       1735.00       181.493
       1745.00       254.282
       1755.00       377.045
       1765.00       391.469
       1775.00       382.885
       1785.00       502.662
       1795.00       677.373
       1805.00       696.137
       1815.00       695.817
       1825.00       885.512
       1835.00       1033.19
       1845.00       786.956
       1855.00       1168.50
       1865.00       1374.03
       1875.00       1545.23
       1885.00       1732.02
       1895.00       2263.83
       1905.00       2193.62
       1915.00       2459.74
       1925.00       2622.44
       1935.00       1902.76
       1945.00       3682.53
       1955.00       3771.72
       1967.00       5068.66
       1976.00       4916.26
       1984.00       6039.64
       1995.00       6134.80
       2005.00       6340.65
       2015.00       6564.86
       2025.00       5739.49
       2035.00       7911.09
       2045.00       9285.78
       2055.00       9035.05
       2065.00       8894.75
       2074.00       11178.0
       2078.00       21375.8
       2085.00       28319.6
       2095.00       26510.9
       2105.00       28644.4
       2115.00       30972.4
       2125.00       25161.9
       2135.00       24275.5
       2145.00       35084.6
       2155.00       37690.7
       2165.00       30824.2
       2175.00       33977.7
       2185.00       45355.4
       2195.00       50088.9
       2205.00       44726.2
       2215.00       30654.6
       2225.00       38111.2
       2235.00       64692.1
       2245.00       57735.9
       2255.00       36203.7
       2265.00       30152.5
       2275.00       48287.7
       2285.00       65086.2
       2295.00       60953.2
       2305.00       74934.5
       2315.00       53958.3
       2325.00       37861.7
       2335.00       24655.1
       2345.00       17185.4
       2355.00       36958.3
       2365.00       18950.3
       2375.00       27394.8
       2385.00       13677.1
       2395.00       19805.8
       2405.00       19416.8
       2415.00       31158.5
       2425.00       77939.0
       2435.00       91990.2
       2445.00       113063.
       2455.00       123145.
       2465.00       98785.8
       2475.00       85184.7
       2485.00       44243.9
       2495.00       70843.2
       2505.00       118446.
       2513.00       48111.6
       2518.00       36196.4
       2525.00       40312.4
       2535.00       80174.1
       2545.00       96215.1
       2555.00       190765.
       2565.00       95041.2
       2575.00       128917.
       2585.00       79008.1
       2595.00       63597.5
       2605.00       48578.4
       2615.00       45713.6
       2625.00       64721.8
       2635.00       161013.
       2645.00       385253.
       2655.00       591789.
       2665.00       331000.
       2675.00       396062.
       2685.00       485737.
       2695.00       369213.
       2705.00       494866.
       2715.00       251197.
       2725.00       195498.
       2735.00       232407.
       2745.00       91504.9
       2755.00       132406.
       2765.00       192371.
       2775.00       200786.
       2785.00       123332.
       2795.00       36512.2
       2805.00       49399.0
       2815.00       176080.
       2825.00       305543.
       2835.00       373570.
       2845.00       346373.
       2855.00       206612.
       2865.00       560995.
       2875.00       762793.
       2885.00       675725.
       2895.00       786317.
       2910.00   1.05935e+06
       2930.00       910132.
       2950.00       814630.
       2970.00   1.00242e+06
       2990.00   1.01274e+06
       3010.00   1.11076e+06
       3030.00   1.16984e+06
       3050.00   1.25211e+06
       3070.00   1.17489e+06
       3090.00   1.34202e+06
       3110.00   1.39835e+06
       3130.00   1.32570e+06
       3150.00   1.33091e+06
       3170.00   1.40714e+06
       3190.00   1.23040e+06
       3210.00   1.45729e+06
       3230.00   1.08557e+06
       3250.00   1.61478e+06
       3270.00   1.91883e+06
       3290.00   1.82311e+06
       3310.00   1.84567e+06
       3330.00   1.83444e+06
       3350.00   1.76040e+06
       3370.00   1.50086e+06
       3390.00   1.69832e+06
       3410.00   1.86828e+06
       3430.00   1.95850e+06
       3450.00   2.14292e+06
       3470.00   2.11107e+06
       3490.00   2.21106e+06
       3510.00   2.36785e+06
       3530.00   2.21218e+06
       3550.00   2.52569e+06
       3570.00   1.95278e+06
       3590.00   1.96958e+06
       3610.00   2.25904e+06
       3630.00   2.37842e+06
       3640.00   2.39380e+06
       3650.00   2.59909e+06
       3670.00   2.65926e+06
       3690.00   2.99036e+06
       3710.00   3.52751e+06
       3730.00   3.02757e+06
       3750.00   3.24933e+06
       3770.00   3.46967e+06
       3790.00   3.59392e+06
       3810.00   3.66061e+06
       3830.00   2.65580e+06
       3850.00   2.87151e+06
       3870.00   2.81223e+06
       3890.00   3.39807e+06
       3910.00   3.43757e+06
       3930.00   1.19920e+06
       3950.00   2.30095e+06
       3970.00   1.42779e+06
       3990.00   4.05740e+06
       4010.00   4.86139e+06
       4030.00   5.08859e+06
       4050.00   4.96588e+06
       4070.00   4.86239e+06
       4090.00   5.63538e+06
       4110.00   5.58959e+06
       4130.00   5.44879e+06
       4150.00   5.68514e+06
       4170.00   5.45806e+06
       4190.00   5.43226e+06
       4210.00   5.49895e+06
       4230.00   5.42160e+06
       4250.00   5.55152e+06
       4270.00   5.34591e+06
       4290.00   4.89620e+06
       4310.00   4.04736e+06
       4330.00   5.80762e+06
       4350.00   5.60621e+06
       4370.00   6.13855e+06
       4390.00   5.68474e+06
       4410.00   5.97559e+06
       4430.00   6.15595e+06
       4450.00   6.18901e+06
       4470.00   6.54874e+06
       4490.00   6.61816e+06
       4510.00   7.35454e+06
       4530.00   6.61122e+06
       4550.00   6.70827e+06
       4570.00   7.24062e+06
       4590.00   6.77067e+06
       4610.00   7.11711e+06
       4630.00   6.93397e+06
       4650.00   7.10635e+06
       4670.00   7.23597e+06
       4690.00   7.09732e+06
       4710.00   6.87652e+06
       4730.00   7.24098e+06
       4750.00   7.46682e+06
       4770.00   7.47470e+06
       4790.00   7.46890e+06
       4810.00   7.30580e+06
       4830.00   7.49136e+06
       4850.00   7.04180e+06
       4870.00   6.36332e+06
       4890.00   7.24091e+06
       4910.00   7.18829e+06
       4930.00   7.03755e+06
       4950.00   7.45804e+06
       4970.00   7.39692e+06
       4990.00   6.81925e+06
       5010.00   6.53857e+06
       5030.00   6.93308e+06
       5050.00   7.07135e+06
       5070.00   7.32550e+06
       5090.00   7.02695e+06
       5110.00   7.12383e+06
       5130.00   6.82418e+06
       5150.00   6.71119e+06
       5170.00   6.64612e+06
       5190.00   6.66423e+06
       5210.00   6.83453e+06
       5230.00   6.89722e+06
       5250.00   6.98692e+06
       5270.00   6.36292e+06
       5290.00   7.00672e+06
       5310.00   7.13696e+06
       5330.00   6.67625e+06
       5350.00   7.13290e+06
       5370.00   7.18687e+06
       5390.00   7.02613e+06
       5410.00   6.83127e+06
       5430.00   6.96018e+06
       5450.00   7.26445e+06
       5470.00   7.01967e+06
       5490.00   7.02724e+06
       5510.00   6.95584e+06
       5530.00   7.04507e+06
       5550.00   7.10287e+06
       5570.00   7.01067e+06
       5590.00   6.86318e+06
       5610.00   7.09348e+06
       5630.00   7.03022e+06
       5650.00   7.01405e+06
       5670.00   6.82110e+06
       5690.00   6.99083e+06
       5710.00   6.82166e+06
       5730.00   7.28507e+06
       5750.00   7.02026e+06
       5770.00   7.10532e+06
       5790.00   6.88820e+06
       5810.00   7.03315e+06
       5830.00   7.15744e+06
       5850.00   7.00566e+06
       5870.00   7.03585e+06
       5890.00   6.74631e+06
       5910.00   6.93975e+06
       5930.00   6.92730e+06
       5950.00   6.92880e+06
       5970.00   6.98096e+06
       5990.00   6.86786e+06
       6010.00   6.75036e+06
       6030.00   6.80937e+06
       6050.00   6.90718e+06
       6070.00   6.89323e+06
       6090.00   6.66072e+06
       6110.00   6.59105e+06
       6130.00   6.39452e+06
       6150.00   6.44712e+06
       6170.00   6.32425e+06
       6190.00   6.60643e+06
       6210.00   6.62237e+06
       6230.00   6.39045e+06
       6250.00   6.13474e+06
       6270.00   6.49747e+06
       6290.00   6.51240e+06
       6310.00   6.28356e+06
       6330.00   6.37009e+06
       6350.00   6.38048e+06
       6370.00   6.32237e+06
       6390.00   6.36986e+06
       6410.00   6.22335e+06
       6430.00   6.26990e+06
       6450.00   6.22917e+06
       6470.00   6.21817e+06
       6490.00   6.09234e+06
       6510.00   6.22004e+06
       6530.00   6.23606e+06
       6550.00   6.09346e+06
       6561.25   5.45543e+06
       6590.00   6.09535e+06
       6610.00   6.12198e+06
       6630.00   6.11467e+06
       6650.00   6.08596e+06
       6670.00   6.01353e+06
       6690.00   6.10708e+06
       6710.00   5.95593e+06
       6730.00   6.03795e+06
       6750.00   5.93682e+06
       6770.00   5.96500e+06
       6790.00   5.89486e+06
       6810.00   5.88977e+06
       6830.00   5.89159e+06
       6850.00   5.75880e+06
       6870.00   5.83316e+06
       6890.00   5.84577e+06
       6910.00   5.78184e+06
       6930.00   5.76373e+06
       6950.00   5.71992e+06
       6970.00   5.71863e+06
       6990.00   5.70006e+06
       7010.00   5.49946e+06
       7030.00   5.59414e+06
       7050.00   5.61755e+06
       7070.00   5.55061e+06
       7090.00   5.53088e+06
       7110.00   5.49012e+06
       7130.00   5.44358e+06
       7150.00   5.42784e+06
       7170.00   5.40756e+06
       7190.00   5.23921e+06
       7210.00   5.34143e+06
       7230.00   5.31638e+06
       7250.00   5.35647e+06
       7270.00   5.33125e+06
       7290.00   5.17153e+06
       7310.00   5.22385e+06
       7330.00   5.23963e+06
       7350.00   5.22475e+06
       7370.00   5.24796e+06
       7390.00   5.10874e+06
       7410.00   5.01732e+06
       7430.00   5.06364e+06
       7450.00   5.08448e+06
       7470.00   5.10198e+06
       7490.00   5.05167e+06
       7510.00   5.05573e+06
       7530.00   5.05216e+06
       7550.00   5.07817e+06
       7570.00   5.01252e+06
       7590.00   5.00000e+06
       7610.00   4.97330e+06
       7630.00   4.97858e+06
       7650.00   4.95117e+06
       7670.00   4.82458e+06
       7690.00   4.91343e+06
       7710.00   4.82035e+06
       7730.00   4.83383e+06
       7750.00   4.78314e+06
       7770.00   4.79655e+06
       7790.00   4.83167e+06
       7810.00   4.79930e+06
       7830.00   4.74525e+06
       7850.00   4.69842e+06
       7870.00   4.74337e+06
       7890.00   4.69829e+06
       7910.00   4.62103e+06
       7930.00   4.56750e+06
       7950.00   4.54979e+06
       7970.00   4.62496e+06
       7990.00   4.61293e+06
       8010.00   4.55305e+06
       8030.00   4.52830e+06
       8050.00   4.50350e+06
       8070.00   4.50747e+06
       8090.00   4.42575e+06
       8110.00   4.47056e+06
       8130.00   4.47441e+06
       8150.00   4.43705e+06
       8170.00   4.42438e+06
       8190.00   4.29878e+06
       8210.00   4.29156e+06
       8230.00   4.28997e+06
       8250.00   4.29006e+06
       8270.00   4.33252e+06
       8290.00   4.29558e+06
       8310.00   4.19571e+06
       8330.00   4.15366e+06
       8350.00   4.19484e+06
       8370.00   4.17519e+06
       8390.00   4.11940e+06
       8410.00   4.16668e+06
       8430.00   4.10934e+06
       8450.00   4.11202e+06
       8470.00   4.06511e+06
       8490.00   4.12480e+06
       8510.00   3.85064e+06
       8530.00   4.13130e+06
       8550.00   3.74878e+06
       8570.00   4.13401e+06
       8590.00   4.01073e+06
       8610.00   3.96615e+06
       8630.00   4.05376e+06
       8650.00   4.04944e+06
       8670.00   3.61525e+06
       8690.00   3.89247e+06
       8710.00   3.95352e+06
       8730.00   3.94566e+06
       8750.00   3.80123e+06
       8770.00   3.94198e+06
       8790.00   3.89822e+06
       8810.00   3.83098e+06
       8830.00   3.84404e+06
       8850.00   3.83592e+06
       8870.00   3.68878e+06
       8890.00   3.82903e+06
       8910.00   3.83696e+06
       8930.00   3.75210e+06
       8950.00   3.75477e+06
       8970.00   3.75504e+06
       8990.00   3.74693e+06
       9010.00   3.55601e+06
       9030.00   3.69006e+06
       9050.00   3.75293e+06
       9070.00   3.64472e+06
       9090.00   3.53992e+06
       9110.00   3.58895e+06
       9130.00   3.65857e+06
       9150.00   3.64115e+06
       9170.00   3.62117e+06
       9190.00   3.63865e+06
       9210.00   3.53822e+06
       9230.00   3.43079e+06
       9250.00   3.48201e+06
       9270.00   3.51558e+06
       9290.00   3.53634e+06
       9310.00   3.53646e+06
       9330.00   3.50535e+06
       9350.00   3.49213e+06
       9370.00   3.46639e+06
       9390.00   3.46663e+06
       9410.00   3.32053e+06
       9430.00   3.41860e+06
       9450.00   3.36905e+06
       9470.00   3.41692e+06
       9490.00   3.42098e+06
       9510.00   3.38395e+06
       9530.00   3.36549e+06
       9550.00   3.23128e+06
       9570.00   3.30882e+06
       9590.00   3.33997e+06
       9610.00   3.28701e+06
       9630.00   3.24400e+06
       9650.00   3.23950e+06
       9670.00   3.21141e+06
       9690.00   3.23440e+06
       9710.00   3.23547e+06
       9730.00   3.22485e+06
       9750.00   3.17086e+06
       9770.00   3.18500e+06
       9790.00   3.15581e+06
       9810.00   3.17783e+06
       9830.00   3.16449e+06
       9850.00   3.14155e+06
       9870.00   3.11743e+06
       9890.00   3.10183e+06
       9910.00   3.08997e+06
       9930.00   3.10023e+06
       9950.00   3.08999e+06
       9970.00   3.08295e+06
       9990.00   3.06714e+06
       10025.0   3.02972e+06
       10075.0   2.96706e+06
       10125.0   2.96436e+06
       10175.0   2.92049e+06
       10225.0   2.90756e+06
       10275.0   2.90107e+06
       10325.0   2.83703e+06
       10375.0   2.81265e+06
       10425.0   2.80116e+06
       10475.0   2.74128e+06
       10525.0   2.73322e+06
       10575.0   2.70929e+06
       10625.0   2.67377e+06
       10675.0   2.60280e+06
       10725.0   2.60420e+06
       10775.0   2.57337e+06
       10825.0   2.53181e+06
       10875.0   2.51613e+06
       10925.0   2.47595e+06
       10975.0   2.46614e+06
       11025.0   2.47767e+06
       11075.0   2.45946e+06
       11125.0   2.42313e+06
       11175.0   2.39181e+06
       11225.0   2.38583e+06
       11275.0   2.32417e+06
       11325.0   2.30625e+06
       11375.0   2.29621e+06
       11425.0   2.25281e+06
       11475.0   2.27762e+06
       11525.0   2.25538e+06
       11575.0   2.21904e+06
       11625.0   2.17080e+06
       11675.0   2.15297e+06
       11725.0   2.17356e+06
       11775.0   2.11253e+06
       11825.0   2.10376e+06
       11875.0   2.06404e+06
       11925.0   2.09980e+06
       11975.0   2.02966e+06
       12025.0   2.04460e+06
       12075.0   2.01507e+06
       12125.0   2.00502e+06
       12175.0   2.00249e+06
       12225.0   1.98082e+06
       12275.0   1.95866e+06
       12325.0   1.94209e+06
       12375.0   1.92522e+06
       12425.0   1.90856e+06
       12475.0   1.89581e+06
       12525.0   1.86848e+06
       12575.0   1.84786e+06
       12625.0   1.83732e+06
       12675.0   1.81720e+06
       12725.0   1.81346e+06
       12775.0   1.80181e+06
       12825.0   1.70875e+06
       12875.0   1.75848e+06
       12925.0   1.73786e+06
       12975.0   1.73333e+06
       13025.0   1.70870e+06
       13075.0   1.70445e+06
       13125.0   1.67780e+06
       13175.0   1.65882e+06
       13225.0   1.65744e+06
       13275.0   1.62806e+06
       13325.0   1.62527e+06
       13375.0   1.60796e+06
       13425.0   1.60374e+06
       13475.0   1.58873e+06
       13525.0   1.57323e+06
       13575.0   1.54437e+06
       13625.0   1.53894e+06
       13675.0   1.52640e+06
       13725.0   1.50368e+06
       13775.0   1.49981e+06
       13825.0   1.49077e+06
       13875.0   1.48224e+06
       13925.0   1.46837e+06
       13975.0   1.45908e+06
       14025.0   1.43624e+06
       14075.0   1.43593e+06
       14125.0   1.41347e+06
       14175.0   1.41358e+06
       14225.0   1.38449e+06
       14275.0   1.36726e+06
       14325.0   1.37229e+06
       14375.0   1.37100e+06
       14425.0   1.31299e+06
       14475.0   1.34216e+06
       14525.0   1.30719e+06
       14570.0   1.31716e+06
       14620.0   1.30161e+06
       14675.0   1.29719e+06
       14725.0   1.27100e+06
       14775.0   1.26031e+06
       14825.0   1.25366e+06
       14875.0   1.23385e+06
       14925.0   1.24287e+06
       14975.0   1.22070e+06
       15025.0   1.20340e+06
       15075.0   1.18469e+06
       15125.0   1.19189e+06
       15175.0   1.18779e+06
       15225.0   1.18029e+06
       15275.0   1.16318e+06
       15325.0   1.15312e+06
       15375.0   1.16130e+06
       15425.0   1.12729e+06
       15475.0   1.14236e+06
       15525.0   1.13129e+06
       15575.0   1.08774e+06
       15625.0   1.13064e+06
       15675.0   1.09275e+06
       15725.0   1.07035e+06
       15775.0   1.07392e+06
       15825.0   1.07764e+06
       15875.0   1.00594e+06
       15925.0   1.05304e+06
       15975.0   1.06028e+06
       16050.0   1.04034e+06
       16150.0   1.00250e+06
       16250.0   1.01269e+06
       16350.0       987689.
       16450.0       947511.
       16550.0       956163.
       16650.0       940703.
       16750.0       915432.
       16850.0       875514.
       16950.0       889826.
       17050.0       859708.
       17150.0       851722.
       17250.0       824733.
       17350.0       786206.
       17450.0       791932.
       17550.0       780450.
       17650.0       765100.
       17750.0       750490.
       17850.0       738013.
       17950.0       726726.
       18050.0       709030.
       18150.0       680527.
       18250.0       680035.
       18350.0       670931.
       18450.0       654426.
       18550.0       644740.
       18650.0       628735.
       18750.0       598611.
       18850.0       607852.
       18950.0       584940.
       19050.0       589529.
       19150.0       576813.
       19250.0       566871.
       19350.0       552706.
       19450.0       529351.
       19550.0       536024.
       19650.0       525665.
       19750.0       515207.
       19850.0       508098.
       19950.0       499364.
       20050.0       492736.
       20150.0       486076.
       20250.0       473340.
       20350.0       462859.
       20450.0       460983.
       20550.0       451842.
       20650.0       441999.
       20750.0       435133.
       20850.0       428092.
       20950.0       419139.
       21050.0       414350.
       21150.0       406256.
       21250.0       399396.
       21350.0       393928.
       21450.0       388142.
       21550.0       381839.
       21650.0       364713.
       21750.0       367300.
       21850.0       361609.
       21950.0       357540.
       22050.0       349198.
       22150.0       344739.
       22250.0       339380.
       22350.0       334012.
       22450.0       328875.
       22550.0       321912.
       22650.0       317460.
       22750.0       313547.
       22850.0       307923.
       22950.0       297535.
       23050.0       297221.
       23150.0       292219.
       23250.0       279571.
       23350.0       279966.
       23450.0       278049.
       23550.0       264756.
       23650.0       266907.
       23750.0       264176.
       23850.0       252528.
       23950.0       254128.
       24050.0       251361.
       24150.0       242540.
       24250.0       243068.
       24350.0       239010.
       24450.0       233505.
       24550.0       230825.
       24650.0       230283.
       24750.0       225185.
       24850.0       221345.
       24950.0       217426.
       25050.0       219019.
       25150.0       212748.
       25250.0       209388.
       25350.0       209158.
       25450.0       205279.
       25550.0       202255.
       25650.0       196788.
       25750.0       198211.
       25850.0       192711.
       25950.0       192269.
       26050.0       189997.
       26150.0       184321.
       26250.0       180103.
       26350.0       182087.
       26450.0       179221.
       26550.0       176847.
       26650.0       173263.
       26750.0       170275.
       26850.0       170885.
       26950.0       168348.
       27050.0       166230.
       27150.0       164037.
       27250.0       161922.
       27350.0       159844.
       27450.0       158101.
       27550.0       153248.
       27650.0       153028.
       27750.0       151428.
       27850.0       149624.
       27950.0       148059.
       28050.0       146033.
       28150.0       144151.
       28250.0       142235.
       28350.0       140676.
       28450.0       138390.
       28550.0       136868.
       28650.0       134959.
       28750.0       130891.
       28850.0       131533.
       28950.0       130024.
       29050.0       128438.
       29150.0       126614.
       29250.0       124851.
       29350.0       123652.
       29450.0       121737.
       29550.0       120496.
       29650.0       119119.
       29750.0       117574.
       29850.0       116154.
       29950.0       114527.
       30050.0       113115.
       30150.0       111860.
       30250.0       110430.
       30350.0       107274.
       30450.0       107493.
       30550.0       106346.
       30650.0       104972.
       30750.0       103987.
       30850.0       102360.
       30950.0       101252.
       31050.0       100210.
       31150.0       98352.2
       31250.0       97689.0
       31350.0       96626.0
       31450.0       95490.7
       31550.0       94224.0
       31650.0       93253.5
       31750.0       92177.4
       31850.0       91139.0
       31950.0       90181.8
       32100.0       88463.5
       32300.0       86522.8
       32500.0       84451.8
       32700.0       82481.2
       32900.0       79758.6
       33100.0       78715.2
       33300.0       76896.0
       33500.0       75339.4
       33700.0       73459.3
       33900.0       71749.3
       34100.0       70071.0
       34300.0       68775.9
       34500.0       67433.2
       34700.0       65907.3
       34900.0       64516.9
       35100.0       63184.4
       35300.0       61714.6
       35500.0       60474.2
       35700.0       59074.3
       35900.0       57956.1
       36100.0       56743.3
       36300.0       55705.2
       36500.0       54228.3
       36700.0       53247.2
       36900.0       51711.5
       37100.0       50794.2
       37300.0       49833.9
       37500.0       48253.6
       37700.0       47976.3
       37900.0       46993.9
       38100.0       46016.5
       38300.0       45295.8
       38500.0       44496.0
       38700.0       43504.0
       38900.0       42657.0
       39100.0       41736.3
       39300.0       41134.5
       39500.0       40209.5
       39700.0       39513.8
       39900.0       38515.2
       40100.0       37864.9
       40300.0       37188.5
       40500.0       36275.4
       40700.0       35901.6
       40900.0       35233.8
       41100.0       34671.0
       41300.0       34059.9
       41500.0       33351.8
       41700.0       32595.0
       41900.0       32149.4
       42100.0       31470.5
       42300.0       31097.9
       42500.0       30447.1
       42700.0       29968.3
       42900.0       28717.3
       43100.0       27840.9
       43300.0       27737.0
       43500.0       26425.4
       43700.0       25961.1
       43900.0       25799.4
       44100.0       24508.3
       44300.0       24519.8
       44500.0       24145.8
       44700.0       22996.9
       44900.0       23158.7
       45100.0       22735.2
       45300.0       21791.4
       45500.0       21765.8
       45700.0       21550.5
       45900.0       20667.5
       46100.0       20697.7
       46300.0       20308.4
       46500.0       19986.0
       46700.0       19682.2
       46900.0       19442.7
       47100.0       19104.8
       47300.0       19007.5
       47500.0       18620.7
       47700.0       18296.0
       47900.0       18094.3
       48100.0       17680.3
       48300.0       17652.1
       48500.0       17329.0
       48700.0       17012.3
       48900.0       16791.5
       49100.0       16500.2
       49300.0       16296.9
       49500.0       16028.6
       49700.0       15813.0
       49900.0       15548.8
       50100.0       15423.4
       50300.0       15195.2
       50500.0       14865.4
       50700.0       14682.4
       50900.0       14516.9
       51100.0       14239.3
       51300.0       14032.3
       51500.0       13863.4
       51700.0       13780.2
       51900.0       13479.8
       52100.0       13268.9
       52300.0       13079.6
       52500.0       12960.8
       52700.0       12832.2
       52900.0       12543.6
       53100.0       12405.2
       53300.0       12238.3
       53500.0       12078.7
       53700.0       11929.7
       53900.0       11773.6
       54100.0       11605.5
       54300.0       11382.4
       54500.0       11297.2
       54700.0       11127.1
       54900.0       10968.0
       55100.0       10837.2
       55300.0       10759.7
       55500.0       10516.0
       55700.0       10470.9
       55900.0       10269.0
       56100.0       10149.7
       56300.0       9995.74
       56500.0       9923.45
       56700.0       9785.37
       56900.0       9608.37
       57100.0       9536.55
       57300.0       9412.95
       57500.0       9289.48
       57700.0       9155.14
       57900.0       9061.66
       58100.0       8925.28
       58300.0       8821.14
       58500.0       8722.95
       58700.0       8583.36
       58900.0       8471.96
       59100.0       8364.88
       59300.0       8281.67
       59500.0       8151.91
       59700.0       8086.18
       59900.0       7983.13
       60100.0       7887.43
       60300.0       7788.99
       60500.0       7681.79
       60700.0       7584.01
       60900.0       7493.04
       61100.0       7385.34
       61300.0       7313.46
       61500.0       7227.93
       61700.0       7144.13
       61900.0       7062.74
       62100.0       6980.49
       62300.0       6875.47
       62500.0       6795.28
       62700.0       6715.58
       62900.0       6638.66
       63100.0       6547.35
       63300.0       6490.43
       63500.0       6403.93
       63700.0       6338.06
       63900.0       6253.33
       64200.0       6145.30
       64600.0       5995.95
       65000.0       5854.70
       65400.0       5722.27
       65800.0       5593.04
       66200.0       5459.55
       66600.0       5336.92
       67000.0       5213.97
       67400.0       5091.64
       67800.0       4978.80
       68200.0       4865.65
       68600.0       4756.96
       69000.0       4649.27
       69400.0       4544.52
       69800.0       4446.50
       70200.0       4344.29
       70600.0       4252.04
       71000.0       4159.95
       71400.0       4069.73
       71800.0       3980.88
       72200.0       3893.68
       72600.0       3810.36
       73000.0       3732.03
       73400.0       3650.63
       73800.0       3575.95
       74200.0       3497.61
       74600.0       3422.77
       75000.0       3349.52
       75400.0       3284.12
       75800.0       3219.78
       76200.0       3153.30
       76600.0       3089.90
       77000.0       3025.66
       77400.0       2966.17
       77800.0       2906.99
       78200.0       2848.93
       78600.0       2792.69
       79000.0       2737.44
       79400.0       2683.27
       79800.0       2631.30
       80200.0       2578.47
       80600.0       2528.47
       81000.0       2481.16
       81400.0       2431.71
       81800.0       2385.86
       82200.0       2341.73
       82600.0       2296.85
       83000.0       2253.93
       83400.0       2210.05
       83800.0       2169.26
       84200.0       2129.88
       84600.0       2090.68
       85000.0       2052.33
       85400.0       2014.56
       85800.0       1978.06
       86200.0       1941.75
       86600.0       1907.17
       87000.0       1873.05
       87400.0       1839.32
       87800.0       1806.53
       88200.0       1773.52
       88600.0       1742.66
       89000.0       1711.53
       89400.0       1682.06
       89800.0       1651.69
       90200.0       1623.79
       90600.0       1596.63
       91000.0       1567.61
       91400.0       1541.20
       91800.0       1515.55
       92200.0       1490.15
       92600.0       1464.83
       93000.0       1440.28
       93400.0       1415.79
       93800.0       1392.27
       94200.0       1369.09
       94600.0       1346.21
       95000.0       1323.96
       95400.0       1301.91
       95800.0       1281.09
       96200.0       1259.71
       96600.0       1239.69
       97000.0       1219.68
       97400.0       1198.84
       97800.0       1180.27
       98200.0       1161.57
       98600.0       1143.29
       99000.0       1125.35
       99400.0       1107.16
       99800.0       1089.79
       100200.       1072.74
       200000.       69.3730
       400000.       4.35029
       600000.      0.854624
       800000.      0.268744
   1.00000e+06      0.109444
   1.20000e+06     0.0525042
   1.40000e+06     0.0282048
   1.60000e+06     0.0164628
