 Absolute color table: /Users/sternre1/idl/libs/idlusr/act_suncolors.txt

 desc = Solar Zenith Angle in Degrees 
 
 step_flag =        0
 step =       5.00000
 step_offset =      0.500000
 log = 0
 rgb = 1
 abs_flag = 1
 barmin =         0.0
 barmax =       180.0
 units = Deg

 Color table: Z=Independent Variable, H=Hue, S=Stauration, V=Value.
 
                 Z                 H                 S                 V
                 F                 F                 F                 F
  ----------------  ----------------  ----------------  ----------------
         0.0000000         0.0000000         0.0000000         1.0000000
         1.0000000         0.0000000         0.0000000         1.0000000
         2.0000000         58.860760        0.61960787         1.0000000
         3.0000000         58.461540        0.61176473         1.0000000
         4.0000000         58.451614        0.60784316         1.0000000
         5.0000000         57.662338        0.60392159         1.0000000
         6.0000000         57.254902        0.60000002         1.0000000
         7.0000000         56.842106        0.59607846         1.0000000
         8.0000000         56.423843        0.59215689         1.0000000
         9.0000000         56.400002        0.58823532         1.0000000
         10.000000         55.570473        0.58431375         1.0000000
         11.000000         54.729733        0.58039218         1.0000000
         12.000000         54.693878        0.57647061         1.0000000
         13.000000         54.206898        0.56862748         1.0000000
         14.000000         53.793102        0.56862748         1.0000000
         15.000000         53.706291        0.56078434         1.0000000
         16.000000         52.447552        0.56078434         1.0000000
         17.000000         52.394367        0.55686277         1.0000000
         18.000000         51.914894        0.55294120         1.0000000
         19.000000         51.428574        0.54901963         1.0000000
         20.000000         50.869568        0.54117650         1.0000000
         21.000000         50.434780        0.54117650         1.0000000
         22.000000         49.927006        0.53725493         1.0000000
         23.000000         49.411766        0.53333336         1.0000000
         24.000000         48.888889        0.52941179         1.0000000
         25.000000         48.270679        0.52156866         1.0000000
         26.000000         47.368420        0.52156866         1.0000000
         27.000000         47.272724        0.51764709         1.0000000
         28.000000         47.076923        0.51181102        0.99607843
         29.000000         46.046513        0.50787401        0.99607843
         30.000000         45.468750        0.50592887        0.99215686
         31.000000         44.881889        0.50197631        0.99215686
         32.000000         44.761906        0.50000000        0.98823529
         33.000000         44.160000        0.49800798        0.98431373
         34.000000         43.548389        0.49402392        0.98431373
         35.000000         42.786884        0.48800001        0.98039216
         36.000000         41.803280        0.48800001        0.98039216
         37.000000         41.652893        0.48594376        0.97647059
         38.000000         40.336132        0.47983870        0.97254902
         39.000000         39.661018        0.47580644        0.97254902
         40.000000         38.974358        0.47368422        0.96862745
         41.000000         38.793102        0.47154471        0.96470588
         42.000000         37.758621        0.47154471        0.96470588
         43.000000         37.368423        0.46530613        0.96078432
         44.000000         36.315788        0.46530613        0.96078432
         45.000000         35.892857        0.45901638        0.95686275
         46.000000         34.821426        0.46090534        0.95294118
         47.000000         34.594597        0.45679012        0.95294118
         48.000000         33.818180        0.45454547        0.94901961
         49.000000         32.727272        0.45454547        0.94901961
         50.000000         31.926605        0.45228216        0.94509804
         51.000000         31.376144        0.45416668        0.94117647
         52.000000         30.841120        0.44583333        0.94117647
         53.000000         29.719627        0.44769874        0.93725491
         54.000000         29.433960        0.44351465        0.93725491
         55.000000         28.301886        0.44537815        0.93333334
         56.000000         27.692307        0.43881857        0.92941177
         57.000000         26.538464        0.43881857        0.92941177
         58.000000         25.631067        0.43644068        0.92549020
         59.000000         25.294117        0.43404254        0.92156863
         60.000000         24.117647        0.43404254        0.92156863
         61.000000         24.117647        0.43589744        0.91764706
         62.000000         22.941177        0.43589744        0.91764706
         63.000000         22.574257        0.43347639        0.91372550
         64.000000         21.000002        0.43103448        0.90980393
         65.000000         20.399998        0.43103448        0.90980393
         66.000000         19.393942        0.42857143        0.90588236
         67.000000         18.787880        0.42857143        0.90588236
         68.000000         18.181818        0.43043479        0.90196079
         69.000000         16.530611        0.42794761        0.89803922
         70.000000         15.918367        0.42794761        0.89803922
         71.000000         15.306122        0.42982456        0.89411765
         72.000000         14.693878        0.42982456        0.89411765
         73.000000         14.081633        0.43171805        0.89019608
         74.000000         12.989692        0.42920354        0.88627452
         75.000000         11.752578        0.42920354        0.88627452
         76.000000         11.250000        0.42666668        0.88235295
         77.000000         10.624999        0.42857143        0.87843138
         78.000000         10.000001        0.42857143        0.87843138
         79.000000         8.2105274        0.42600897        0.87450981
         80.000000         7.5789461        0.42600897        0.87450981
         81.000000         6.3157902        0.42792794        0.87058824
         82.000000         6.3157902        0.42986426        0.86666667
         83.000000         5.0526309        0.42986426        0.86666667
         84.000000         4.4210529        0.43181819        0.86274511
         85.000000         4.3750010        0.43636364        0.86274511
         86.000000         3.1578934        0.43378997        0.85882354
         87.000000         2.5263155        0.43577981        0.85490197
         88.000000        0.63157797        0.43577981        0.85490197
         89.000000        0.63829780        0.43518519        0.84705883
         90.000000         0.0000000        0.62352943         1.0000000
         91.000000         279.25928        0.31764707         1.0000000
         92.000000         279.25928        0.31764707         1.0000000
         93.000000         279.25928        0.31764707         1.0000000
         94.000000         279.25928        0.31764707         1.0000000
         95.000000         279.25928        0.31764707         1.0000000
         96.000000         279.25928        0.31764707         1.0000000
         97.000000         258.70129        0.31174091        0.96862745
         98.000000         258.70129        0.31174091        0.96862745
         99.000000         258.70129        0.31174091        0.96862745
         100.00000         258.70129        0.31174091        0.96862745
         101.00000         258.70129        0.31174091        0.96862745
         102.00000         258.70129        0.31174091        0.96862745
         103.00000         240.00000        0.31018519        0.84705883
         104.00000         240.00000        0.31018519        0.84705883
         105.00000         240.00000        0.31018519        0.84705883
         106.00000         240.00000        0.31018519        0.84705883
         107.00000         240.00000        0.31018519        0.84705883
         108.00000         240.00000        0.31018519        0.84705883
         109.00000         240.00000        0.25000000        0.65882355
         110.00000         240.00000        0.25595239        0.65882355
         111.00000         240.00000        0.26190478        0.65882355
         112.00000         240.00000        0.26347306        0.65490198
         113.00000         240.00000        0.26946107        0.65490198
         114.00000         240.00000        0.27544910        0.65490198
         115.00000         240.00000        0.27710843        0.65098041
         116.00000         240.00000        0.28915662        0.65098041
         117.00000         240.00000        0.28915662        0.65098041
         118.00000         240.00000        0.29696971        0.64705884
         119.00000         240.00000        0.30303031        0.64705884
         120.00000         240.00000        0.30909091        0.64705884
         121.00000         240.00000        0.31097561        0.64313728
         122.00000         240.00000        0.31707317        0.64313728
         123.00000         240.00000        0.32317072        0.64313728
         124.00000         240.00000        0.32515338        0.63921571
         125.00000         240.00000        0.33742332        0.63921571
         126.00000         240.00000        0.34355828        0.63921571
         127.00000         240.00000        0.34567901        0.63529414
         128.00000         240.00000        0.35185185        0.63529414
         129.00000         240.00000        0.35802469        0.63529414
         130.00000         240.00000        0.36024845        0.63137257
         131.00000         240.00000        0.36645964        0.63137257
         132.00000         240.00000        0.37267080        0.63137257
         133.00000         240.00000        0.38124999        0.62745100
         134.00000         240.00000        0.38124999        0.62745100
         135.00000         240.00000        0.38749999        0.62745100
         136.00000         240.00000        0.39622641        0.62352943
         137.00000         240.00000        0.39622641        0.62352943
         138.00000         240.00000        0.40251571        0.62352943
         139.00000         240.00000        0.41139239        0.61960787
         140.00000         240.00000        0.41139239        0.61960787
         141.00000         240.00000        0.41772151        0.61960787
         142.00000         240.00000        0.42675158        0.61568630
         143.00000         240.00000        0.43312103        0.61568630
         144.00000         240.00000        0.43312103        0.61568630
         145.00000         240.00000        0.44230768        0.61176473
         146.00000         240.00000        0.44871795        0.61176473
         147.00000         240.00000        0.44871795        0.61176473
         148.00000         240.00000        0.45806453        0.60784316
         149.00000         240.00000        0.46451613        0.60784316
         150.00000         240.00000        0.47096774        0.60784316
         151.00000         240.00000        0.47402596        0.60392159
         152.00000         240.00000        0.48051947        0.60392159
         153.00000         240.00000        0.48701298        0.60392159
         154.00000         240.00000        0.49019608        0.60000002
         155.00000         240.00000        0.49019608        0.60000002
         156.00000         240.00000        0.50326800        0.60000002
         157.00000         240.00000        0.50657892        0.59607846
         158.00000         240.00000        0.51315790        0.59607846
         159.00000         240.00000        0.51315790        0.59607846
         160.00000         240.00000        0.51655626        0.59215689
         161.00000         240.00000        0.52980131        0.59215689
         162.00000         240.00000        0.52980131        0.59215689
         163.00000         240.00000        0.53333336        0.58823532
         164.00000         240.00000        0.54000002        0.58823532
         165.00000         240.00000        0.54666668        0.58823532
         166.00000         240.00000        0.55704701        0.58431375
         167.00000         240.00000        0.55704701        0.58431375
         168.00000         240.00000        0.56375837        0.58431375
         169.00000         240.00000        0.56756759        0.58039218
         170.00000         240.00000        0.57432431        0.58039218
         171.00000         240.00000        0.57432431        0.58039218
         172.00000         240.00000        0.58503401        0.57647061
         173.00000         240.00000        0.59183675        0.57647061
         174.00000         240.00000        0.59863943        0.57647061
         175.00000         240.00000        0.60273975        0.57254905
         176.00000         240.00000        0.60273975        0.57254905
         177.00000         240.00000        0.60958904        0.57254905
         178.00000         240.00000        0.61379308        0.56862748
         179.00000         240.00000        0.62068963        0.56862748
         180.00000         240.00000        0.62758619        0.56862748
 
